cenop/data/CentralBaltic/prey0000_06.asc
NCOLS 400 
NROWS 400 
XLLCORNER 4750000.0 
YLLCORNER 3200000.0 
CELLSIZE 1000.0 
NODATA_value -9999 
[rows 196 to 223 of 400, columns 126 to 188 of 400]
0.361066 0.360278 0.679961 0.399054 0.374768 0.576362 0.200243 0.713772 0.524182 0.258190 0.930365 0.634720 0.316743 0.219126 0.663387 0.620249 0.491881 0.428541 0.293707 0.567412 0.525155 0.598993 0.519499 0.627942 0.698235 0.709705 0.660037 0.527426 0.411612 0.454225 0.631448 0.434734 0.445686 0.631603 0.365406 0.680462 0.602640 0.795689 0.377717 0.541283 0.460565 0.211893 0.442817 0.522914 0.335655 0.377663 0.356617 0.352731 0.777505 0.665419 0.351824 0.502452 0.716563 0.532238 0.489418 0.422165 0.585001 0.798305 0.352837 0.407265 0.628122 0.788430 0.608347
0.644286 0.741010 0.549976 0.592296 0.731853 0.715449 0.444418 0.587014 0.565003 0.835793 0.241804 0.748784 0.796464 0.528949 0.590299 0.789211 0.372352 0.719036 0.674371 0.673555 0.671082 0.532094 0.295779 0.546681 0.784057 0.466858 0.557387 0.580582 0.666276 0.262254 0.654944 0.927210 0.511741 0.557880 0.373598 0.785954 0.481603 0.698942 0.550607 0.485004 0.385467 0.955696 0.567266 0.413106 0.399822 0.402679 0.516284 0.682828 0.551424 0.631494 0.354729 0.766554 0.759845 0.288693 0.315709 0.605305 0.623453 0.458838 0.451513 0.361996 0.585622 0.421137 0.756331
0.698688 0.333895 0.370422 0.554324 0.488303 0.564471 0.679039 0.762180 0.449238 0.595372 0.381912 0.639455 0.719027 0.311367 0.490577 0.673302 0.320121 0.414674 0.457127 0.495751 0.627416 0.437998 0.257935 0.500041 0.578467 0.754292 0.660933 0.508321 0.920853 0.387202 0.386656 0.408542 0.294138 0.444193 0.635785 0.574758 0.742930 0.484743 0.757515 0.774749 0.282356 0.654396 0.644106 0.594572 0.591223 0.276501 0.514018 0.622810 0.456962 0.506377 0.370536 0.425085 0.693363 0.819347 0.514337 0.495768 0.932761 0.915091 0.365117 0.573201 0.488061 0.403777 0.307041
0.518967 0.778958 0.840453 0.599914 0.752092 0.705607 0.765410 0.855576 0.405034 0.466650 0.673618 0.619545 0.685709 0.914814 0.685961 0.773625 0.639822 0.332718 0.776214 0.445758 0.731585 0.526090 0.354169 0.422394 0.306392 0.540888 0.290671 0.434570 0.384184 0.317911 0.627398 0.615961 0.550267 0.915606 0.700892 0.620296 0.813789 0.778956 0.747102 0.454757 0.488487 0.728407 0.640014 0.742147 0.532567 0.276360 0.416041 0.329290 0.452919 0.579658 0.411284 0.381487 0.650510 0.956316 0.614456 0.478935 0.587847 0.784255 0.434801 0.625650 0.203534 0.728725 0.254403
0.690782 0.640726 0.437847 0.746781 0.340120 0.396516 0.512024 0.694516 0.730238 0.901068 0.720477 0.758751 0.819908 0.467810 0.596349 0.619268 0.591067 0.504263 0.498075 0.215413 0.452534 0.756325 0.656979 0.797048 0.726398 0.381900 0.279210 0.669792 0.487566 0.577684 0.616701 0.602190 0.900509 0.840957 0.484242 0.567469 0.369347 0.362399 0.582222 0.608677 0.684883 0.321449 0.395773 0.618042 0.611567 0.488763 0.706254 0.573299 0.310231 0.853688 0.613064 0.683336 0.440907 0.622532 0.530094 0.511463 0.444569 0.892530 0.642349 0.633251 0.779416 0.763630 0.665964
0.615299 0.255960 0.654493 0.417271 0.493225 0.751560 0.495086 0.935213 0.139631 0.564423 0.325193 0.315167 0.658735 0.427818 0.671350 0.394361 0.847875 0.542542 0.795664 0.342354 0.489660 0.446595 0.526058 0.442048 0.489876 0.493935 0.748094 0.406213 0.463573 0.629761 0.557162 0.586259 0.719840 0.536892 0.495046 0.834055 0.660266 0.660011 0.623386 0.704043 0.686592 0.587016 0.466600 0.746814 0.538080 0.462317 0.431893 0.220991 0.359704 0.270541 0.496523 0.535866 0.468658 0.721514 0.634762 0.785297 0.391347 0.600771 0.644650 0.190130 0.446868 0.797663 0.418972
0.794640 0.695517 0.763228 0.566746 0.409773 0.815820 0.688982 0.507867 0.739206 0.292516 0.538581 0.332755 0.355202 0.744927 0.455484 0.387075 0.361432 0.770669 0.710923 0.399749 0.373619 0.816681 0.812336 0.567847 0.406061 0.312998 0.874887 0.710361 0.589152 0.350500 0.374509 0.722735 0.365905 0.704520 0.463174 0.218569 0.376077 0.651963 0.457483 0.640348 0.893216 0.647221 0.456540 0.605287 0.532865 0.781619 0.573102 0.626407 0.620369 0.744253 0.551283 0.385546 0.364583 0.325093 0.458871 0.425369 0.714222 0.508030 0.514054 0.411124 0.643865 0.863753 0.444525
0.487133 0.875716 0.700210 0.635354 0.749627 0.368752 0.400042 0.462131 0.198864 0.540406 0.475323 0.692392 0.563861 0.634570 0.582163 0.806328 0.283958 0.517363 0.373434 0.452192 0.312092 0.318532 0.595376 0.450569 0.561194 0.474456 0.568667 0.811926 0.297389 0.777839 0.787862 0.670159 0.668467 0.448088 0.782110 0.507432 0.382108 0.345061 0.634059 0.933076 0.495302 0.524366 0.815650 0.650469 0.332336 0.296090 0.796784 0.213177 0.456182 0.685799 0.474040 0.476603 0.691370 0.376059 0.591369 0.561606 0.745187 0.614832 0.478170 0.717133 0.379768 0.420592 0.754409
0.365339 0.688871 0.684919 0.342198 0.486693 0.334584 0.825896 0.726920 0.626818 0.296135 0.580016 0.861001 0.534009 0.666439 0.522069 0.754978 0.400930 0.402481 0.451717 0.639730 0.291030 0.259409 0.841075 0.440297 0.302250 0.234426 0.542839 0.471631 0.607413 0.602112 0.515526 0.666904 0.717669 0.380363 0.452047 0.810048 0.576755 0.454401 0.865703 0.513541 0.599720 0.752312 0.149057 0.440653 0.535220 0.566680 0.517060 0.784683 0.368893 0.327343 0.648014 0.488536 0.556760 0.680325 0.571048 0.777322 0.601006 0.688860 0.406668 0.707823 0.358689 0.638220 0.746945
0.506451 0.356832 0.245828 0.847583 0.362981 0.267270 0.627996 0.657715 0.517532 0.673790 0.225301 0.580790 0.327207 0.351784 0.913651 0.611270 0.799935 0.460200 0.509874 0.355912 0.692947 0.289802 0.933062 0.428299 0.299240 0.643912 0.396942 0.836303 0.129888 0.567808 0.535650 0.517166 0.361109 0.544244 0.332200 0.424351 0.357376 0.432020 0.506885 0.204713 0.620033 0.636052 0.465008 0.823068 0.380484 0.590400 0.410212 0.437979 0.413291 0.448378 0.468888 0.517814 0.804511 0.690863 0.501360 0.552100 0.707028 0.708320 0.681069 0.790736 0.491427 0.711558 0.352741
0.361930 0.599733 0.625019 0.169317 0.666299 0.711682 0.452579 0.838936 0.371740 0.658515 0.449972 0.995832 0.397463 0.830720 0.605792 0.246298 0.636916 0.846590 0.520965 0.498600 0.798390 0.786765 0.622646 0.382967 0.470433 0.621508 0.424328 0.675026 0.617223 0.632472 0.580500 0.775537 0.686267 0.470322 0.459339 0.510914 0.684489 0.477078 0.409456 0.822233 0.770693 0.498082 0.660442 0.535723 0.347229 0.337308 0.596501 0.318200 0.562740 0.922844 0.341124 0.484543 0.609227 0.891917 0.275149 0.562504 0.431762 0.272959 0.490283 0.342076 0.380475 0.427370 0.908304
0.629826 0.552921 0.453140 0.765032 0.531472 0.734546 0.561880 0.581726 0.539489 0.690540 0.624534 0.513596 0.506481 0.362782 0.761388 0.400486 0.301095 0.292431 0.393967 0.527700 0.618940 0.633331 0.774028 0.377174 0.477643 0.582601 0.658340 0.759068 0.505790 0.264829 0.686678 0.620522 0.657793 0.637785 0.471546 0.828401 0.211687 0.570448 0.822201 0.879659 0.570300 0.271994 0.711926 0.561350 0.594456 0.681896 0.551970 0.589935 0.582706 0.816091 0.545463 0.591570 0.600768 0.712974 0.459953 0.639749 0.451386 0.771999 0.635222 0.584713 0.672148 0.652015 0.832340
0.684435 0.719990 0.607581 0.698655 0.617776 0.342088 0.448239 0.527470 0.690309 0.677652 0.860664 0.502239 0.410138 0.520912 0.981094 0.337412 0.595562 0.518258 0.448600 0.429249 0.344355 0.608641 0.355552 0.700747 0.555443 0.862374 0.347996 0.510813 0.399405 0.539698 0.688876 0.633010 0.788554 0.317249 0.603143 0.383849 0.894307 0.673345 0.709267 0.670723 0.172700 0.504348 0.558073 0.495377 0.706137 0.689281 0.613493 0.459373 0.314752 0.575385 0.571332 0.753332 0.727094 0.871342 0.455130 0.276198 0.678113 0.406612 0.606880 0.537143 0.761797 0.549723 0.555888
0.797284 0.569262 0.372031 0.823285 0.545307 0.743593 0.869670 0.554056 0.276025 0.408811 0.476674 0.093591 0.706445 0.305513 0.360356 0.575208 0.534146 0.582417 0.672114 0.571995 0.532941 0.574256 0.521198 0.319924 0.407451 0.507202 0.795877 0.604722 0.871574 0.601599 0.380215 0.396568 0.624485 0.621427 0.543633 0.588868 0.654208 0.510445 0.861131 0.757533 0.629312 0.846239 0.670339 0.536216 0.314418 0.389259 0.794714 0.435687 0.309746 0.472533 0.402999 0.385726 0.722647 0.713749 0.513900 0.363544 0.419281 0.525365 0.627961 0.607854 0.371036 0.804047 0.750982
0.743371 0.794636 0.789955 0.319290 0.187824 0.645007 0.942176 0.730702 0.592006 0.665920 0.624476 0.469021 0.525970 0.382764 0.367033 0.558834 0.531494 0.451138 0.724238 0.614292 0.597881 0.360341 0.661176 0.321369 0.732721 0.612764 0.839384 0.466029 0.571030 0.282064 0.430644 0.464324 0.427623 0.313079 0.729497 0.422855 0.845613 0.726078 0.666548 0.502169 0.405097 0.269567 0.246108 0.872695 0.507624 0.498610 0.349753 0.642260 0.609916 0.711657 0.529466 0.559719 0.448787 0.694756 0.755074 0.428596 0.288470 0.342789 0.673269 0.368393 0.261729 0.358889 0.235584
0.379698 0.087611 0.870035 0.627882 0.483216 0.508629 0.756138 0.670082 0.432959 0.242317 0.266422 0.565265 0.392194 0.379992 0.466951 0.546161 0.688313 0.705120 0.712141 0.582754 0.660233 0.094242 0.350639 0.376632 0.441448 0.576997 0.287360 0.428182 0.639799 0.672985 0.586031 0.396005 0.325607 0.590816 0.422499 0.727401 0.896374 0.676127 0.474237 0.707466 0.300509 0.551885 0.329113 0.271433 0.377452 0.846174 0.298510 0.718260 0.463910 0.693365 0.602611 0.587171 0.374104 0.500291 0.927241 0.401744 0.504275 0.247830 0.522151 0.652184 0.700819 0.627297 0.379780
0.247596 0.319390 0.578124 0.529609 0.683889 0.635452 0.440112 0.549212 0.616786 0.584014 0.525335 0.639047 0.757972 0.491262 0.419752 0.315947 0.454260 0.473614 0.402216 0.471752 0.625896 0.672705 0.380569 0.855545 0.518967 0.390225 0.682689 0.414743 0.750162 0.528539 0.970336 0.761144 0.610065 0.257766 0.858655 0.813294 0.509180 0.550234 0.620493 0.397481 0.691011 0.593140 0.753646 0.465254 0.592958 0.520848 0.624960 0.245527 0.457947 0.540830 0.424078 0.199250 0.306719 0.538563 0.459851 0.453508 0.757559 0.426313 0.749578 0.545727 0.406905 0.523701 0.764232
0.571046 0.687804 0.538326 0.440385 0.809897 0.618178 0.452883 0.386232 0.641859 0.644475 0.378115 0.629772 0.850732 0.465156 0.636293 0.521759 0.337056 0.323455 0.507639 0.719939 0.393244 0.862471 0.284757 0.511263 0.787943 0.755533 0.443500 0.404735 0.601406 0.506025 0.658945 0.346308 0.572394 0.753453 0.703703 0.321856 0.610344 0.881866 0.813948 0.636762 0.662479 0.800139 0.703993 0.777695 0.431435 0.320296 0.164136 0.349236 0.602275 0.803563 0.615316 0.591485 0.497501 0.620189 0.659604 0.806987 0.693920 0.568839 0.252473 0.313535 0.283977 0.595067 0.603826
0.304618 0.390475 0.332387 0.603069 0.583722 0.400110 0.502607 0.271766 0.566699 0.594213 0.780034 0.272949 0.698116 0.506307 0.586051 0.412609 0.606556 0.485694 0.204209 0.482875 0.772553 0.349660 0.938926 0.754739 0.340676 0.801006 0.469511 0.552878 0.239248 0.742099 0.451440 0.731372 0.433618 0.552525 0.723093 0.522534 0.465772 0.527600 0.664061 0.371702 0.390105 0.314056 0.765674 0.593987 0.434855 0.780215 0.385769 0.301035 0.655941 0.491743 0.609826 0.593773 0.240758 0.522716 0.635038 0.414385 0.927005 0.491199 0.752639 0.464132 0.856678 0.430636 0.492170
0.589658 0.261365 0.578737 0.518536 0.347640 0.443141 0.762620 0.320932 0.449670 0.389661 0.527929 0.519031 0.738933 0.508648 0.526822 0.564310 0.480392 0.320655 0.226216 0.456323 0.442801 0.296085 0.442567 0.370182 0.410192 0.774128 0.464664 0.661524 0.819433 0.695532 0.635405 0.617222 0.302597 0.582965 0.686389 0.581807 0.381271 0.346186 0.633852 0.312599 0.742479 0.564268 0.481973 0.324632 0.374569 0.626621 0.679790 0.504790 0.219410 0.326941 0.762642 0.455475 0.696981 0.601664 0.617530 0.543676 0.792402 0.492595 0.612269 0.871546 0.819819 0.545806 0.737458
0.787110 0.725553 0.360370 0.498537 0.807923 0.633715 0.491714 0.519155 0.579108 0.459786 0.402571 0.498730 0.623251 0.619979 0.753215 0.494346 0.495820 0.676960 0.394894 0.494300 0.570385 0.501909 0.712329 0.573709 0.730843 0.431028 0.668609 0.527158 0.689638 0.588068 0.322132 0.483131 0.487065 0.427997 0.687053 0.323918 0.755673 0.453806 0.807973 0.423875 0.825255 0.361243 0.544820 0.279413 0.694846 0.699100 0.401732 0.756348 0.654519 0.962084 0.813611 0.681978 0.585436 0.510160 0.469353 0.641994 0.456229 0.761893 0.934080 0.629182 0.463948 0.466894 0.812619
0.238119 0.422235 0.433730 0.459591 0.356923 0.410869 0.452508 0.543356 0.704281 0.477040 0.181962 0.679164 0.632176 0.402909 0.446805 0.456061 0.416951 0.635390 0.790007 0.419949 0.391877 0.343459 0.519816 0.620448 0.460586 0.600282 0.431242 0.355680 0.779813 0.765193 0.673755 0.312811 0.678649 0.852615 0.413794 0.523943 0.823618 0.370032 0.557458 0.322245 0.360906 0.415274 0.591904 0.727446 0.783505 0.614377 0.562697 0.365050 0.594754 0.659048 0.454935 0.863272 0.450073 0.670060 0.148479 0.396527 0.380818 0.787744 0.587860 0.744430 0.426821 0.643026 0.809328
0.511981 0.536626 0.695267 0.327068 0.669322 0.655440 0.651475 0.474567 0.672506 0.588844 0.676911 0.267400 0.268721 0.466445 0.196408 0.728675 0.750366 0.302605 0.666324 0.472001 0.380201 0.459094 0.717419 0.599122 0.466191 0.685846 0.832497 0.643865 0.580904 0.421898 0.434399 0.494556 0.478937 0.678532 0.344821 0.255182 0.367137 0.558865 0.808504 0.452253 0.379831 0.448044 0.596293 0.675451 0.310729 0.640290 0.238374 0.565659 0.926919 0.730750 0.530275 0.259782 0.432560 0.405389 0.439900 0.783009 0.343259 0.623936 0.845250 0.563369 0.713365 0.372519 0.584611
0.711183 0.452077 0.554579 0.534850 0.790946 0.649452 0.505335 0.471451 0.532326 0.544453 0.402382 0.893514 0.359895 0.446542 0.427216 0.261182 0.313146 0.547464 0.571224 0.684199 0.319753 0.452097 0.742962 0.324238 0.215209 0.708801 0.589099 0.312928 0.310928 0.551346 0.605069 0.592986 0.515946 0.411972 0.233923 0.498046 0.579181 0.480624 0.417728 0.667591 0.626195 0.405379 0.480861 0.862988 0.460126 0.506302 0.713754 0.312053 0.821319 0.456279 0.754410 0.401017 0.440074 0.420913 0.639549 0.562250 0.780823 0.526244 0.702071 0.773893 0.510790 0.758528 0.567750
0.221018 0.384429 0.501939 0.659308 0.396250 0.653220 0.570540 0.937738 0.371107 0.426402 0.191898 0.574960 0.256927 0.466749 0.676467 0.277269 0.770573 0.492583 0.846611 0.347538 0.694461 0.473549 0.485225 0.232964 0.312336 0.789931 0.427717 0.421345 0.430227 0.579097 0.725611 0.637523 0.410920 0.168574 0.366986 0.631330 0.482408 0.721618 0.506492 0.440649 0.771709 0.702868 0.812398 0.767947 0.735415 0.246691 0.623587 0.331751 0.708615 0.600146 0.740493 0.463156 0.713130 0.364827 0.648623 0.457665 0.209170 0.576254 0.346406 0.804022 0.705363 0.610597 0.266797
0.475721 0.429554 0.424273 0.701971 0.644776 0.514880 0.246778 0.686106 0.634335 0.661768 0.538285 0.672417 0.385939 0.575004 0.808335 0.710259 0.591221 0.352058 0.371251 0.491624 0.335246 0.836860 0.596083 0.730646 0.325842 0.288853 0.654983 0.496251 0.698206 0.683516 0.375692 0.593534 0.806507 0.367591 0.201548 0.892635 0.693464 0.882420 0.876188 0.541696 0.499238 0.441524 0.452911 0.624652 0.315475 0.626364 0.618105 0.677196 0.420892 0.689476 0.529061 0.615810 0.501466 0.859097 0.669326 0.272900 0.208986 0.711543 0.419433 0.666817 0.710200 0.266209 0.461918
0.623936 0.670273 0.609281 0.295724 0.307515 0.693636 0.365376 0.677663 0.733375 0.569315 0.721483 0.477268 0.648035 0.324090 0.679034 0.640549 0.510767 0.816073 0.405079 0.295518 0.518634 0.514817 0.546077 0.724806 0.663833 0.583782 0.423818 0.461700 0.678462 0.374313 0.647052 0.352336 0.649298 0.873336 0.499823 0.529719 0.843196 0.396010 0.266750 0.675129 0.753477 0.354744 0.502360 0.342246 0.213043 0.694278 0.635767 0.644825 0.180101 0.387988 0.465088 0.380549 0.402962 0.159468 0.564139 0.187939 0.257873 0.455140 0.414447 0.777543 0.477465 0.366242 0.553101
0.551818 0.355299 0.855637 0.582596 0.476386 0.391618 0.691838 0.298608 0.183611 0.362331 0.547743 0.730517 0.456597 0.471558 0.361483 0.337543 0.725322 0.849852 0.788683 0.593910 0.695117 0.193067 0.621314 0.711889 0.982833 0.733168 0.583716 0.638228 0.431211 0.769840 0.407820 0.417650 0.761092 0.566991 0.570125 0.421505 0.693306 0.542765 0.283517 0.604123 0.570152 0.688888 0.618238 0.404835 0.603376 0.454572 0.668527 0.265163 0.395916 0.490664 0.650513 0.748276 0.835417 0.527225 0.397861 0.623451 0.574666 0.654292 0.281671 0.659858 0.764768 0.356096 0.852280
