cenop/data/CentralBaltic/prey0000_06.asc
NCOLS 400 
NROWS 400 
XLLCORNER 4750000.0 
YLLCORNER 3200000.0 
CELLSIZE 1000.0 
NODATA_value -9999 
[rows 28 to 55 of 400, columns 252 to 314 of 400]
0.928667 0.554152 0.832799 0.929136 0.722244 0.484465 0.768898 0.870180 0.852594 0.609967 0.735282 0.579936 0.542914 0.885423 0.890670 0.856727 1.000000 0.709496 0.864065 0.863607 0.739386 0.622771 0.800186 0.907596 0.697226 0.716101 0.957259 0.866623 0.504443 0.563798 0.422489 0.944380 0.601237 0.627183 1.000000 0.918696 1.000000 0.742151 0.475700 0.881878 0.572297 0.842892 1.000000 0.725872 0.965351 0.807723 0.535734 0.547823 0.678644 0.859833 0.681921 0.784001 0.879892 0.759679 0.722238 0.564241 0.543946 0.708865 0.551313 1.000000 0.590017 0.459790 0.881321
0.896649 0.513779 0.544217 0.398328 0.554573 0.384908 0.596288 0.840643 0.506396 0.815155 0.617638 0.703645 0.545582 0.555323 0.690886 0.899961 0.618026 0.655531 0.806213 0.725791 0.852320 0.567043 0.656144 0.882828 0.939654 0.740305 0.923857 0.396150 0.622194 0.460524 0.933431 0.557418 0.410430 0.524303 0.533757 0.571187 0.577550 0.992737 0.504377 0.400690 0.682337 0.400365 0.637628 0.539015 0.370769 0.694892 0.742159 0.929395 0.773337 0.438923 0.648057 0.723321 0.588226 0.780717 0.779005 0.405466 0.776160 0.790128 0.738870 0.915549 0.286849 0.589937 0.319332
0.734814 0.533707 0.732696 0.584853 0.471067 0.920948 0.777537 0.434890 0.674025 0.814879 0.856648 0.802332 0.749027 0.618377 0.545848 0.464213 0.585049 0.674794 0.615256 0.292381 0.476268 0.688875 0.604254 0.992403 0.798406 0.844377 0.923088 0.541908 0.890143 0.766459 0.745433 0.515206 0.811589 0.501958 0.616397 0.479999 0.582877 0.950055 0.538664 0.857807 0.810756 0.787729 0.875487 0.563597 1.000000 0.716049 0.754385 0.821456 0.304531 0.624451 0.643384 0.849722 0.466482 0.509310 0.311837 0.956149 0.906235 0.532903 0.816817 0.815324 0.598529 0.886999 0.548546
0.827874 0.600909 0.931817 0.944656 0.590366 0.961388 0.753685 0.816662 0.886435 0.833059 0.780483 0.568778 0.763184 0.631672 0.805395 0.676848 0.966203 0.857267 0.778315 0.794586 0.710916 0.516624 0.566218 0.838678 0.604315 0.680864 0.743102 0.754390 0.671014 0.626494 0.740987 0.611836 0.854382 0.882058 0.613809 0.639242 0.437097 0.692689 0.639268 0.893358 0.535755 0.430447 0.463529 0.625543 0.597398 0.365021 0.704329 0.639409 0.873554 0.816270 0.870883 0.825804 0.877441 0.602921 0.999089 0.933110 0.931475 0.782383 0.701577 0.834966 0.715235 0.743843 0.474260
0.733758 0.581916 0.814800 0.773559 0.458576 0.555686 0.960422 0.756952 0.558458 0.440559 0.487727 0.761459 0.871863 0.621716 0.586314 0.485323 0.624165 0.681578 0.780302 0.762739 0.761146 0.460730 0.964170 0.820875 0.840840 0.607083 0.523232 0.738684 0.612438 0.545923 0.910897 0.720524 1.000000 0.590150 0.834179 0.852002 0.564026 0.451897 0.899431 0.758822 0.702985 0.951599 1.000000 0.799240 0.795237 0.699245 0.459344 0.509716 0.889323 0.820924 0.917213 0.529343 0.753844 0.617954 0.798365 0.863182 0.969558 0.526804 0.606852 0.769395 0.778455 0.762759 0.755044
0.885526 0.598902 0.578958 0.772730 0.744868 0.628791 0.744261 0.703404 0.494291 0.931893 0.850646 0.587119 0.695412 0.896919 0.789727 0.655641 0.554758 0.484712 0.603776 0.954789 0.794433 0.587804 0.362058 0.878472 0.784116 0.493176 0.765675 0.963716 0.779595 0.403034 0.939284 0.486120 0.606218 0.570197 0.842054 0.841288 0.493254 0.905275 0.718061 0.591385 0.674849 0.856790 0.778828 0.410660 0.869258 0.466041 0.552336 0.924887 0.443061 0.515778 0.979878 0.628269 0.674559 0.387512 0.454299 0.563493 0.594932 0.618379 0.498391 1.000000 0.548868 0.710091 0.479369
0.512013 0.693248 0.911608 0.688119 0.223378 1.000000 0.614457 0.678080 1.000000 0.579244 0.816402 0.442191 0.836432 0.991037 0.546389 0.553105 0.539057 0.745837 0.938419 0.477327 0.713361 0.984839 0.573770 0.707141 0.844951 0.637781 0.745694 0.817040 0.794906 0.594114 0.728952 0.733706 0.981235 0.926096 0.887440 0.480942 0.654087 0.933040 0.417649 0.800516 0.774589 0.557845 0.516178 0.831016 0.839628 0.491446 0.617147 0.631534 0.503886 0.913905 0.578814 0.945582 0.458481 0.675985 0.693650 0.595531 0.731122 0.792629 0.908546 0.657134 0.933626 0.562798 0.849320
0.703951 0.788930 0.418241 0.343797 0.699009 0.493951 0.790007 0.543825 0.580936 0.728839 0.500260 0.731065 0.664290 0.513925 0.879822 0.743990 0.757357 0.689616 0.793261 1.000000 0.716765 0.635712 0.260210 0.832789 0.545505 0.783273 0.962128 0.853335 0.451573 0.966459 0.593246 0.985322 0.670819 0.506401 0.668998 0.668274 0.598656 0.991200 0.860570 0.823521 0.687967 0.695482 0.238705 1.000000 0.791921 0.748636 1.000000 0.862645 0.631916 0.618937 0.508918 0.517191 0.738928 0.745166 0.518918 0.715905 0.559384 0.571185 0.814650 0.804061 0.759005 0.789705 0.609966
0.723637 0.650657 0.651250 0.650026 0.700295 0.722426 0.712312 0.719148 0.639419 0.538098 0.521855 0.652140 0.643372 0.458109 0.665094 0.984279 0.521611 0.548247 0.906660 0.727635 0.400813 0.890307 0.646804 0.628464 0.722999 0.327054 0.855436 0.882005 0.342916 0.912739 0.416131 0.771634 0.355410 0.435165 0.667184 0.413075 0.691740 0.580054 0.720543 0.620421 0.541108 0.812662 0.570125 0.821862 0.497791 0.554273 0.639068 0.782028 0.853038 0.836434 0.513440 0.865660 0.838368 0.711222 0.406437 0.672448 0.625041 0.503816 0.939313 0.711895 0.620104 0.940268 0.554532
0.747542 0.869964 0.986234 0.808042 0.742622 0.743528 0.877697 0.783194 0.302269 0.455397 0.510635 0.555100 0.782107 0.235088 0.484417 0.596227 0.617783 0.822286 0.705648 0.664508 0.720867 0.512304 0.590390 0.792168 0.859067 0.580969 0.605232 0.931711 0.646727 0.718789 0.814469 0.793118 0.704049 0.815993 0.816074 0.764731 0.851108 0.503367 0.790878 0.503252 0.367634 0.374302 0.907919 0.732064 0.847766 0.730688 0.805855 0.691540 0.868295 0.699772 0.745880 0.822057 0.896550 0.790525 0.373824 0.582963 0.703518 0.337745 0.760083 0.923389 0.694726 0.910996 0.653276
0.814301 0.646353 0.811470 0.419638 0.780600 0.752312 0.622156 0.386416 0.868092 0.769796 0.745888 0.691098 0.502164 0.450707 0.727385 0.986356 0.811251 0.626139 0.838346 0.777432 0.539357 0.586255 0.738309 0.726876 1.000000 0.472557 0.611275 0.658626 0.463064 0.795574 0.423166 0.468794 0.732572 0.439017 0.460323 0.757732 0.856747 0.521617 0.454119 0.762451 0.167061 0.991359 0.566214 0.883465 0.985403 0.523590 0.757587 0.725034 0.839426 0.577277 0.606125 0.749212 0.659604 0.795878 0.722660 0.548621 0.539111 0.785916 0.620902 0.568626 0.345570 0.802539 0.400497
0.578817 0.936071 0.707640 0.791901 0.658404 0.869938 0.868746 0.384485 0.606995 0.802107 0.782537 0.640710 0.865650 0.725675 0.732907 0.651253 0.795982 0.465167 0.397784 1.000000 0.859922 0.659631 0.641864 0.629946 0.711996 0.740578 0.413252 0.818742 0.654544 0.612270 0.751751 0.816606 0.545455 0.643201 0.606144 0.585995 0.447485 0.459937 1.000000 0.756287 0.291329 0.487485 0.824743 0.648474 0.868501 0.544816 0.790765 0.662028 0.429777 0.627051 0.337867 0.726637 0.698899 0.739274 0.526540 0.417009 0.811015 0.748161 0.710262 0.674067 0.930382 0.925243 0.576088
0.347834 0.458833 0.950642 0.668965 0.521983 0.916208 0.824511 0.895535 0.718094 0.630125 0.371798 0.576558 0.898688 0.423817 0.694660 0.918197 0.560800 0.634858 0.413630 0.522816 0.489291 0.885791 0.649490 0.424327 0.707254 0.615514 0.574874 0.299166 0.883312 0.996039 0.636739 0.661988 0.333496 0.683606 0.847182 0.534351 0.628112 0.496651 0.636538 0.842895 0.767106 0.695804 0.729816 0.544117 0.593634 0.601833 0.588492 0.535682 0.552654 0.501776 0.677363 0.873521 0.628366 0.618828 0.732920 0.624057 0.354236 0.665945 0.328695 0.823080 0.494376 0.578790 0.655052
0.756401 0.867819 0.768744 0.605628 0.987889 0.618302 0.965649 0.528526 0.483917 0.820684 0.367240 0.492127 0.707284 0.846996 0.597675 0.571333 0.776800 0.583184 0.833188 0.765907 0.646709 0.407007 1.000000 0.440975 0.530396 0.540205 0.657847 0.754249 0.551550 0.318825 0.791681 0.754893 0.903081 0.783289 0.400441 0.439089 0.632094 0.751291 0.512263 0.880859 0.555110 0.654204 0.289611 0.351934 0.796912 0.275561 0.430056 0.567059 0.742038 0.828334 0.417827 0.745163 0.901332 0.798564 0.642832 0.755884 0.546736 0.501004 0.781317 0.929012 0.693178 0.573896 0.582292
0.512962 0.589401 0.902009 0.547395 0.584426 0.630123 0.746318 0.824464 0.373573 0.674780 0.430989 0.791675 0.615195 0.476731 0.745352 0.697113 0.682230 0.253996 0.485342 0.710091 0.588280 0.655704 0.764729 0.745318 0.966577 0.532008 0.600525 0.669167 0.350816 0.489202 0.934020 0.627608 0.668489 0.563474 0.526887 0.637350 0.524530 0.872826 0.529820 0.691165 0.788596 0.477088 0.471722 0.677077 0.713718 0.769252 0.792045 0.643593 0.955869 0.729167 0.557851 0.839340 0.421196 0.785332 0.874682 0.706134 0.528156 0.459150 0.755322 0.504299 0.967597 0.537751 0.757999
0.789544 0.350926 0.551781 0.279400 0.457836 0.661785 0.646085 0.462433 0.580252 0.912250 0.403637 0.692169 0.771266 0.805517 0.977445 0.587505 0.470759 0.780141 0.656078 0.509688 0.600664 0.424309 0.506388 0.387800 0.486520 0.888229 0.519353 0.899174 0.482599 0.674527 0.885572 0.834777 0.444832 0.645072 0.556361 0.799474 0.567300 0.512925 0.436492 0.742578 0.573519 0.856554 0.741024 0.626991 0.795268 0.626857 0.666720 0.762612 0.500664 0.449382 0.813034 0.723615 0.345458 0.737492 0.671140 0.632500 0.656607 0.701179 0.420100 0.453454 0.891796 0.737292 0.498209
0.531392 0.658369 0.810081 0.664144 0.731594 0.927505 0.583294 0.593057 0.550396 0.348568 0.405918 0.630071 0.498341 0.358847 0.428930 0.489322 0.725979 0.668254 0.730809 0.805360 0.844854 0.684514 0.945329 0.619031 0.959106 1.000000 0.591685 0.495664 0.763839 0.812464 0.481579 0.859029 0.405518 0.892142 0.836889 0.815860 0.655495 0.244955 0.880048 0.594431 0.395757 0.397112 0.390229 0.733685 0.754725 0.599152 0.635745 0.643460 0.813968 0.662753 0.470429 0.764322 0.548538 0.488798 0.649584 0.679134 0.576298 0.609864 0.581238 0.892436 0.618036 0.719244 0.865985
0.308587 0.543445 0.631799 0.886155 0.603724 0.413678 0.667644 0.474017 0.716803 0.788881 0.616390 0.484320 0.721634 0.580558 0.468529 0.532532 0.998450 0.882241 0.449131 0.570078 0.871522 0.799338 0.740003 0.616659 0.774016 0.458205 0.880032 0.442138 0.636089 0.755885 0.495735 0.592908 0.552510 0.531918 0.443877 0.840625 0.774712 0.464226 0.679403 0.715585 0.446312 0.450024 0.749912 0.508075 0.580004 0.721374 0.487357 0.636565 0.564799 0.690856 0.668406 0.806217 0.717251 0.479305 0.418091 0.454811 0.818240 0.903988 0.898194 0.588448 0.450175 0.580414 0.558613
0.331254 0.627461 0.530903 0.349885 0.412717 0.579758 0.722818 0.468171 0.591462 0.612233 0.538694 0.347390 0.469621 0.681636 0.414591 0.429466 0.613412 0.537484 0.348071 0.319787 0.630353 0.731273 0.277728 0.521134 0.818334 0.540976 0.417492 0.887930 0.534564 0.871437 0.430896 0.783630 0.897749 0.481944 0.962081 0.673256 0.864510 0.847877 0.672706 0.535414 0.681765 0.602525 0.309236 0.620610 0.674866 0.897060 0.601251 0.372639 0.574342 1.000000 0.465471 0.774432 0.607022 0.465390 0.592228 0.768081 0.426202 0.633885 0.288195 0.366102 0.841163 0.502374 0.662386
0.732233 0.823325 0.652666 0.660325 0.435123 0.384218 0.477451 0.722177 0.419596 0.592399 0.724525 0.619934 0.979092 0.625579 0.624125 0.689025 0.563747 0.472673 0.600890 0.771261 0.518896 0.751912 0.891186 0.798349 0.879369 0.847348 0.958298 0.569485 0.349676 0.536477 0.646237 0.846403 0.763537 0.690393 0.552747 0.429297 0.681976 0.705860 0.712982 0.299015 0.619332 0.904454 0.609185 0.605070 0.705656 0.684331 0.667655 0.698278 0.707755 0.805056 0.804265 0.509615 0.324367 0.691489 0.722006 0.848247 0.660348 0.484258 0.402762 0.918759 0.464463 0.719784 0.529810
0.735967 0.648845 0.748114 0.854221 0.695358 0.579690 0.750988 0.521357 0.754627 0.206027 0.510549 0.588829 0.698508 0.484720 0.655939 0.719681 0.474680 0.855190 0.728972 0.643875 0.640176 0.734724 0.962197 0.899886 0.903390 0.587973 1.000000 0.423863 0.809172 0.551398 0.745162 0.724741 0.621121 0.751784 0.790402 0.795117 0.568055 0.705011 0.502972 0.934610 0.696248 0.376078 0.481481 0.525763 0.820383 0.535855 0.279926 0.448424 0.637484 0.381578 0.430785 0.418200 0.796068 0.736738 0.802024 0.705919 0.970673 0.808796 0.789748 0.331472 0.737026 0.540648 0.535228
0.437141 0.529719 0.804322 0.698597 0.811630 0.254905 0.827106 0.617609 0.645133 0.752941 0.770307 0.206585 0.483730 0.572517 0.563141 0.632395 0.809659 0.688549 0.612787 0.567914 0.682256 0.711009 0.946199 0.322560 0.466329 0.398448 0.403296 0.835044 0.636124 0.534805 0.869858 0.453313 0.514113 0.415090 0.492172 0.564303 0.415810 0.664136 0.582442 0.490637 0.415568 0.668219 0.735737 0.335920 0.766947 0.569446 0.239543 0.421408 0.368188 0.604341 0.526385 0.614658 0.725575 0.223935 0.717304 0.768061 0.327679 0.348319 0.519004 0.628898 0.579616 0.533441 0.647191
0.740896 0.883372 0.606058 0.565372 0.717739 0.507279 0.488901 0.566763 0.621077 0.408325 0.656106 0.527319 0.802068 0.552193 0.445017 0.267069 0.206526 0.584407 0.436956 0.606501 0.437953 0.556204 0.796466 0.555772 0.410836 0.713928 0.448185 0.763901 0.400436 0.630043 0.312926 0.357614 0.453060 0.560745 0.494404 0.521880 0.579435 0.729016 0.323404 0.815552 0.691880 0.799770 0.759114 0.661340 0.767313 0.409946 0.552470 0.368527 0.510035 0.323650 0.515487 0.541544 0.608030 0.649981 0.386063 0.606263 0.568232 0.672318 0.758043 0.699319 0.482318 0.730035 0.566505
0.403754 0.304390 0.492318 0.531593 0.592562 0.457828 0.567940 0.402536 0.690096 0.568390 0.829808 0.576343 0.546322 0.738355 0.349102 0.440030 0.559043 0.680557 0.659508 0.805405 0.426853 0.535958 0.462073 0.480538 0.546111 0.497604 0.427647 0.677636 0.739461 0.496702 0.543556 0.596816 0.854424 0.671285 0.751034 0.543223 0.336394 0.694607 0.667458 0.402650 0.558885 0.787887 0.451360 0.405523 0.780684 0.627775 0.702726 0.626841 0.279002 0.687889 0.652345 0.650901 0.245323 0.450741 0.599505 0.758224 0.644820 0.771836 0.731335 0.634696 0.590162 0.591795 0.435275
0.502927 0.472871 0.855085 0.619809 0.705601 0.827349 0.428302 0.540547 0.459477 0.297448 0.894677 0.121377 0.714766 0.340089 0.568242 0.451007 0.378940 0.356340 0.646452 0.748099 0.318980 0.394782 0.286829 0.504060 0.739796 0.378742 0.500664 0.891302 0.644192 0.469039 0.371908 0.855934 0.455585 0.483637 0.381019 0.611296 0.682591 0.529351 0.758841 0.604082 0.337633 0.417078 0.707294 0.152832 0.581268 0.606515 0.535930 0.496940 0.740294 0.383398 0.479964 0.851537 0.678548 0.752059 0.520722 0.544326 0.728517 0.634847 0.513475 0.353521 0.595669 0.579705 0.481048
0.558749 0.613077 0.731793 0.761872 0.483750 0.701118 0.848273 0.701180 0.453454 0.444440 0.265101 0.695666 0.462359 0.624228 0.618146 0.620672 0.557158 0.730541 0.526241 0.483351 0.409771 0.852643 0.617672 0.675527 0.655431 0.696642 0.525690 0.877990 0.213726 0.546227 0.573998 0.677583 0.547074 0.798722 0.719449 0.746180 0.602908 0.683399 0.421968 0.923238 0.896803 0.366647 0.680370 0.682827 0.940162 0.750874 0.716135 0.459885 0.923982 0.265405 0.200707 0.445427 1.000000 0.569833 0.615409 0.603350 0.474725 0.325034 0.499652 0.463845 0.319476 0.480206 0.490787
0.695349 0.792826 0.391140 0.636726 0.368956 0.715943 0.400038 0.676790 0.448852 0.904278 0.337485 0.481981 0.674065 0.485239 0.449724 0.547115 0.358033 0.793318 0.210498 0.532538 0.482333 0.709597 0.514980 0.591273 0.783565 0.414574 0.600770 0.552064 0.339725 0.380448 0.718246 0.800799 0.717765 0.470113 0.799909 0.653511 0.751746 0.654272 0.274536 0.267782 0.932472 0.711459 0.737621 0.766381 0.418015 0.172198 0.590467 0.465920 0.863382 0.767210 0.768832 0.773082 0.461733 0.386977 0.775911 0.574820 0.717206 0.279276 0.868625 0.389049 0.433205 0.408259 1.000000
0.491301 0.847600 0.704481 0.481002 0.486917 0.510123 0.581034 0.569783 0.776656 0.674409 0.573613 0.497557 0.764243 0.686282 0.301986 0.410980 0.795039 0.822162 0.721902 0.577706 0.470310 0.736642 0.569541 0.693427 0.253264 0.616804 0.596341 0.415541 0.688978 0.324239 0.522221 0.780464 0.324848 0.467731 0.534457 0.679576 0.296332 0.340637 0.452232 0.610732 0.368013 0.614222 0.501107 0.583986 0.480862 0.869273 0.786965 0.796129 0.408249 0.376685 0.704436 0.311230 0.497996 0.538342 0.440121 0.656229 0.625480 0.162871 0.608640 0.904360 0.449747 0.822181 0.786524
