cenop/data/CentralBaltic/prey0000_08.asc
NCOLS 400 
NROWS 400 
XLLCORNER 4750000.0 
YLLCORNER 3200000.0 
CELLSIZE 1000.0 
NODATA_value -9999 
[rows 336 to 363 of 400, columns 315 to 377 of 400]
0.437470 0.272973 0.277335 0.639989 0.601931 0.562761 0.531253 0.348463 0.263951 0.356681 0.688653 0.452431 0.196021 0.617015 0.378878 0.341811 0.505062 0.597077 0.220043 0.657387 0.360221 0.485695 0.529355 0.513192 0.401184 0.460410 0.578539 0.524917 0.141028 0.353986 0.473273 0.727069 0.455298 0.321805 0.755838 0.765272 0.589026 0.502504 0.467707 0.338356 0.429813 0.676285 0.389824 0.695740 0.503486 0.924694 0.463549 0.609033 0.613026 0.523753 0.468308 0.477110 0.595286 0.721939 0.662293 0.364160 0.852368 0.524902 0.784789 0.592466 0.653912 0.610853 0.245230
0.545411 0.217981 0.408550 0.483780 0.461885 0.562162 0.604918 0.734597 0.337196 0.127837 0.603428 0.485484 0.144149 0.676165 0.379711 0.647668 0.560644 0.782164 0.585162 0.585205 0.494598 0.565737 0.608926 0.695711 0.687700 0.247809 0.507648 0.583910 0.429855 0.585614 0.697444 0.410004 0.586063 0.610665 0.614006 0.509155 0.272406 0.391366 0.718700 0.765562 0.822219 0.768561 0.756413 0.315121 0.171672 0.650694 0.783449 0.740430 0.538683 0.449172 0.550408 0.541026 0.673782 0.734917 0.448973 0.627424 0.764281 0.639219 0.858481 0.910462 0.777390 0.740918 0.888985
0.609527 0.684377 0.323989 0.508093 0.491719 0.556854 0.545135 0.653325 0.563218 0.383542 0.448406 0.280540 0.459416 0.572530 0.542002 0.378217 0.322727 0.363493 0.328480 0.537172 0.619583 0.532400 0.583265 0.411678 0.757411 0.682918 0.645116 0.399805 0.470945 0.565900 0.342452 0.597474 0.339381 0.707246 0.616753 0.608398 0.356032 0.790863 0.455266 0.328033 0.611917 0.583345 0.366001 0.773677 0.540998 0.537441 0.456620 0.465072 0.428024 0.517053 0.712019 0.549990 0.490931 0.358540 0.589502 0.633214 0.706028 0.818901 0.679980 0.764867 0.519760 0.336002 0.585119
0.322455 0.540763 0.475042 0.159212 0.443064 0.626728 0.522182 0.229185 0.465769 0.393661 0.348146 0.432282 0.454259 0.615859 0.735254 0.525522 0.641778 0.707492 0.630288 0.639134 0.138374 0.537610 0.502379 0.543905 0.542327 0.682095 0.924986 0.365725 0.261005 0.394522 0.263394 0.408227 0.502934 0.453916 0.707054 0.666262 0.588244 0.466084 0.645925 0.576349 0.387473 0.573468 0.517258 0.572450 0.562336 0.596330 0.443552 0.506947 0.517724 0.747804 0.706198 0.252678 0.729298 0.455903 0.436111 0.579089 0.565719 0.757341 0.334336 0.576029 0.939023 0.648514 0.551191
0.397159 0.338930 0.412406 0.223850 0.611829 0.512774 0.593454 0.516464 0.588396 0.462626 0.423312 0.448830 0.480754 0.546548 0.283689 0.333304 0.264397 0.444101 0.716466 0.518785 0.387313 0.224454 0.683423 0.819718 0.334918 0.259321 0.370093 0.148291 0.419488 0.159395 0.596046 0.656553 0.705600 0.482969 0.265580 0.637580 0.433026 0.311212 0.486127 0.616007 0.595618 0.335925 0.488155 0.575327 0.470043 0.529006 0.530960 0.684321 0.506152 0.602619 0.636233 0.630764 0.786086 0.420737 0.590469 0.675359 0.546856 0.667053 0.839978 0.589575 0.636938 0.238630 0.364540
0.444773 0.504669 0.364030 0.182812 0.399250 0.542699 0.407295 0.564395 0.377901 0.388125 0.460030 0.522329 0.522208 0.589722 0.557056 0.391426 0.282336 0.488847 0.573016 0.380997 0.474305 0.712438 0.665579 0.371043 0.620263 0.668472 0.510304 0.630675 0.157957 0.449580 0.326445 0.341217 0.703061 0.415181 0.328982 0.393500 0.488314 0.665983 0.425840 0.545152 0.514756 0.545748 0.849746 0.553438 0.498571 0.730162 0.847671 0.620376 0.634705 0.729851 0.535169 0.446320 0.775839 0.769281 0.791762 0.789436 0.536345 0.798690 0.521131 0.499266 0.437074 0.704875 0.525542
0.307187 0.376347 0.790479 0.113987 0.246516 0.216979 0.141677 0.366430 0.553089 0.552820 0.459590 0.264869 0.457688 0.756877 0.519483 0.448901 0.272484 0.483850 0.606101 0.404788 0.238756 0.434417 0.658634 0.477568 0.485883 0.162306 0.757563 0.502970 0.972779 0.529050 0.362887 0.412521 0.459592 0.380830 0.492947 0.469248 0.391356 0.638285 0.804433 0.460263 0.631014 0.618494 0.819922 0.456012 0.394154 0.569997 0.516051 0.789360 0.635038 0.420093 0.706001 0.314730 0.589464 0.761056 0.748488 0.846697 0.923056 0.301725 0.644409 0.525477 0.718973 0.576677 0.653123
0.411201 0.261472 0.612004 0.344723 0.221794 0.434416 0.468491 0.669562 0.657925 0.571598 0.389016 0.582582 0.625410 0.617788 0.410624 0.286130 0.423153 0.709086 0.696655 0.285962 0.802070 0.806071 0.497497 0.386341 0.547970 0.349304 0.605548 0.643913 0.154585 0.369714 0.371775 0.389081 0.315969 0.366777 0.648219 0.488700 0.539618 0.368548 0.403119 0.448027 0.718291 0.559850 0.524688 0.377523 0.748774 0.631142 0.299598 0.344944 0.765381 0.618415 0.473180 0.316188 0.512880 0.609391 0.761918 0.899769 0.483969 0.688141 0.667622 0.550670 0.341136 0.546785 0.540110
0.478684 0.346488 0.724780 0.375230 0.693235 0.573248 0.528993 0.432747 0.668139 0.681822 0.723134 0.165268 0.309033 0.636199 0.287049 0.622475 0.458741 0.336454 0.313138 0.716903 0.595768 0.478911 0.411831 0.510308 0.789574 0.505370 0.697226 0.556569 0.544043 0.760158 0.485129 0.289578 0.748675 0.548256 0.597783 0.604768 0.304873 0.536774 0.570575 0.472912 0.428922 0.385341 0.691350 0.496390 0.668540 0.333183 0.563658 0.583404 0.847257 0.642530 0.675987 0.630570 0.722087 0.650054 0.624264 0.592487 0.445838 0.465607 0.569439 0.427960 0.724085 0.306952 0.823746
0.414579 0.781560 0.397637 0.635020 0.588309 0.703124 0.559888 0.787016 0.224972 0.165772 0.653804 0.427862 0.660314 0.454306 0.453436 0.376407 0.662566 0.459944 0.696428 0.473065 0.520376 0.480753 0.743824 0.411710 0.424528 0.597502 0.415748 0.630841 0.640285 0.230654 0.116721 0.286651 0.515521 0.661605 0.549879 0.416635 0.670771 0.594854 0.395533 0.419097 0.524900 0.674297 0.336386 0.660697 0.513403 0.280722 0.491572 0.952163 0.595285 0.798760 0.576516 0.797054 0.436141 0.671097 0.625176 0.722810 0.488565 0.668591 0.589593 0.783736 0.330880 0.476531 0.758812
0.644494 0.392825 0.645299 0.578901 0.667112 0.794334 0.844102 0.686338 0.781046 0.417682 0.251205 0.793146 0.559527 0.319114 0.267447 0.284709 0.479874 0.313522 0.578548 0.171345 0.624897 0.677731 0.502753 0.915820 0.630284 0.484900 0.558315 0.497616 0.648913 0.337799 0.433285 0.319503 0.156856 0.290964 0.676497 0.354994 0.400266 0.668085 0.634675 0.756206 0.394336 0.589031 0.585540 0.336816 0.522779 0.797133 0.595247 0.296535 0.308181 0.558727 0.370795 0.665456 0.462159 0.700554 0.571089 0.809783 0.898123 0.576747 0.550358 0.421693 0.677153 0.457487 0.389890
0.686460 0.334898 0.498448 0.249870 0.540198 0.715393 0.353094 0.217031 0.339440 0.466559 0.697101 0.494572 0.302474 0.456838 0.578688 0.441406 0.665125 0.571916 0.481671 0.633202 0.495809 0.074593 0.403221 0.592091 0.413193 0.313956 0.592979 0.377786 0.408447 0.351970 0.437801 0.453198 0.382175 0.315823 0.383576 0.544822 0.591280 0.825681 0.554810 0.670224 0.554925 0.511323 0.404601 0.537545 0.434376 0.628879 0.780957 0.613450 0.653819 0.714488 0.489525 0.492265 0.569400 0.659294 0.800284 0.692875 0.529076 0.805611 0.441937 0.453143 0.463895 0.661458 0.439846
0.383616 0.742720 0.716665 0.683218 0.760656 0.499965 0.523958 0.614242 0.620576 0.423764 0.633879 0.351884 0.666762 0.329280 0.318017 0.803752 0.477035 0.217432 0.451751 0.506451 0.530759 0.511219 0.574247 0.720264 0.362885 0.495256 0.660337 0.275851 0.387118 0.410814 0.377186 0.763933 0.376954 0.355415 0.542795 0.654575 0.193484 0.456704 0.478118 0.360318 0.379923 0.558704 0.556991 0.503732 0.321994 0.390630 0.383139 0.364379 0.637487 0.632950 0.432302 0.536448 0.805441 0.932692 0.476454 0.735460 0.296743 0.522475 0.721406 0.536125 0.741953 0.836244 0.371059
0.469846 0.793870 0.592980 0.688549 0.596727 0.425618 0.321826 0.702778 0.617650 0.518573 0.559862 0.650083 0.477658 0.790520 0.581921 0.339288 0.653873 0.551540 0.716345 0.613792 0.381539 0.813876 0.322337 0.273642 0.259534 0.529057 0.577947 0.806663 0.763422 0.543845 0.300904 0.274007 0.601574 0.674187 0.647164 0.649150 0.789416 0.404038 0.630949 0.559620 0.521878 0.677423 0.860544 0.513499 0.452013 0.291494 0.634612 0.640649 0.457805 0.484529 0.753449 0.720488 0.640525 0.557182 0.523437 0.701763 0.619469 0.757508 0.583403 0.607930 0.638404 0.460696 0.739740
0.334370 0.756639 0.593377 0.465305 0.444204 0.727710 0.406742 0.491525 0.364256 0.718717 0.474559 0.807376 0.553507 0.353257 0.301071 0.848902 0.592501 0.557384 0.790681 0.759658 0.653811 0.444567 0.386285 0.333884 0.521130 0.845747 0.492518 0.355632 0.303918 0.499592 0.728656 0.513601 0.476858 0.577773 0.793361 0.836166 0.489747 0.481059 0.710970 0.501544 0.490113 0.551828 0.444997 0.513821 0.682344 0.495941 0.615786 0.877145 0.466521 0.681038 0.265400 0.476586 0.688263 0.618415 0.478521 0.670978 0.583387 0.583381 0.342735 0.356210 0.404267 0.585653 0.867929
0.462095 0.576351 0.211122 0.871011 0.597617 0.320750 0.559871 0.720070 0.489793 0.407130 0.377266 0.391742 0.495340 0.591535 0.687517 0.603266 0.410779 0.259217 0.510176 0.420405 0.666304 0.441044 0.425919 0.497130 0.243666 0.246759 0.663178 0.492319 0.361922 0.856088 0.222977 0.216107 0.478295 0.753322 0.934795 0.754265 0.671094 0.534064 0.433863 0.688740 0.692292 0.607010 0.390798 0.465063 0.200212 0.470921 0.798877 0.811226 0.787025 0.802824 0.732216 0.613610 0.533528 0.420411 0.840755 0.408877 0.729853 0.606157 0.515590 0.450144 0.579132 0.568640 0.677541
0.805992 0.471315 0.281243 0.403673 0.317634 0.492245 0.503616 0.632166 0.686699 0.745058 0.373196 0.372123 0.216042 0.565988 0.580730 0.341607 0.468615 0.493171 0.425578 0.552273 0.686675 0.679504 0.374725 0.392589 0.668215 0.556190 0.713104 0.538661 0.304584 0.637472 0.645879 0.768261 0.589969 0.480386 0.529641 0.305493 0.366532 0.384015 0.313362 0.703477 0.704646 0.539948 0.433633 0.307788 0.706006 0.842498 0.547015 0.639956 0.664589 0.742485 0.672844 0.487307 0.389770 0.346527 0.575078 0.401117 0.676535 0.470381 0.552677 0.514481 0.781863 0.601511 0.575149
0.470777 0.463578 0.525493 0.599790 0.745298 0.356452 0.301324 0.544609 0.655274 0.542068 0.624470 0.412082 0.215963 0.670003 0.683517 0.749370 0.745630 0.382932 0.447887 0.351367 0.672078 0.368969 0.441343 0.400279 0.402159 0.837999 0.663236 0.632989 0.341229 0.400949 0.495924 0.590018 0.480918 0.493112 0.637411 0.531184 0.617664 0.616185 0.302894 0.495788 0.417121 0.669382 0.515986 0.637027 0.395968 0.317266 0.404813 0.607851 0.667656 0.438542 0.678364 0.473717 0.620011 0.888756 0.710101 0.510132 0.658915 0.758057 0.884262 0.544271 0.662776 0.530152 0.539830
0.222370 0.448781 0.591051 0.505048 0.420527 0.627067 0.825775 0.328997 0.655995 0.255631 0.589037 0.554370 0.395945 0.383593 0.436812 0.625851 0.447105 0.292770 0.373264 0.445822 0.813957 0.459128 0.398354 0.529458 0.629500 0.453119 0.469524 0.632851 0.342314 0.347685 0.277782 0.694898 0.698088 0.614747 0.509112 0.492556 0.215820 0.482140 0.524770 0.440963 0.735618 0.693877 0.682908 0.553536 0.651743 0.587055 0.523351 0.331875 0.486711 0.520133 0.585036 0.502140 0.651647 0.682981 0.575233 0.470173 0.443377 0.488698 0.432430 0.554625 0.432048 0.360660 0.637128
0.613364 0.640893 0.369476 0.436827 0.637755 0.678151 0.447336 0.375722 0.633918 0.466660 0.357717 0.460355 0.690919 0.526085 0.694728 0.460856 0.585792 0.590724 0.680550 0.777935 0.479732 0.809414 0.536868 0.365825 0.479175 0.426617 0.452390 0.754564 0.573570 0.466317 0.645222 0.218463 0.351150 0.659096 0.470488 0.332310 0.566228 0.634572 0.103097 0.521342 0.669429 0.550904 0.827403 0.685966 0.510024 0.662604 0.495123 0.322155 0.637882 0.715963 0.489216 0.622493 0.660262 0.498667 0.401651 0.622713 0.502599 0.439794 0.526989 0.885022 0.632926 0.521852 0.356386
0.566250 0.757079 0.424306 0.569751 0.675042 0.403457 0.434396 0.485205 0.471027 0.455213 0.776557 0.737579 0.536685 0.502169 0.618809 0.548508 0.635073 0.460249 0.628471 0.742802 0.472277 0.695026 0.581859 0.719209 0.705287 0.505795 0.465834 0.631656 0.829946 0.447077 0.550369 0.431308 0.418433 0.521918 0.555350 0.705788 0.701553 0.641050 0.443969 0.514353 0.530207 0.671360 0.506224 0.284177 0.735617 0.480022 0.605374 0.743097 0.757973 0.312925 0.605804 0.789778 0.722257 0.606546 0.606903 0.558711 0.530367 0.711144 0.735168 0.547492 0.699849 0.788223 0.672267
0.381565 0.392226 0.389763 0.699608 0.537615 0.597584 0.528940 0.469448 0.761455 0.199475 0.397372 0.226168 0.423434 0.503063 0.595235 0.389095 0.848580 0.575171 0.306731 0.521117 0.511915 0.420705 0.624561 0.713114 0.374077 0.750253 0.628656 0.618539 0.274426 0.765827 0.589434 0.447580 0.526271 0.535035 0.644260 0.446443 0.843985 0.471979 0.744372 0.610563 0.267486 0.760062 0.523776 0.597033 0.668415 0.562643 0.260807 0.572433 0.819130 0.635665 0.578471 0.558336 0.700198 0.730937 0.464938 0.636840 0.863181 0.628342 0.544480 1.000000 0.450159 0.595107 0.757678
0.614262 0.561016 0.324643 0.522677 0.558336 0.504622 0.804797 0.590949 0.724525 0.681168 0.462525 0.239597 0.735462 0.594639 0.449385 0.629734 0.560974 0.743932 0.503428 0.524856 0.663443 0.505058 0.650419 0.382199 0.327264 0.447577 0.545625 0.549760 0.737442 0.395508 0.551479 0.642479 0.384537 0.396678 0.589878 0.550294 0.340865 0.656019 0.592644 0.613874 0.464312 0.653328 0.474601 0.554081 0.703692 0.867850 0.661873 0.606779 0.532458 0.879174 0.607861 0.472889 0.676074 0.471499 0.760127 0.423923 0.569629 0.675425 0.487594 0.723133 0.560998 0.409082 0.640556
0.597810 0.425837 0.764552 0.444035 0.797453 0.799389 0.658356 0.434308 0.693958 0.396531 0.741000 0.803118 0.558018 0.715188 0.455683 0.753079 0.817177 0.633813 0.733983 0.662634 0.757202 0.581184 0.656304 0.272382 0.513339 0.393833 0.608057 0.703335 0.571785 0.523666 0.513582 0.666869 0.583843 0.561239 0.674176 0.600203 0.614253 0.453564 0.596934 0.367138 0.562310 0.772246 0.611462 0.569416 0.712309 0.296503 0.569552 0.456722 0.521520 0.670360 0.387880 0.671631 0.710540 0.458618 0.693267 0.587065 0.687729 0.411751 0.732354 0.760295 0.486987 0.934775 0.570231
0.787356 0.778964 0.467382 0.658330 0.412222 0.731497 0.536611 0.470727 0.557333 0.447572 0.696177 0.600093 0.726966 0.557824 0.858566 0.570246 0.463573 0.344126 0.482875 0.469962 0.620150 0.387945 0.648943 0.478891 0.501159 0.668663 0.375080 0.710776 0.276951 0.395571 0.827026 0.694880 0.553872 0.738613 0.295862 0.333080 0.408981 0.430360 0.416717 0.522626 0.536834 0.542200 0.689976 0.760640 0.551963 0.646441 0.491818 0.673940 0.450023 0.594869 0.755723 0.484598 0.535460 0.776339 0.293866 0.422257 0.714879 0.677332 0.641121 0.611840 0.857209 0.460611 0.557031
0.648072 0.842736 0.608829 0.498791 0.931923 0.743828 0.311969 0.940820 0.706789 0.476701 0.780359 0.378688 0.595224 0.309671 0.518743 0.548093 0.634359 0.518607 0.288894 0.728069 0.378639 0.395766 0.505716 0.729789 0.630487 0.549605 0.860971 0.573781 0.639125 0.638414 0.457683 0.416921 0.787123 0.818847 0.313001 0.457484 0.808065 0.593433 0.395483 0.565290 0.555000 0.726732 0.652689 0.546041 0.555022 0.369989 0.743630 0.590669 0.961284 0.621793 0.668165 0.720735 0.770484 0.676015 0.448035 0.581221 0.375992 0.571450 0.741066 0.521167 0.558116 0.531444 0.533963
0.558133 0.381159 0.727104 0.450004 0.417422 0.881478 0.451570 0.677574 0.634906 0.422767 0.536430 0.454120 0.347963 0.435835 0.776723 0.385207 0.338615 0.509701 0.592212 0.867474 0.686001 0.649574 0.702962 0.748446 0.429039 0.785596 0.236570 0.576776 0.553547 0.497323 0.347127 0.778106 0.496670 0.849491 0.775938 0.530015 0.727710 0.550552 0.689641 0.349378 0.667586 0.441577 0.445039 0.883240 0.652574 0.493433 0.735548 0.556392 0.569809 0.825145 0.535292 0.414331 0.620698 0.818789 0.401251 0.661849 0.374790 0.598883 0.586462 0.832147 0.499621 0.517219 0.372841
0.474798 0.507981 0.517116 0.601270 0.619817 0.467753 0.745610 0.550618 0.520400 0.734909 0.812861 0.237155 0.546980 0.445052 0.740277 0.741851 0.775302 0.863631 0.514981 0.451049 0.469141 0.447234 0.349110 0.717437 0.857069 0.273740 0.583131 0.661696 0.707525 0.837913 0.451839 0.406488 0.494555 0.585267 0.798459 0.541175 0.564600 0.428745 0.650160 0.691556 0.661016 0.375344 0.409028 0.767420 0.515612 0.428630 0.398238 0.532746 0.679227 0.620461 0.594120 0.566090 0.456014 0.773585 0.800894 0.815317 0.864141 0.499429 0.437481 0.517315 0.601240 0.521487 0.456822
