cenop/data/CentralBaltic/prey0000_08.asc
NCOLS 400 
NROWS 400 
XLLCORNER 4750000.0 
YLLCORNER 3200000.0 
CELLSIZE 1000.0 
NODATA_value -9999 
[rows 84 to 111 of 400, columns 252 to 314 of 400]
0.530887 0.074827 0.642127 0.608301 0.350812 0.161963 0.672466 0.591018 0.345395 0.160671 0.422962 0.453008 0.612617 0.352399 0.497805 0.542020 0.253685 0.586629 0.586912 0.607753 0.304033 0.669111 0.569746 0.560675 0.479362 0.461908 0.615548 0.550359 0.322029 0.241322 0.530025 0.478357 0.436117 0.320287 0.515541 0.719287 0.330496 0.374157 0.361111 0.459393 0.452967 0.301807 0.230053 0.495045 0.595250 0.353896 0.582112 0.322876 0.249617 0.408490 0.224475 0.602220 0.402744 0.190733 0.523021 0.317046 0.507700 0.375338 0.299827 0.690449 0.348159 0.345522 0.412090
0.320917 0.377000 0.569206 0.633704 0.367970 0.255700 0.482923 0.653837 0.481647 0.231575 0.526755 0.518988 0.607658 0.419438 0.526748 0.215810 0.528398 0.377444 0.528911 0.307209 0.000000 0.692062 0.372670 0.571406 0.302714 0.348436 0.579231 0.429189 0.610908 0.234119 0.590514 0.163300 0.450474 0.459397 0.580099 0.379252 0.375410 0.494149 0.270739 0.520383 0.510268 0.328705 0.225732 0.502315 0.363868 0.558073 0.480993 0.330122 0.387529 0.305571 0.619417 0.335095 0.564358 0.284947 0.227016 0.194717 0.515209 0.583462 0.381411 0.381217 0.298301 0.338781 0.637003
0.514302 0.271260 0.618892 0.451926 0.428847 0.561083 0.394099 0.161241 0.490405 0.215915 0.713300 0.535258 0.534788 0.329163 0.271523 0.587970 0.356032 0.231825 0.761689 0.498925 0.771882 0.468795 0.705328 0.622014 0.556126 0.282919 0.333772 0.469744 0.270104 0.515882 0.605601 0.579523 0.404967 0.485935 0.718832 0.640563 0.612651 0.729991 0.469876 0.669276 0.664827 0.323658 0.311589 0.406317 0.530073 0.223384 0.412693 0.469287 0.620295 0.455754 0.777618 0.433123 0.503873 0.423421 0.811015 0.599264 0.239890 0.643158 0.221134 0.169326 0.252427 0.546607 0.506527
0.321863 0.544101 0.528251 0.508104 0.652220 0.402010 0.677345 0.327703 0.754307 0.616162 0.272730 0.602279 0.496576 0.472957 0.749611 0.416847 0.674122 0.159996 0.317183 0.435253 0.527241 0.415845 0.398622 0.508172 0.295441 0.201897 0.460625 0.365022 0.402685 0.408548 0.464238 0.328793 0.207608 0.398318 0.601954 0.670243 0.238867 0.439235 0.620911 0.494464 0.355648 0.516024 0.390602 0.645780 0.687281 0.437078 0.546155 0.567908 0.558731 0.422430 0.530530 0.279949 0.638868 0.508682 0.513579 0.545851 0.645333 0.418202 0.455552 0.511625 0.320868 0.556176 0.560901
0.440082 0.545721 0.594518 0.450364 0.549898 0.288609 0.819988 0.485593 0.201208 0.547200 0.475285 0.786251 0.539598 0.536247 0.186866 0.461037 0.332043 0.465295 0.588777 0.690080 0.453435 0.214468 0.307769 0.092323 0.549288 0.564405 0.431971 0.443573 0.452836 0.494309 0.144855 0.492397 0.442125 0.541875 0.380795 0.301055 0.515953 0.312382 0.348518 0.786426 0.583298 0.340922 0.342475 0.487504 0.433437 0.412544 0.508200 0.600627 0.646718 0.447427 0.464453 0.328227 0.511132 0.338485 0.385600 0.491641 0.399751 0.576617 0.573843 0.430387 0.324330 0.538860 0.608179
0.211817 0.623520 0.365634 0.650853 0.427102 0.475652 0.616790 0.407098 0.369198 0.342472 0.526398 0.338734 0.577934 0.582466 0.454417 0.516218 0.373500 0.167551 0.694154 0.427355 0.428880 0.504817 0.246708 0.403137 0.299696 0.339669 0.428308 0.562715 0.684327 0.556106 0.478970 0.589352 0.450713 0.474978 0.765343 0.688051 0.606868 0.526488 0.378773 0.573043 0.444939 0.350498 0.742859 0.638260 0.564051 0.396899 0.602207 0.607762 0.359245 0.539386 0.311921 0.446584 0.811561 0.700497 0.459979 0.564739 0.363807 0.327691 0.387201 0.277179 0.366303 0.546321 0.609565
0.713146 0.480329 0.806138 0.377293 0.308192 0.393266 0.053528 0.422702 0.670870 0.602134 0.487398 0.390684 0.468690 0.241985 0.392709 0.888768 0.620448 0.453581 0.618293 0.588063 0.463404 0.421965 0.711043 0.690502 0.436194 0.548374 0.249398 0.530638 0.426876 0.448277 0.219182 0.430457 0.598251 0.515371 0.525155 0.558425 0.624667 0.207625 0.308622 0.376532 0.427733 0.496224 0.260131 0.682283 0.614683 0.507914 0.587311 0.281644 0.703231 0.621514 0.533092 0.458914 0.591764 0.609126 0.562939 0.538498 0.263516 0.476277 0.605718 0.591406 0.564649 0.591599 0.557569
0.395845 0.628738 0.502886 0.522920 0.517773 0.316516 0.643928 0.306579 0.466792 0.469825 0.572141 0.466005 0.545056 0.689443 0.408330 0.525753 0.548252 0.583845 0.352080 0.432698 0.719418 0.521428 0.550730 0.434249 0.361493 0.388518 0.151170 0.315037 0.631699 0.200230 0.391366 0.460514 0.531395 0.606307 0.670016 0.449624 0.586358 0.534918 0.798516 0.411149 0.620250 0.676027 0.766996 0.431169 0.504637 0.323847 0.569696 0.560377 0.612463 0.260727 0.650179 0.389241 0.489137 0.481650 0.495918 0.609481 0.396769 0.260033 0.310737 0.326731 0.608993 0.520518 0.339700
0.518863 0.304288 0.590244 0.348430 0.275554 0.301823 0.478255 0.274512 0.526779 0.607037 0.489111 0.607950 0.643819 0.648442 0.429366 0.244696 0.542176 0.602298 0.737062 0.519298 0.595407 0.637111 0.212795 0.463996 0.427322 0.514643 0.491228 0.137075 0.507634 0.472234 0.411681 0.397467 0.564952 0.723721 0.536765 0.237870 0.454538 0.579727 0.675173 0.543536 0.555644 0.358766 0.250344 0.382004 0.367526 0.441976 0.315422 0.769377 0.463638 0.239998 0.653566 0.564730 0.443703 0.442366 0.604957 0.722965 0.301953 0.524294 0.436367 0.381735 0.298615 0.630950 0.326976
0.649588 0.455215 0.499143 0.221169 0.550821 0.657671 0.595404 0.537456 0.260135 0.466243 0.509915 0.303981 0.558312 0.503108 0.371750 0.142743 0.252895 0.437457 0.361294 0.732204 0.447025 0.273620 0.317401 0.493069 0.599478 0.252835 0.492574 0.694637 0.336831 0.373697 0.714774 0.466035 0.823656 0.305824 0.339728 0.376780 0.585521 0.327197 0.473484 0.454018 0.665102 0.427625 0.480630 0.339308 0.761812 0.647038 0.581183 0.390679 0.359040 0.696631 0.549139 0.412104 0.413670 0.338448 0.571812 0.463291 0.638177 0.725374 0.425417 0.474301 0.495196 0.377253 0.148170
0.507865 0.526222 0.665987 0.472430 0.695326 0.569543 0.418575 0.494218 0.633677 0.559037 0.372060 0.247096 0.527771 0.418281 0.594792 0.564326 0.217296 0.252657 0.621172 0.380287 0.465017 0.524830 0.673397 0.708099 0.755632 0.610485 0.417765 0.598883 0.279875 0.509691 0.743033 0.343299 0.567888 0.551832 0.487579 0.627357 0.589523 0.505939 0.676096 0.381791 0.360414 0.555866 0.470432 0.483167 0.480006 0.475634 0.465779 0.446760 0.346191 0.612470 0.292877 0.430386 0.555944 0.579605 0.269353 0.433199 0.482548 0.562793 0.516264 0.039700 0.444036 0.727199 0.595568
0.251645 0.565724 0.411308 0.467585 0.341232 0.570443 0.274018 0.360194 0.629806 0.223951 0.470974 0.294439 0.263184 0.493905 0.547655 0.882470 0.253155 0.431876 0.551078 0.397532 0.645213 0.509883 0.351178 0.484738 0.370228 0.744776 0.116258 0.612924 0.191080 0.628612 0.454124 0.665780 0.667017 0.751814 0.233450 0.701543 0.458125 0.209239 0.888299 0.509355 0.221008 0.560697 0.571735 0.669930 0.600975 0.438933 0.459627 0.530512 0.336955 0.624621 0.445621 0.535535 0.221377 0.437411 0.622135 0.425368 0.409843 0.186819 0.558763 0.378192 0.124435 0.363349 0.553954
0.506108 0.780232 0.246236 0.498802 0.315848 0.519554 0.544597 0.211006 0.296034 0.658185 0.450191 0.507534 0.579374 0.581143 0.552262 0.499290 0.681446 0.858829 0.325767 0.438795 0.267015 0.501217 0.706628 0.462596 0.369151 0.476412 0.463089 0.207071 0.281480 0.412093 0.509072 0.482741 0.508799 0.300517 0.273527 0.273662 0.570902 0.253383 0.620871 0.226286 0.699915 0.505426 0.328207 0.454653 0.450229 0.481542 0.463039 0.262148 0.705573 0.685599 0.663213 0.250871 0.666938 0.471262 0.526432 0.623241 0.245041 0.564076 0.366687 0.563091 0.376139 0.494912 0.220825
0.555164 0.673485 0.504883 0.538841 0.457646 0.689730 0.363613 0.288527 0.441717 0.267718 0.354540 0.358717 0.689598 0.372170 0.277101 0.561017 0.526142 0.517576 0.385189 0.410915 0.405876 0.231411 0.488480 0.151266 0.421636 0.643526 0.055126 0.781339 0.504645 0.556177 0.460801 0.431126 0.665897 0.234502 0.573390 0.286128 0.540714 0.494891 0.672703 0.338914 0.413053 0.426175 0.614674 0.247884 0.515851 0.154039 0.260218 0.475781 0.600275 0.483858 0.401140 0.625908 0.552127 0.652810 0.237093 0.267161 0.237096 0.255350 0.562583 0.343821 0.423617 0.259858 0.549237
0.616846 0.308476 0.505938 0.217469 0.592601 0.584129 0.297307 0.518420 0.695446 0.487627 0.384627 0.443732 0.423629 0.337080 0.740077 0.404606 0.379285 0.430161 0.521156 0.582395 0.603662 0.441564 0.816356 0.316033 0.648481 0.191727 0.721412 0.364257 0.197888 0.574666 0.552556 0.246880 0.782938 0.623650 0.293250 0.420644 0.513497 0.489810 0.517250 0.753611 0.480599 0.547364 0.458242 0.288106 0.405235 0.656811 0.455641 0.419174 0.323288 0.411302 0.188173 0.614672 0.391784 0.218478 0.583204 0.373491 0.236953 0.575917 0.277968 0.157604 0.601889 0.510175 0.293628
0.556908 0.624908 0.487620 0.155066 0.626565 0.432570 0.580214 0.529136 0.457803 0.462437 0.541558 0.277878 0.451872 0.416289 0.187344 0.554268 0.321795 0.380248 0.745531 0.267546 0.373247 0.523988 0.472379 0.597127 0.271762 0.584167 0.410266 0.630972 0.445081 0.532815 0.520442 0.614255 0.200157 0.334608 0.660893 0.588911 0.479914 0.478769 0.138771 0.612824 0.527373 0.486002 0.514012 0.626899 0.478172 0.520184 0.366184 0.612087 0.274937 0.651482 0.422462 0.520444 0.499023 0.298295 0.292966 0.354477 0.631704 0.681727 0.323377 0.662154 0.709352 0.499943 0.548824
0.664098 0.289107 0.601020 0.300058 0.237036 0.484495 0.652375 0.688369 0.391473 0.456123 0.408530 0.100517 0.540232 0.439131 0.399163 0.128498 0.760084 0.428418 0.596125 0.478883 0.314853 0.667111 0.216991 0.454274 0.739623 0.261530 0.519541 0.334557 0.410808 0.272289 0.431932 0.555210 0.403308 0.266167 0.660278 0.230735 0.302135 0.507323 0.561470 0.415630 0.588559 0.358732 0.644709 0.389423 0.630460 0.677128 0.768108 0.562624 0.277219 0.591540 0.546893 0.470128 0.576664 0.170951 0.668011 0.418107 0.507786 0.555942 0.756091 0.535567 0.374729 0.302811 0.518707
0.323735 0.408014 0.256465 0.526994 0.312244 0.419454 0.542039 0.485029 0.397082 0.735046 0.273839 0.524793 0.451474 0.458833 0.401177 0.521237 0.509871 0.330180 0.606722 0.277265 0.158948 0.389317 0.446764 0.466735 0.130798 0.680887 0.663422 0.493337 0.161909 0.573868 0.342942 0.526469 0.352304 0.202862 0.507600 0.722254 0.234569 0.453221 0.349601 0.128686 0.435489 0.560718 0.669466 0.373811 0.480527 0.687027 0.645048 0.274056 0.455309 0.257376 0.389008 0.303428 0.495053 0.456868 0.676210 0.524793 0.689144 0.294458 0.343007 0.470682 0.483373 0.269962 0.563187
0.643985 0.482428 0.328630 0.666767 0.709444 0.497589 0.508200 0.413505 0.434646 0.485000 0.352150 0.669173 0.710115 0.375793 0.389020 0.363491 0.617707 0.477376 0.565926 0.221486 0.171119 0.594351 0.293078 0.289346 0.695571 0.424723 0.383919 0.745339 0.281526 0.463790 0.295154 0.406165 0.684085 0.518745 0.722518 0.497350 0.476100 0.523705 0.253691 0.592867 0.484799 0.228136 0.289472 0.654410 0.668207 0.647833 0.544458 0.385564 0.360493 0.669749 0.497975 0.615981 0.794841 0.381409 0.106446 0.287518 0.462508 0.244089 0.370942 0.367797 0.165992 0.397675 0.155300
0.436533 0.519693 0.356301 0.590682 0.151330 0.420920 0.542871 0.512131 0.617729 0.276500 0.427071 0.410869 0.626705 0.229710 0.388814 0.714601 0.749224 0.650865 0.507172 0.362492 0.569437 0.521769 0.398759 0.619276 0.212555 0.749987 0.447531 0.646702 0.535049 0.487387 0.275124 0.749774 0.285215 0.691960 0.470887 0.302348 0.363839 0.246231 0.709179 0.393120 0.375440 0.580559 0.820352 0.460821 0.493350 0.483838 0.440344 0.612468 0.582180 0.753641 0.521244 0.425231 0.787325 0.363748 0.441484 0.155928 0.387364 0.359884 0.547243 0.618964 0.236311 0.182256 0.458725
0.267978 0.563062 0.603350 0.502005 0.189210 0.489462 0.558851 0.449894 0.298709 0.538337 0.637225 0.671388 0.370592 0.728975 0.235531 0.390027 0.507002 0.605704 0.536157 0.435861 0.473680 0.405214 0.298359 0.313537 0.600975 0.499687 0.854821 0.130518 0.341876 0.512904 0.489431 0.543170 0.418897 0.692829 0.551685 0.625020 0.299383 0.099283 0.275999 0.381701 0.452534 0.599374 0.581326 0.411069 0.772019 0.175415 0.421622 0.877483 0.640410 0.551481 0.517290 0.781760 0.467442 0.574347 0.494524 0.614404 0.290742 0.359203 0.384621 0.557024 0.425848 0.504964 0.531700
0.212185 0.421054 0.388010 0.545488 0.633091 0.336214 0.455402 0.071132 0.569296 0.691639 0.710385 0.325130 0.583107 0.409846 0.766565 0.528302 0.373272 0.351917 0.228475 0.388487 0.585674 0.440063 0.309655 0.631550 0.582658 0.394105 0.601252 0.471206 0.740645 0.625534 0.512833 0.775041 0.392109 0.302568 0.430700 0.515094 0.430993 0.300712 0.453738 0.430168 0.740778 0.450728 0.787637 0.465861 0.384713 0.725851 0.687493 0.246676 0.338976 0.315255 0.484072 0.427496 0.384924 0.486708 0.323620 0.554826 0.459075 0.294638 0.743233 0.542571 0.388187 0.337472 0.313433
0.305504 0.477790 0.325550 0.344780 0.253577 0.594841 0.492322 0.419194 0.196460 0.357514 0.363783 0.142067 0.745464 0.437680 0.295225 0.256538 0.331930 0.490278 0.508673 0.210059 0.550504 0.558112 0.265420 0.596393 0.585135 0.403127 0.469433 0.126256 0.580404 0.205451 0.131004 0.646360 0.332132 0.236117 0.542527 0.185174 0.354191 0.627926 0.595139 0.547061 0.419350 0.326091 0.355519 0.364187 0.419158 0.203854 0.835589 0.604814 0.491798 0.461952 0.650422 0.663578 0.382433 0.395138 0.293650 0.465470 0.593053 0.313083 0.228417 0.657179 0.769119 0.701502 0.554020
0.346820 0.339102 0.256769 0.527632 0.600955 0.394246 0.539213 0.556204 0.137461 0.581632 0.371563 0.374565 0.609797 0.591398 0.341778 0.175339 0.214182 0.461455 0.468059 0.664523 0.310097 0.544642 0.680660 0.228489 0.317756 0.428981 0.135569 0.580334 0.508011 0.581255 0.273447 0.493654 0.348526 0.461304 0.643704 0.523732 0.778210 0.511342 0.532928 0.459988 0.406884 0.189896 0.317356 0.418862 0.335856 0.624198 0.518154 0.593386 0.401194 0.339849 0.495768 0.227874 0.624929 0.593743 0.507526 0.454897 0.714363 0.684247 0.396237 0.320571 0.747114 0.266323 0.389488
0.414308 0.425927 0.312558 0.311351 0.477674 0.640157 0.477059 0.406206 0.428968 0.477838 0.550461 0.518518 0.639521 0.136068 0.550748 0.780464 0.592403 0.224086 0.427633 0.177044 0.414140 0.487165 0.466058 0.795379 0.578226 0.268054 0.368715 0.450430 0.433403 0.634394 0.441251 0.572113 0.662174 0.591509 0.273856 0.426958 0.669565 0.425478 0.534740 0.680571 0.320156 0.266604 0.654313 0.639676 0.297489 0.339098 0.413856 0.413368 0.562918 0.534481 0.350233 0.607750 0.245725 0.275870 0.283017 0.120654 0.585734 0.579330 0.541947 0.412781 0.442954 0.301770 0.496662
0.628626 0.504200 0.663541 0.428512 0.460325 0.311199 0.289965 0.318297 0.632972 0.649959 0.234648 0.463284 0.326654 0.418971 0.563505 0.579570 0.403168 0.419133 0.441076 0.394143 0.540193 0.529090 0.659331 0.345874 0.530266 0.549524 0.362119 0.548892 0.271325 0.568708 0.760952 0.423802 0.268618 0.432138 0.293668 0.424095 0.773742 0.345729 0.565350 0.459752 0.460601 0.280518 0.136560 0.432995 0.323131 0.425776 0.310081 0.312165 0.693681 0.795232 0.597704 0.549190 0.333075 0.583612 0.380661 0.344282 0.357480 0.627467 0.487096 0.279509 0.507614 0.802212 0.492459
0.323477 0.208294 0.392520 0.494963 0.546271 0.250479 0.445146 0.562959 0.361787 0.309667 0.369594 0.355513 0.327907 0.702019 0.437004 0.417078 0.534613 0.215071 0.552070 0.586887 0.797540 0.381672 0.436059 0.709406 0.297038 0.633445 0.638723 0.548039 0.347365 0.275810 0.142140 0.508348 0.411983 0.540336 0.615506 0.680105 0.405080 0.541261 0.777175 0.684784 0.627757 0.483269 0.435505 0.253973 0.617978 0.354240 0.305588 0.210892 0.289717 0.508515 0.714520 0.285319 0.265154 0.290528 0.640981 0.621153 0.430387 0.244986 0.407278 0.490989 0.556593 0.302408 0.623252
0.502723 0.368885 0.497512 0.502288 0.487305 0.616211 0.389806 0.574522 0.609090 0.313347 0.203174 0.686867 0.541429 0.485873 0.525069 0.692707 0.086087 0.678824 0.655741 0.394077 0.127007 0.197392 0.416943 0.429406 0.381404 0.538806 0.335149 0.489775 0.236060 0.712148 0.547101 0.431387 0.459725 0.112116 0.262301 0.351556 0.475213 0.498042 0.260905 0.692593 0.417428 0.644188 0.522020 0.468716 0.389793 0.248154 0.311742 0.272709 0.452175 0.389294 0.609239 0.504030 0.367483 0.595897 0.108099 0.080603 0.566345 0.750450 0.483394 0.420868 0.372252 0.462451 0.244278
