cenop/data/CentralBaltic/prey0000_08.asc
NCOLS 400 
NROWS 400 
XLLCORNER 4750000.0 
YLLCORNER 3200000.0 
CELLSIZE 1000.0 
NODATA_value -9999 
[rows 56 to 83 of 400, columns 63 to 125 of 400]
0.173533 0.345601 0.355809 0.664246 0.536169 0.498321 0.368597 0.552705 0.275296 0.694648 0.200743 0.192214 0.196467 0.342944 0.515393 0.539507 0.621794 0.656768 0.227989 0.324775 0.572242 0.490003 0.427141 0.500071 0.182583 0.592577 0.462577 0.360575 0.487023 0.586498 0.743471 0.273873 0.484143 0.656169 0.517953 0.522262 0.444773 0.303756 0.302937 0.395911 0.437062 0.353616 0.504646 0.470419 0.482048 0.665708 0.867750 0.414269 0.459906 0.452397 0.608995 0.493068 0.548858 0.597868 0.387136 0.571683 0.387728 0.541153 0.392879 0.578318 0.791048 0.589094 0.665221
0.197850 0.596290 0.650959 0.386330 0.333781 0.341244 0.344740 0.162619 0.385278 0.534874 0.469884 0.740742 0.534192 0.283167 0.431631 0.338184 0.615517 0.453576 0.494721 0.705235 0.410102 0.392615 0.715383 0.363083 0.675055 0.768351 0.300389 0.554732 0.539168 0.714104 0.350647 0.419554 0.531796 0.697635 0.475314 0.533914 0.554891 0.591669 0.278942 0.524089 0.494815 0.641185 0.158930 0.293078 0.242837 0.370415 0.564459 0.566545 0.465208 0.504466 0.665919 0.563678 0.664075 0.442392 0.228877 0.534936 0.388156 0.489998 0.567331 0.446560 0.832161 0.673129 0.454476
0.330077 0.168815 0.598451 0.650977 0.333953 0.472376 0.422342 0.459517 0.714986 0.498071 0.155968 0.694740 0.501925 0.759565 0.482081 0.636825 0.709850 0.359271 0.590055 0.379233 0.325682 0.473038 0.098592 0.251569 0.332160 0.284489 0.357124 0.423609 0.369616 0.464844 0.663733 0.537910 0.396846 0.394227 0.306964 0.818861 0.477333 0.236019 0.565823 0.452218 0.803837 0.446490 0.559050 0.372690 0.331547 0.505201 0.406888 0.699915 0.715127 0.779782 0.727303 0.459723 0.242438 0.718518 0.691212 0.439386 0.508218 0.426635 0.400986 0.132471 0.356700 0.395835 0.746614
0.494674 0.445387 0.623233 0.248012 0.538512 0.362775 0.481320 0.664151 0.641427 0.466377 0.471804 0.279795 0.481677 0.838766 0.520200 0.675664 0.583222 0.272897 0.191217 0.470479 0.597033 0.330376 0.296027 0.531123 0.334719 0.312448 0.492813 0.363805 0.247611 0.609207 0.570697 0.327992 0.518697 0.396268 0.543802 0.545392 0.695384 0.393636 0.286648 0.469834 0.431752 0.497010 0.260537 0.642970 0.786948 0.464467 0.503809 0.391583 0.296740 0.316361 0.417181 0.420461 0.313828 0.356748 0.607422 0.480967 0.429508 0.419711 0.618376 0.461642 0.537260 0.410478 0.369790
0.461785 0.492784 0.360742 0.628743 0.544832 0.400829 0.246315 0.553991 0.261028 0.493086 0.389251 0.441497 0.594706 0.343540 0.235473 0.420790 0.748870 0.592732 0.367409 0.247147 0.342976 0.662551 0.498378 0.359391 0.517012 0.594578 0.445291 0.330006 0.498324 0.332123 0.765469 0.511654 0.579196 0.140426 0.608104 0.280191 0.423495 0.404326 0.392452 0.307576 0.567827 0.451591 0.606665 0.441614 0.180093 0.353453 0.508715 0.370787 0.577054 0.277226 0.642319 0.330513 0.396411 0.478982 0.395696 0.539596 0.315449 0.446700 0.496666 0.446461 0.767422 0.522626 0.334588
0.607670 0.372315 0.588721 0.320341 0.421856 0.678064 0.554558 0.405346 0.667148 0.658065 0.246893 0.521584 0.661350 0.328322 0.318970 0.506246 0.327238 0.654494 0.353367 0.351506 0.501878 0.574920 0.564006 0.476253 0.180140 0.265015 0.599376 0.661971 0.538741 0.799389 0.320045 0.388602 0.460462 0.452512 0.546955 0.336424 0.716835 0.418827 0.633854 0.245565 0.610659 0.537933 0.332513 0.547359 0.329650 0.786440 0.427097 0.416643 0.342610 0.340395 0.407764 0.489625 0.555725 0.700158 0.260342 0.787263 0.230631 0.548998 0.397440 0.633419 0.826816 0.459162 0.604900
0.627946 0.550034 0.530723 0.473738 0.623747 0.453068 0.224808 0.624919 0.598376 0.631322 0.413336 0.406610 0.743944 0.444296 0.350228 0.509035 0.498960 0.301648 0.571206 0.423484 0.472321 0.625551 0.330904 0.538183 0.335388 0.317665 0.283714 0.282723 0.590635 0.580825 0.371168 0.363139 0.173025 0.318978 0.476496 0.470545 0.272127 0.447402 0.073806 0.560280 0.587255 0.755322 0.736122 0.420042 0.344498 0.397273 0.332503 0.583773 0.464273 0.215092 0.575071 0.498672 0.534011 0.311754 0.707604 0.160224 0.554388 0.727834 0.461341 0.447015 0.541266 0.213651 0.587264
0.560366 0.233680 0.563721 0.551628 0.629218 0.485675 0.606877 0.483400 0.364004 0.376989 0.541134 0.338556 0.723444 0.565702 0.209113 0.638602 0.624321 0.585713 0.216516 0.446596 0.308509 0.334425 0.629960 0.576764 0.780332 0.568470 0.337109 0.474470 0.711689 0.914612 0.392020 0.437747 0.384268 0.112561 0.719575 0.345697 0.408111 0.430157 0.322262 0.396519 0.623142 0.272811 0.614759 0.489783 0.313737 0.559517 0.588332 0.605710 0.543370 0.359630 0.558657 0.694769 0.676316 0.559170 0.699222 0.450078 0.242247 0.596006 0.507973 0.494657 0.479216 0.436533 0.203997
0.557417 0.853310 0.470482 0.492048 0.685706 0.406580 0.567566 0.578680 0.743839 0.577273 0.501452 0.310580 0.789079 0.592007 0.623288 0.613114 0.261138 0.424518 0.361991 0.158483 0.373542 0.407657 0.445375 0.385256 0.537178 0.402077 0.493353 0.564737 0.508128 0.612505 0.753013 0.456695 0.453890 0.490764 0.533025 0.230175 0.630034 0.424865 0.317788 0.440211 0.504314 0.220291 0.282645 0.525368 0.345052 0.580432 0.296647 0.615111 0.390128 0.521839 0.694446 0.304920 0.456646 0.481822 0.483954 0.380136 0.391657 0.316792 0.314788 0.529651 0.392321 0.238553 0.441833
0.503613 0.584610 0.558076 0.545580 0.614188 0.386393 0.304406 0.316105 0.492555 0.626625 0.434993 0.409464 0.705941 0.463973 0.522580 0.689061 0.585227 0.256115 0.432042 0.450064 0.189383 0.234631 0.190174 0.302291 0.351916 0.384823 0.626116 0.109207 0.163034 0.518584 0.461865 0.521102 0.317837 0.422274 0.722085 0.204138 0.479384 0.661030 0.795204 0.514228 0.551548 0.259943 0.412435 0.200285 0.346526 0.602168 0.678232 0.494051 0.368926 0.202481 0.698549 0.551289 0.706793 0.396580 0.779352 0.618066 0.703113 0.438518 0.334677 0.691931 0.334766 0.616589 0.544758
0.502491 0.432167 0.344828 0.118636 0.332830 0.381837 0.503940 0.314713 0.453183 0.461235 0.118449 0.598379 0.320942 0.277698 0.501047 0.373726 0.661105 0.602781 0.826767 0.394600 0.637452 0.641208 0.504116 0.297191 0.618167 0.252788 0.342093 0.505383 0.487641 0.617157 0.645010 0.344999 0.307694 0.602194 0.521141 0.718182 0.602105 0.542860 0.404681 0.424994 0.615135 0.386682 0.132764 0.239439 0.347259 0.669933 0.340853 0.367506 0.136486 0.360492 0.314289 0.358111 0.544899 0.763610 0.456198 0.376423 0.720176 0.612659 0.417272 0.422027 0.320636 0.444607 0.467093
0.554832 0.241711 0.429823 0.234160 0.447785 0.466725 0.490720 0.382267 0.000000 0.605395 0.162087 0.420438 0.396142 0.307067 0.723792 0.569511 0.674280 0.425000 0.395221 0.368053 0.355119 0.553071 0.340623 0.351900 0.457750 0.296659 0.522403 0.541883 0.408908 0.386379 0.171438 0.308821 0.651571 0.458086 0.657384 0.562821 0.631900 0.558429 0.433882 0.237266 0.573834 0.385537 0.595071 0.643873 0.773836 0.474400 0.283449 0.337931 0.614900 0.348761 0.337465 0.707944 0.372332 0.645853 0.589075 0.278814 0.352073 0.650436 0.337683 0.561433 0.701102 0.282412 0.525906
0.610876 0.307141 0.536043 0.424635 0.574037 0.528517 0.571093 0.379405 0.393416 0.458498 0.556213 0.663550 0.579563 0.513567 0.607997 0.669265 0.482311 0.319924 0.356191 0.488247 0.254105 0.613228 0.345403 0.613672 0.538117 0.458756 0.579352 0.357387 0.276414 0.492466 0.366533 0.192608 0.720119 0.357908 0.338019 0.675195 0.334102 0.359362 0.427948 0.556897 0.613644 0.321787 0.428289 0.305820 0.693249 0.601119 0.467830 0.259919 0.341829 0.480819 0.483653 0.347978 0.758307 0.308406 0.510978 0.333089 0.267571 0.241316 0.537428 0.441414 0.295232 0.334753 0.682223
0.439387 0.602471 0.467957 0.635702 0.367178 0.288633 0.574681 0.682554 0.443924 0.687574 0.648643 0.738527 0.822859 0.677060 0.524262 0.581459 0.335428 0.401959 0.608524 0.525190 0.548887 0.465521 0.479003 0.298907 0.458792 0.501244 0.564986 0.496943 0.498106 0.287930 0.562713 0.763336 0.717059 0.572895 0.722410 0.206163 0.353842 0.811253 0.529798 0.386260 0.458810 0.268046 0.487011 0.359467 0.307061 0.412329 0.613439 0.541783 0.653455 0.360950 0.574967 0.639272 0.416686 0.560364 0.430569 0.308859 0.773287 0.401461 0.395951 0.411584 0.468702 0.659799 0.374945
0.756129 0.555779 0.673525 0.352856 0.329374 0.373766 0.607137 0.459307 0.488155 0.423097 0.540487 0.485016 0.645194 0.218776 0.589874 0.687334 0.462074 0.463187 0.491722 0.295308 0.499520 0.427851 0.380195 0.355767 0.371170 0.527182 0.391514 0.556841 0.536306 0.628685 0.564078 0.584689 0.491860 0.211424 0.480846 0.879310 0.755632 0.603850 0.584280 0.498011 0.698655 0.348542 0.596851 0.237197 0.432552 0.360527 0.761128 0.611029 0.799745 0.337152 0.654140 0.282087 0.777506 0.584099 0.598822 0.726773 0.672391 0.585514 0.305864 0.569259 0.753951 0.697998 0.641269
0.233323 0.383836 0.437041 0.373313 0.620477 0.364958 0.568356 0.352478 0.273262 0.380522 0.475451 0.295076 0.385679 0.358457 0.692443 0.501915 0.562193 0.643843 0.349458 0.532758 0.348585 0.415930 0.495816 0.343576 0.504221 0.392511 0.701446 0.326599 0.485029 0.550526 0.574662 0.438232 0.398703 0.449754 0.306594 0.642943 0.379401 0.457310 0.472556 0.409891 0.650195 0.311152 0.245122 0.535588 0.639800 0.511435 0.774417 0.751718 0.545138 0.675246 0.640408 0.562080 0.280098 0.330433 0.323067 0.319397 0.427543 0.360656 0.505890 0.373767 0.627852 0.488878 0.591385
0.372100 0.292222 0.822946 0.624362 0.609090 0.317773 0.474556 0.483207 0.448011 0.548455 0.585164 0.539087 0.411989 0.680290 0.415574 0.691989 0.429431 0.247809 0.503913 0.326242 0.407288 0.830702 0.569633 0.548360 0.493765 0.536273 0.605968 0.489707 0.543616 0.581082 0.398497 0.466397 0.157157 0.196464 0.623910 0.651809 0.651216 0.023185 0.337292 0.594556 0.496153 0.346043 0.549152 0.320313 0.587829 0.554136 0.210410 0.441678 0.556993 0.384813 0.420195 0.834645 0.388721 0.208452 0.557210 0.201109 0.399490 0.595894 0.385185 0.253332 0.304698 0.585803 0.585359
0.530181 0.624389 0.493706 0.604763 0.470680 0.366900 0.345797 0.536318 0.373656 0.282719 0.409023 0.251183 0.046310 0.537842 0.407711 0.612741 0.246498 0.416232 0.397725 0.628557 0.270128 0.320721 0.390949 0.602731 0.302702 0.615831 0.711503 0.469060 0.533488 0.514950 0.412617 0.391133 0.341991 0.533274 0.338268 0.559873 0.158117 0.610001 0.411980 0.380831 0.210518 0.497977 0.380924 0.520850 0.337089 0.521762 0.729270 0.455672 0.400825 0.330706 0.486685 0.314799 0.442147 0.723436 0.428897 0.539891 0.182138 0.651542 0.327339 0.382144 0.539256 0.681670 0.378629
0.644839 0.355943 0.489010 0.383121 0.741693 0.560207 0.460669 0.479397 0.346368 0.339739 0.447761 0.271330 0.452429 0.513920 0.546903 0.725853 0.299442 0.552172 0.417156 0.241144 0.492175 0.319952 0.358055 0.599267 0.469441 0.222928 0.578580 0.440083 0.302435 0.724143 0.587750 0.527500 0.402585 0.354960 0.631494 0.123522 0.119206 0.275309 0.586943 0.268906 0.646689 0.398750 0.391771 0.346673 0.583946 0.576525 0.513001 0.247550 0.363916 0.563758 0.427464 0.471970 0.602148 0.596598 0.376726 0.264057 0.194212 0.429299 0.654298 0.292985 0.232885 0.655630 0.349292
0.326812 0.396978 0.398117 0.387651 0.395501 0.616652 0.475135 0.621431 0.418937 0.676036 0.158784 0.543788 0.406517 0.508115 0.595879 0.541984 0.635919 0.483059 0.557750 0.707195 0.636011 0.344281 0.593748 0.332221 0.426080 0.329412 0.488172 0.520813 0.229029 0.683964 0.315007 0.525263 0.639215 0.621565 0.390363 0.369525 0.661278 0.085805 0.573135 0.294626 0.400678 0.512938 0.324810 0.422608 0.514108 0.163345 0.531296 0.643203 0.507503 0.398259 0.371484 0.440634 0.502738 0.679824 0.262118 0.681679 0.666329 0.546472 0.156183 0.567248 0.690214 0.646167 0.268290
0.810332 0.392479 0.272132 0.507648 0.354508 0.545867 0.302494 0.507449 0.448805 0.702092 0.406764 0.615430 0.736706 0.253604 0.502947 0.591691 0.315030 0.526863 0.652966 0.525078 0.433437 0.310848 0.375380 0.315369 0.491767 0.388974 0.358900 0.574496 0.285583 0.496360 0.442142 0.512163 0.599275 0.406938 0.599318 0.409702 0.231773 0.656565 0.649512 0.480738 0.819065 0.530832 0.614416 0.262661 0.144579 0.352072 0.523655 0.478608 0.370759 0.358067 0.377033 0.307485 0.484063 0.574379 0.610888 0.485822 0.424695 0.367818 0.387225 0.671049 0.736820 0.743044 0.312291
0.502896 0.445084 0.708621 0.564316 0.390260 0.315523 0.265579 0.512149 0.501001 0.346989 0.352375 0.322559 0.665256 0.346892 0.540646 0.421571 0.570622 0.391205 0.638482 0.582153 0.663287 0.439787 0.637389 0.147200 0.675971 0.371712 0.303025 0.492507 0.677443 0.423512 0.298590 0.407185 0.259326 0.677903 0.572765 0.915551 0.688069 0.289116 0.279310 0.725213 0.476590 0.449139 0.555277 0.453787 0.171312 0.095796 0.172401 0.698392 0.311510 0.245873 0.342091 0.543856 0.445305 0.329848 0.409779 0.844642 0.415260 0.674811 0.318413 0.639860 0.247688 0.300797 0.426204
0.315983 0.555849 0.547164 0.567291 0.347087 0.414044 0.359662 0.643252 0.398687 0.509491 0.535574 0.434166 0.309796 0.621094 0.620333 0.666522 0.450372 0.732145 0.393017 0.397993 0.176222 0.325497 0.580938 0.580800 0.281649 0.654739 0.706698 0.713292 0.399449 0.449169 0.621541 0.283307 0.435024 0.354099 0.509863 0.284431 0.690551 0.432404 0.254795 0.202247 0.617076 0.323671 0.617960 0.432863 0.427410 0.511174 0.639192 0.417863 0.369535 0.593086 0.551188 0.245786 0.129635 0.527629 0.388561 0.321535 0.730977 0.508538 0.478229 0.224052 0.467650 0.408479 0.777429
0.531374 0.649874 0.286356 0.616680 0.750247 0.426276 0.456637 0.358271 0.453275 0.634702 0.155760 0.426661 0.411758 0.541859 0.400156 0.473094 0.235181 0.265092 0.417933 0.297511 0.253430 0.503871 0.570057 0.356580 0.504039 0.324539 0.153202 0.490508 0.206941 0.187028 0.411128 0.629822 0.494511 0.424883 0.412513 0.242255 0.369423 0.544913 0.450559 0.451841 0.380554 0.457027 0.340259 0.603894 0.295563 0.366392 0.182125 0.611539 0.611233 0.502588 0.277260 0.587956 0.416274 0.743016 0.357796 0.527401 0.270640 0.249429 0.464478 0.548553 0.490934 0.300297 0.632590
0.567994 0.452089 0.632374 0.609096 0.235627 0.597039 0.516712 0.553203 0.287037 0.582270 0.486846 0.428669 0.674619 0.362246 0.613821 0.503814 0.455174 0.641613 0.639168 0.448840 0.626920 0.256149 0.497823 0.320950 0.445352 0.421837 0.619596 0.618712 0.701668 0.522954 0.425610 0.349376 0.424170 0.479370 0.658084 0.768045 0.440459 0.546876 0.599433 0.508336 0.241706 0.461343 0.341711 0.554922 0.614936 0.751341 0.567072 0.475884 0.516214 0.308471 0.360809 0.471113 0.738613 0.271153 0.634474 0.296831 0.667753 0.266616 0.627850 0.648064 0.492812 0.419839 0.613784
0.682274 0.545159 0.605943 0.713625 0.274598 0.435071 0.266175 0.371359 0.447980 0.700370 0.176991 0.292772 0.293705 0.458644 0.730500 0.337400 0.492171 0.498705 0.279430 0.376451 0.508867 0.574183 0.392313 0.429591 0.444775 0.490208 0.648569 0.578035 0.631416 0.313808 0.523908 0.494966 0.400880 0.375895 0.612008 0.713057 0.397216 0.630410 0.601333 0.470187 0.248228 0.307198 0.541462 0.278884 0.406424 0.503668 0.725482 0.581851 0.404601 0.467770 0.727399 0.477433 0.582400 0.673372 0.481167 0.282995 0.323929 0.224536 0.405249 0.185332 0.528472 0.423345 0.474788
0.421474 0.574515 0.479681 0.407406 0.731348 0.295967 0.468495 0.325210 0.460472 0.723778 0.388774 0.403313 0.821401 0.800002 0.667810 0.440838 0.387216 0.448951 0.390707 0.293580 0.644231 0.632935 0.582510 0.418380 0.553611 0.685597 0.514345 0.601235 0.628392 0.303603 0.522120 0.417473 0.465847 0.331274 0.038401 0.260380 0.129949 0.562670 0.505887 0.497517 0.453375 0.253116 0.335602 0.529733 0.503642 0.249112 0.812673 0.300034 0.658229 0.376182 0.554057 0.597519 0.517638 0.472442 0.667692 0.491834 0.315325 0.313877 0.472158 0.558602 0.452051 0.519408 0.306903
0.307004 0.467142 0.225911 0.465930 0.428281 0.652926 0.562494 0.699670 0.421451 0.576727 0.579395 0.214433 0.501641 0.576334 0.555599 0.668010 0.289757 0.128278 0.398647 0.672916 0.627452 0.207163 0.629652 0.341900 0.672338 0.303237 0.691613 0.332087 0.375223 0.653498 0.556974 0.542679 0.448043 0.804202 0.502907 0.345837 0.637479 0.479239 0.342456 0.645868 0.373899 0.633027 0.787678 0.247723 0.546125 0.636765 0.432713 0.765507 0.771369 0.466856 0.513368 0.196881 0.379245 0.580268 0.291671 0.500784 0.550333 0.319901 0.559479 0.597960 0.428650 0.584954 0.280806
