cenop/data/CentralBaltic/prey0000_09.asc
NCOLS 400 
NROWS 400 
XLLCORNER 4750000.0 
YLLCORNER 3200000.0 
CELLSIZE 1000.0 
NODATA_value -9999 
[rows 112 to 139 of 400, columns 315 to 377 of 400]
0.219087 0.399760 0.321175 0.475500 0.287754 0.557660 0.407320 0.291643 0.690792 0.211054 0.239138 0.476671 0.254185 0.325824 0.688168 0.427466 0.203371 0.544183 0.262867 0.323673 0.493805 0.379445 0.415891 0.229353 0.592271 0.425120 0.438681 0.434823 0.565506 0.316958 0.482869 0.316227 0.300885 0.411979 0.550680 0.382152 0.375656 0.344444 0.415750 0.294720 0.191327 0.664546 0.367145 0.750522 0.324992 0.423982 0.477126 0.718856 0.509710 0.605267 0.568596 0.509073 0.573606 0.503488 0.449883 0.476612 0.384395 0.722479 0.396439 0.493706 0.355668 0.309672 0.631700
0.437917 0.415404 0.518925 0.301725 0.547127 0.466276 0.188068 0.564205 0.299407 0.268413 0.084388 0.397847 0.393104 0.263594 0.500399 0.346274 0.407097 0.395070 0.387377 0.576013 0.153461 0.550160 0.224515 0.495489 0.727032 0.248804 0.259325 0.311445 0.478871 0.400212 0.490995 0.146913 0.551928 0.424607 0.563677 0.554905 0.417144 0.559866 0.344500 0.145395 0.419191 0.732759 0.477246 0.543320 0.383631 0.546339 0.584802 0.630259 0.458506 0.700218 0.392621 0.570547 0.457377 0.589569 0.471602 0.531560 0.296318 0.798990 0.550280 0.415808 0.396032 0.605976 0.577639
0.448784 0.510155 0.455112 0.332340 0.277516 0.230005 0.327662 0.547217 0.473956 0.143405 0.391511 0.384769 0.262608 0.354020 0.476172 0.485865 0.311409 0.292890 0.603122 0.230822 0.536648 0.397357 0.231758 0.320065 0.380237 0.417376 0.568657 0.550958 0.454042 0.499040 0.645162 0.262567 0.568949 0.635827 0.690756 0.263602 0.238975 0.428847 0.611441 0.697573 0.630048 0.447522 0.471929 0.384900 0.440977 0.510286 0.407831 0.434473 0.452928 0.349844 0.351547 0.529670 0.368279 0.564493 0.614989 0.380496 0.569245 0.673811 0.657826 0.423060 0.633925 0.599986 0.385590
0.386482 0.609681 0.289712 0.177555 0.381159 0.593707 0.290761 0.571167 0.708106 0.304001 0.541422 0.399422 0.276537 0.181593 0.456813 0.501904 0.487325 0.181626 0.334091 0.476179 0.482149 0.418460 0.357476 0.387646 0.641537 0.242186 0.336101 0.231530 0.215395 0.354423 0.245616 0.491973 0.552657 0.368364 0.367982 0.345445 0.249209 0.449396 0.459672 0.282856 0.363952 0.425932 0.539012 0.209446 0.425411 0.499347 0.424902 0.468749 0.538708 0.470733 0.720365 0.553097 0.276397 0.675056 0.373161 0.701635 0.185602 0.311591 0.553405 0.349763 0.344409 0.854137 0.471510
0.569239 0.081237 0.466643 0.177640 0.301208 0.213687 0.332091 0.406945 0.496026 0.372705 0.232540 0.263868 0.454061 0.289235 0.478165 0.505282 0.494586 0.599260 0.348369 0.443776 0.536676 0.529121 0.314495 0.540333 0.181393 0.592756 0.312755 0.353742 0.447251 0.441207 0.703063 0.393800 0.330912 0.458186 0.367362 0.602212 0.171004 0.326879 0.397750 0.747052 0.212949 0.269540 0.661074 0.325444 0.440662 0.449165 0.683750 0.531146 0.718877 0.328845 0.613821 0.297210 0.519157 0.341644 0.506939 0.605911 0.388054 0.511994 0.517383 0.593229 0.696097 0.455001 0.634664
0.420835 0.350997 0.546398 0.555219 0.545856 0.400459 0.234934 0.362429 0.240998 0.309863 0.355700 0.516954 0.206540 0.278702 0.060130 0.099928 0.361374 0.522108 0.159012 0.265440 0.302792 0.487206 0.495419 0.096733 0.264664 0.416735 0.465592 0.549850 0.614280 0.327695 0.218613 0.531885 0.138515 0.400047 0.229860 0.392940 0.537378 0.503616 0.313596 0.579951 0.216301 0.543352 0.459547 0.500694 0.307931 0.576986 0.499520 0.536889 0.321475 0.518176 0.177613 0.393448 0.412481 0.491986 0.665126 0.638319 0.451547 0.547726 0.692311 0.743642 0.735615 0.298515 0.633312
0.609023 0.451936 0.428421 0.285847 0.184717 0.160992 0.259958 0.249177 0.338720 0.218237 0.500110 0.387593 0.297610 0.317230 0.597986 0.497036 0.430695 0.127455 0.296407 0.151532 0.551553 0.402774 0.261388 0.604593 0.323346 0.401134 0.549277 0.380603 0.560740 0.496007 0.455196 0.161897 0.467116 0.497622 0.515045 0.634094 0.261941 0.282721 0.276788 0.332823 0.241245 0.224251 0.493046 0.529529 0.619358 0.712390 0.502952 0.282611 0.492765 0.460525 0.285755 0.429281 0.628837 0.460495 0.570203 0.533892 0.464996 0.610266 0.422433 0.426445 0.606806 0.245449 0.443340
0.468289 0.337353 0.212100 0.475473 0.293736 0.532785 0.496530 0.367687 0.207941 0.361358 0.465893 0.077192 0.410085 0.365565 0.439448 0.389492 0.496545 0.380082 0.331535 0.313164 0.327443 0.539193 0.107203 0.290372 0.293795 0.490135 0.344988 0.396155 0.502481 0.400144 0.465702 0.357885 0.324287 0.494468 0.332715 0.330502 0.329229 0.532080 0.501168 0.467835 0.345829 0.539367 0.479469 0.559318 0.531719 0.516758 0.369169 0.496244 0.263561 0.384940 0.520921 0.379020 0.676266 0.572077 0.537640 0.127897 0.435688 0.412266 0.678142 0.521990 0.348583 0.503645 0.300193
0.352889 0.272512 0.561741 0.308286 0.250607 0.133199 0.545685 0.437831 0.213020 0.597165 0.195712 0.290366 0.620710 0.440757 0.470393 0.341206 0.478383 0.535300 0.303374 0.454200 0.260515 0.601300 0.459441 0.527672 0.376484 0.598165 0.345083 0.323042 0.403891 0.134864 0.239059 0.572521 0.463160 0.241848 0.415490 0.725649 0.268492 0.508585 0.345631 0.258450 0.551797 0.579359 0.566039 0.487606 0.169150 0.379644 0.692285 0.236439 0.366701 0.550454 0.517192 0.379436 0.590783 0.640012 0.324213 0.655391 0.245491 0.209440 0.486236 0.759571 0.407660 0.735723 0.513882
0.310222 0.389241 0.244924 0.456337 0.405501 0.081256 0.221088 0.531840 0.102405 0.189379 0.274156 0.410440 0.414233 0.335455 0.696206 0.325541 0.169427 0.323698 0.216585 0.360038 0.547045 0.096588 0.619256 0.376915 0.594068 0.245360 0.348459 0.362933 0.468447 0.295409 0.523448 0.213787 0.438216 0.479785 0.258728 0.108532 0.358806 0.211730 0.209121 0.410069 0.346006 0.533005 0.628497 0.699029 0.700575 0.629625 0.535967 0.439441 0.503898 0.471383 0.270401 0.618364 0.521580 0.492192 0.551629 0.295488 0.246145 0.776916 0.576319 0.223087 0.721139 0.464493 0.273164
0.317893 0.266579 0.501406 0.525398 0.475633 0.535356 0.598319 0.235989 0.376882 0.314773 0.232950 0.573222 0.195954 0.413463 0.436792 0.500074 0.386646 0.479539 0.273396 0.531818 0.541135 0.284712 0.336567 0.470020 0.402703 0.543815 0.667769 0.345190 0.378850 0.174676 0.380615 0.319820 0.486416 0.302698 0.595999 0.301876 0.530507 0.409369 0.361701 0.363223 0.376806 0.538240 0.520725 0.518451 0.592341 0.529729 0.203711 0.431361 0.321218 0.622704 0.259803 0.555739 0.667311 0.196071 0.567732 0.469175 0.351021 0.311073 0.626598 0.603380 0.591730 0.594263 0.458743
0.343573 0.360243 0.593273 0.389450 0.488733 0.482599 0.486366 0.402081 0.515774 0.401789 0.445786 0.390180 0.601995 0.062132 0.508828 0.383205 0.599973 0.469264 0.542599 0.440974 0.157261 0.340974 0.466947 0.476795 0.338040 0.432450 0.386545 0.382338 0.126860 0.442528 0.512631 0.290170 0.168016 0.069692 0.717124 0.273137 0.608098 0.498332 0.200765 0.201872 0.195562 0.501211 0.300934 0.368210 0.430095 0.206384 0.329059 0.416506 0.285544 0.407934 0.440497 0.577807 0.537677 0.377538 0.623008 0.280566 0.397029 0.543848 0.332548 0.566763 0.487140 0.148019 0.467049
0.596441 0.389747 0.467371 0.142609 0.581874 0.562857 0.244286 0.226223 0.267779 0.285680 0.345203 0.262078 0.114498 0.516269 0.380513 0.285983 0.483754 0.124913 0.620281 0.399601 0.507933 0.524291 0.280900 0.324485 0.517239 0.321138 0.489537 0.292665 0.536157 0.639173 0.278296 0.309731 0.408762 0.329634 0.520392 0.226504 0.354671 0.381436 0.215971 0.570865 0.731639 0.513009 0.256524 0.280153 0.315498 0.654368 0.500784 0.194285 0.562926 0.226306 0.286897 0.236120 0.497277 0.529807 0.550077 0.576013 0.387132 0.411236 0.692849 0.570299 0.744148 0.555276 0.751082
0.401119 0.157572 0.497453 0.327090 0.303664 0.229359 0.394970 0.523724 0.464076 0.408835 0.513208 0.611598 0.586276 0.390590 0.365788 0.198862 0.392129 0.528894 0.286802 0.644624 0.446840 0.438367 0.466873 0.329006 0.590663 0.414325 0.329609 0.148851 0.424858 0.631946 0.304193 0.489739 0.646693 0.340377 0.265242 0.627829 0.190186 0.459167 0.754874 0.327467 0.382811 0.404714 0.335506 0.570408 0.651856 0.340879 0.534336 0.762549 0.380914 0.724898 0.430908 0.427405 0.392190 0.426894 0.453808 0.419593 0.409258 0.601767 0.382603 0.680436 0.484481 0.518014 0.450986
0.309269 0.197803 0.237144 0.417727 0.338849 0.279131 0.159941 0.258687 0.470442 0.300120 0.354082 0.479297 0.484245 0.568876 0.320184 0.448626 0.428251 0.466273 0.334695 0.379579 0.271483 0.436288 0.237290 0.220740 0.412207 0.535407 0.175234 0.454775 0.446438 0.503151 0.427943 0.402026 0.354428 0.450366 0.247632 0.296113 0.399066 0.279743 0.350346 0.689945 0.516694 0.406624 0.168371 0.462776 0.326905 0.215451 0.564427 0.450799 0.490977 0.411532 0.206282 0.529141 0.414077 0.362328 0.605133 0.493560 0.564982 0.356341 0.527299 0.623472 0.598515 0.582070 0.707276
0.292362 0.352333 0.388840 0.503683 0.529239 0.688520 0.272476 0.420126 0.463436 0.449181 0.691531 0.205016 0.543507 0.436658 0.421066 0.535616 0.469285 0.611862 0.159770 0.545730 0.322751 0.447945 0.279050 0.425879 0.379792 0.527239 0.281525 0.448105 0.459544 0.072296 0.353009 0.273245 0.363286 0.371301 0.399894 0.665736 0.470833 0.563931 0.474159 0.384339 0.553824 0.670194 0.327513 0.529258 0.626617 0.421823 0.642444 0.581076 0.412890 0.621109 0.336371 0.469165 0.554751 0.464302 0.339621 0.381344 0.596976 0.437892 0.472059 0.489235 0.498569 0.467104 0.569297
0.273673 0.498439 0.631923 0.405392 0.541566 0.489494 0.257165 0.382037 0.194459 0.319858 0.400234 0.564111 0.333207 0.513106 0.663179 0.556204 0.355207 0.387588 0.402958 0.562778 0.514902 0.218938 0.165118 0.228380 0.461430 0.339953 0.380497 0.308192 0.463940 0.554980 0.398235 0.409205 0.394218 0.439962 0.286835 0.435508 0.617525 0.325746 0.236748 0.365591 0.345927 0.257435 0.586709 0.645402 0.219028 0.331289 0.576617 0.504660 0.670655 0.336952 0.391986 0.389271 0.434792 0.563596 0.568925 0.616461 0.454519 0.519229 0.800972 0.561106 0.336118 0.570158 0.475290
0.527342 0.229696 0.322132 0.380438 0.481511 0.286083 0.293426 0.655939 0.363574 0.274870 0.204767 0.266781 0.646999 0.484384 0.258597 0.488352 0.047219 0.275139 0.542325 0.203875 0.526228 0.308325 0.543260 0.616507 0.462977 0.301659 0.396298 0.449236 0.580341 0.144186 0.493011 0.496239 0.546049 0.246436 0.453569 0.617497 0.295512 0.447460 0.392283 0.554799 0.370876 0.285470 0.470681 0.303743 0.339629 0.245430 0.534322 0.419000 0.192587 0.229282 0.665781 0.551313 0.414369 0.513619 0.609820 0.456347 0.377538 0.251258 0.791387 0.333607 0.375891 0.442063 0.292187
0.457572 0.215759 0.518732 0.449112 0.471348 0.554502 0.552707 0.555692 0.426039 0.414857 0.291683 0.324405 0.399226 0.412712 0.340927 0.537554 0.462388 0.237062 0.506236 0.512631 0.193357 0.570630 0.207463 0.365724 0.467355 0.575010 0.390261 0.417625 0.369916 0.490364 0.168678 0.195878 0.381358 0.360533 0.491790 0.349345 0.346529 0.537797 0.292503 0.100149 0.432368 0.334113 0.581147 0.314316 0.450044 0.588478 0.453969 0.299809 0.263169 0.388536 0.484133 0.389671 0.363508 0.365551 0.525773 0.419617 0.362052 0.660090 0.452629 0.576297 0.558229 0.363083 0.671635
0.552554 0.549155 0.489218 0.618539 0.353124 0.513271 0.661949 0.557544 0.599864 0.624312 0.450087 0.363621 0.372987 0.708013 0.418046 0.092723 0.454413 0.577962 0.137825 0.608966 0.524396 0.460111 0.392698 0.445180 0.417471 0.328269 0.385028 0.371678 0.304350 0.394251 0.358164 0.259326 0.270612 0.027073 0.492977 0.523473 0.449594 0.499821 0.509418 0.374568 0.270414 0.392705 0.518465 0.496828 0.519999 0.357534 0.554856 0.597775 0.256033 0.439867 0.549818 0.373862 0.559436 0.413338 0.424646 0.618559 0.757729 0.452776 0.600039 0.663829 0.565578 0.321949 0.530152
0.000000 0.449419 0.367084 0.302919 0.280634 0.300853 0.149065 0.505772 0.348029 0.504682 0.543058 0.497736 0.198581 0.623666 0.419718 0.543399 0.580907 0.464885 0.167429 0.303712 0.282355 0.329327 0.197512 0.489428 0.470370 0.049474 0.262821 0.541219 0.595045 0.445620 0.292726 0.357351 0.630866 0.469805 0.380825 0.555137 0.316188 0.351466 0.619056 0.313834 0.125001 0.648213 0.684652 0.442499 0.610357 0.506130 0.461550 0.527687 0.360360 0.419617 0.256954 0.292519 0.427224 0.326559 0.717232 0.546458 0.552008 0.613528 0.544049 0.314425 0.375764 0.378259 0.303116
0.430881 0.478122 0.375885 0.275264 0.434088 0.451487 0.195296 0.228113 0.346206 0.576601 0.257438 0.499043 0.615895 0.603492 0.082326 0.403426 0.395324 0.323286 0.499615 0.334801 0.490811 0.415155 0.517070 0.405930 0.298753 0.666026 0.487710 0.291997 0.208564 0.293943 0.555007 0.586590 0.431394 0.175100 0.542189 0.374772 0.423470 0.191538 0.576984 0.497415 0.315744 0.142621 0.541543 0.675106 0.460932 0.438449 0.558980 0.456827 0.636930 0.569365 0.550166 0.854789 0.247372 0.482359 0.689660 0.542411 0.419515 0.338605 0.513535 0.456769 0.593875 0.856615 0.705086
0.355988 0.272791 0.453925 0.672899 0.098318 0.506211 0.545345 0.317228 0.437826 0.399457 0.681540 0.154580 0.516309 0.556781 0.440630 0.088583 0.631040 0.740911 0.161255 0.616617 0.244016 0.318976 0.650681 0.552009 0.422592 0.105907 0.315222 0.329668 0.505795 0.211578 0.395346 0.479802 0.353984 0.398201 0.296481 0.636863 0.406620 0.421476 0.171019 0.588330 0.429280 0.658204 0.603687 0.604269 0.421786 0.379834 0.508015 0.696954 0.312485 0.374508 0.272753 0.604753 0.300893 0.401272 0.623705 0.440180 0.518142 0.245281 0.471027 0.740859 0.275024 0.501157 0.534140
0.229839 0.351732 0.350009 0.219362 0.449178 0.394983 0.225829 0.608195 0.494337 0.197817 0.339032 0.298593 0.101966 0.446135 0.531070 0.206551 0.479140 0.255389 0.306946 0.374401 0.537106 0.195396 0.343940 0.451048 0.239492 0.597104 0.200861 0.512976 0.496392 0.266853 0.525424 0.537900 0.370612 0.375358 0.468186 0.444858 0.577404 0.308667 0.387648 0.248728 0.380418 0.788864 0.540138 0.452777 0.618241 0.125438 0.611555 0.514501 0.460176 0.558198 0.563166 0.676316 0.581481 0.291587 0.293426 0.501671 0.646377 0.341128 0.290316 0.867704 0.406007 0.675804 0.687856
0.274647 0.214540 0.355439 0.329927 0.201725 0.250809 0.472274 0.289038 0.309671 0.451047 0.363018 0.116195 0.323482 0.146084 0.350173 0.314621 0.563745 0.252909 0.473613 0.289776 0.324066 0.159024 0.441480 0.175835 0.515699 0.366447 0.343403 0.550548 0.244815 0.497140 0.228177 0.419202 0.299260 0.372215 0.412201 0.225617 0.284208 0.574266 0.513710 0.462231 0.321215 0.167505 0.530567 0.308855 0.505639 0.536380 0.514099 0.488926 0.494428 0.443578 0.612689 0.227437 0.527218 0.640758 0.467091 0.426085 0.758810 0.404457 0.512137 0.683147 0.500101 0.599903 0.729520
0.616699 0.690508 0.281002 0.495717 0.267774 0.338052 0.447188 0.499136 0.525481 0.358671 0.396103 0.166745 0.336162 0.251932 0.420426 0.182043 0.456908 0.644840 0.510795 0.261097 0.648145 0.376639 0.393559 0.531343 0.532612 0.711936 0.449853 0.575512 0.379016 0.352842 0.589215 0.136010 0.113506 0.445562 0.274806 0.636286 0.418757 0.568712 0.725053 0.487044 0.670821 0.619594 0.483313 0.517337 0.259386 0.412174 0.762000 0.448865 0.364664 0.402277 0.482617 0.610028 0.386766 0.180905 0.516075 0.548909 0.309095 0.613973 0.583085 0.473584 0.378034 0.438012 0.381908
0.632936 0.171964 0.651416 0.208674 0.387523 0.670386 0.436649 0.578663 0.560820 0.447584 0.536097 0.233695 0.387066 0.491288 0.083759 0.359243 0.426026 0.271283 0.437900 0.479085 0.468684 0.194951 0.301713 0.164347 0.162162 0.414608 0.613894 0.461060 0.245532 0.371431 0.189973 0.490705 0.604258 0.609788 0.177557 0.338038 0.444391 0.513666 0.262168 0.318620 0.461794 0.527006 0.470688 0.240601 0.316071 0.562482 0.490850 0.472303 0.425196 0.694918 0.483642 0.414984 0.597367 0.289683 0.444495 0.237733 0.689285 0.389760 0.692212 0.587731 0.437594 0.679874 0.488637
0.391798 0.573796 0.378687 0.478587 0.552627 0.447201 0.333620 0.468020 0.285853 0.440477 0.506575 0.473815 0.532341 0.366507 0.576154 0.509944 0.273571 0.382755 0.359551 0.426471 0.492840 0.260044 0.498684 0.585204 0.344522 0.407369 0.370272 0.294399 0.595762 0.294719 0.520934 0.455385 0.476958 0.497071 0.673526 0.320693 0.387031 0.436224 0.658081 0.639490 0.201835 0.483601 0.373658 0.624159 0.719111 0.320246 0.451999 0.186055 0.532067 0.735467 0.281607 0.644038 0.491369 0.365545 0.661437 0.566840 0.298952 0.462243 0.544349 0.245129 0.701357 0.149965 0.600708
