cenop/data/CentralBaltic/prey0000_10.asc
NCOLS 400 
NROWS 400 
XLLCORNER 4750000.0 
YLLCORNER 3200000.0 
CELLSIZE 1000.0 
NODATA_value -9999 
[rows 56 to 83 of 400, columns 126 to 188 of 400]
0.381689 0.277991 0.142146 0.450629 0.225295 0.382938 0.427803 0.126070 0.348446 0.344558 0.212877 0.444584 0.240035 0.405247 0.000000 0.165992 0.118935 0.284963 0.000000 0.350924 0.229052 0.409575 0.234165 0.327200 0.197176 0.286084 0.145024 0.560989 0.433275 0.244509 0.484467 0.225428 0.317121 0.405835 0.320026 0.175111 0.403964 0.275992 0.249397 0.257967 0.351604 0.131169 0.414686 0.580673 0.503172 0.224389 0.234087 0.630272 0.387503 0.312893 0.533243 0.134890 0.137472 0.389217 0.558606 0.149222 0.147215 0.207397 0.405056 0.310964 0.160050 0.510476 0.457686
0.253838 0.351522 0.417065 0.406319 0.203419 0.000000 0.333692 0.257543 0.286356 0.219920 0.310754 0.238104 0.603096 0.379994 0.484414 0.289952 0.097025 0.247156 0.305346 0.137327 0.360429 0.256509 0.446098 0.388952 0.218850 0.234826 0.322731 0.313280 0.380343 0.464033 0.330727 0.060011 0.332608 0.182653 0.380837 0.167713 0.333871 0.310701 0.345998 0.142992 0.441267 0.000000 0.622549 0.531185 0.304672 0.299781 0.346353 0.330742 0.249357 0.275958 0.290675 0.242379 0.221493 0.376079 0.262995 0.296684 0.404182 0.417441 0.342128 0.349529 0.226800 0.000000 0.528834
0.000000 0.311925 0.318167 0.084933 0.429486 0.463037 0.223249 0.331660 0.229498 0.164213 0.524832 0.284000 0.467861 0.260383 0.203735 0.247859 0.121188 0.562159 0.467313 0.392157 0.207921 0.447492 0.419093 0.461909 0.086633 0.246785 0.157710 0.330673 0.398083 0.321225 0.311291 0.244091 0.365674 0.188863 0.122461 0.389302 0.235127 0.150244 0.620811 0.472765 0.266572 0.358477 0.504809 0.468209 0.298073 0.211109 0.286847 0.022445 0.353947 0.598941 0.108419 0.372653 0.345444 0.170831 0.196253 0.323502 0.018216 0.334781 0.396702 0.235161 0.224862 0.147269 0.362941
0.007143 0.246138 0.402014 0.534601 0.380483 0.153321 0.351111 0.233561 0.200423 0.409113 0.065364 0.049017 0.309867 0.180225 0.522691 0.121698 0.208819 0.363113 0.347521 0.463835 0.199918 0.466084 0.306691 0.052382 0.223112 0.341313 0.253974 0.154985 0.107811 0.460216 0.284265 0.165683 0.345545 0.498926 0.186804 0.493942 0.175528 0.407768 0.190816 0.213282 0.229323 0.484361 0.231726 0.299012 0.361100 0.284251 0.159986 0.265674 0.269727 0.171917 0.221029 0.346055 0.293777 0.494325 0.347318 0.544277 0.191095 0.295549 0.410761 0.460086 0.201875 0.225863 0.242212
0.334252 0.230901 0.411766 0.260669 0.407250 0.057674 0.343260 0.487964 0.333473 0.318556 0.257759 0.335833 0.366523 0.386705 0.386396 0.203810 0.220587 0.127490 0.303301 0.476430 0.224584 0.105540 0.250550 0.125141 0.313430 0.063338 0.298863 0.391725 0.306401 0.326181 0.460415 0.225799 0.108191 0.288696 0.210069 0.443183 0.325450 0.509264 0.166430 0.369859 0.518484 0.426221 0.289664 0.403980 0.025446 0.501115 0.208559 0.105820 0.215874 0.137305 0.426541 0.280168 0.314375 0.386193 0.565600 0.309946 0.209820 0.365205 0.287220 0.076944 0.149584 0.216152 0.399650
0.120535 0.349221 0.372816 0.047991 0.350900 0.284884 0.033590 0.102702 0.274027 0.388291 0.400513 0.439500 0.298386 0.577287 0.355007 0.366744 0.165245 0.166283 0.215233 0.082307 0.441695 0.471631 0.382053 0.434845 0.538408 0.640946 0.290920 0.402922 0.074204 0.110660 0.269647 0.381692 0.158760 0.138246 0.492896 0.413493 0.400445 0.228660 0.506845 0.175280 0.325534 0.285853 0.031385 0.231335 0.468124 0.212879 0.179752 0.344441 0.373337 0.274780 0.449879 0.368651 0.300508 0.175017 0.383838 0.121869 0.316356 0.427876 0.289337 0.097866 0.377899 0.421328 0.285677
0.056688 0.311060 0.374691 0.293073 0.244671 0.456205 0.332284 0.188963 0.350234 0.270248 0.406336 0.335680 0.237141 0.312357 0.280314 0.390038 0.174534 0.194381 0.158829 0.201564 0.342684 0.426102 0.245262 0.403265 0.374531 0.286523 0.343105 0.267990 0.237947 0.415449 0.699053 0.177571 0.290971 0.130086 0.439381 0.405482 0.387906 0.299933 0.395459 0.224322 0.410546 0.196342 0.379478 0.315211 0.012456 0.211679 0.177499 0.323601 0.409598 0.165054 0.133891 0.221850 0.053636 0.116176 0.380139 0.151670 0.425226 0.248262 0.352366 0.338577 0.088320 0.417385 0.378156
0.433429 0.234870 0.357763 0.355479 0.133415 0.337351 0.315503 0.434745 0.247589 0.183247 0.266310 0.309834 0.269565 0.282787 0.434872 0.335784 0.287486 0.393656 0.122106 0.192442 0.552665 0.504471 0.337704 0.253996 0.505217 0.253382 0.286090 0.233793 0.217570 0.393251 0.108256 0.426611 0.272152 0.283612 0.203749 0.387759 0.441817 0.274957 0.207919 0.125934 0.256057 0.404793 0.113305 0.190622 0.136102 0.115429 0.248005 0.111996 0.479779 0.589100 0.361269 0.193631 0.349942 0.100124 0.123340 0.366792 0.226614 0.312419 0.215030 0.603731 0.395137 0.227384 0.169963
0.308862 0.153868 0.470240 0.328603 0.387890 0.351240 0.190139 0.288391 0.275090 0.318862 0.328877 0.120993 0.461289 0.265970 0.000000 0.164995 0.243409 0.378717 0.427331 0.348337 0.312342 0.336969 0.273174 0.307253 0.431975 0.189700 0.288482 0.439216 0.325499 0.295521 0.431358 0.196792 0.404756 0.218011 0.339303 0.318055 0.238679 0.153224 0.346998 0.000000 0.385966 0.405537 0.295903 0.272026 0.493152 0.409933 0.390460 0.349625 0.283204 0.209162 0.295433 0.242496 0.366326 0.349673 0.385329 0.276950 0.432049 0.245579 0.218667 0.347207 0.317204 0.129723 0.346696
0.088664 0.430533 0.374709 0.418098 0.314906 0.489859 0.202315 0.231827 0.315533 0.598851 0.355746 0.541735 0.399298 0.211021 0.098011 0.261099 0.325795 0.239523 0.399758 0.448731 0.402107 0.404693 0.182254 0.212570 0.375842 0.402291 0.279449 0.085150 0.112612 0.318871 0.331738 0.213659 0.106510 0.188787 0.328166 0.388300 0.000000 0.163460 0.233252 0.306187 0.260995 0.281471 0.381029 0.190729 0.348441 0.184748 0.504119 0.279697 0.241545 0.597254 0.275649 0.400077 0.704027 0.295007 0.189128 0.351036 0.209025 0.234652 0.081572 0.127195 0.592003 0.141635 0.224338
0.306244 0.262048 0.287961 0.091231 0.334591 0.134380 0.465644 0.139822 0.275399 0.387952 0.476297 0.485939 0.249056 0.335596 0.427691 0.127787 0.368565 0.133013 0.454389 0.059527 0.291263 0.343297 0.403501 0.147087 0.203343 0.175635 0.239526 0.232799 0.368069 0.391401 0.529715 0.096324 0.463005 0.476084 0.186748 0.358131 0.388650 0.471782 0.530021 0.198152 0.182916 0.171348 0.484945 0.366618 0.631603 0.338819 0.327695 0.157333 0.332216 0.349718 0.392828 0.264261 0.156854 0.406119 0.442960 0.425034 0.513437 0.237416 0.218604 0.111619 0.355985 0.235722 0.410826
0.221477 0.139053 0.581243 0.258553 0.358950 0.270300 0.326087 0.254038 0.427086 0.200621 0.095535 0.042626 0.256474 0.337044 0.000000 0.182406 0.252047 0.189668 0.333427 0.247735 0.647821 0.537000 0.483271 0.387405 0.000000 0.208587 0.402444 0.365124 0.148300 0.346258 0.144611 0.376716 0.340854 0.253407 0.414321 0.379953 0.325547 0.255787 0.064129 0.333544 0.183061 0.361988 0.408097 0.470518 0.163161 0.405713 0.284784 0.422470 0.323779 0.207620 0.191862 0.246485 0.304581 0.188958 0.335812 0.212407 0.341478 0.461305 0.075442 0.594505 0.187529 0.245973 0.117140
0.230382 0.102638 0.441813 0.499097 0.210910 0.442542 0.476329 0.108715 0.362454 0.175369 0.342163 0.430916 0.197404 0.278263 0.411684 0.346675 0.171503 0.362583 0.246982 0.240124 0.495091 0.202669 0.547059 0.329625 0.459565 0.553053 0.178873 0.225564 0.457493 0.268986 0.392098 0.234441 0.252140 0.373502 0.336981 0.195833 0.317495 0.001622 0.268929 0.256847 0.290511 0.336310 0.186431 0.099285 0.118352 0.484293 0.340012 0.311397 0.109661 0.349116 0.096084 0.276155 0.126872 0.265968 0.471639 0.367271 0.312982 0.468712 0.263807 0.090482 0.259901 0.223414 0.278811
0.303642 0.467621 0.200985 0.518471 0.372143 0.187117 0.283173 0.359808 0.189951 0.284573 0.464890 0.195166 0.248552 0.125842 0.371918 0.305579 0.221989 0.371072 0.320425 0.451756 0.272381 0.350498 0.057407 0.113359 0.183176 0.105228 0.103072 0.410483 0.336682 0.434390 0.115377 0.285919 0.476472 0.280024 0.050968 0.272307 0.258705 0.259590 0.370188 0.192782 0.308978 0.303373 0.320519 0.405533 0.361813 0.300059 0.226233 0.196969 0.504726 0.595765 0.487046 0.129155 0.366645 0.324632 0.340428 0.261681 0.316225 0.222573 0.329345 0.501370 0.185548 0.235805 0.527317
0.344903 0.361741 0.515255 0.397912 0.241932 0.340014 0.222709 0.141283 0.407645 0.336421 0.188765 0.462092 0.357951 0.339945 0.320954 0.238266 0.421516 0.153929 0.404945 0.396663 0.205785 0.139611 0.529828 0.376616 0.367099 0.164666 0.376350 0.263895 0.218147 0.141964 0.102698 0.642603 0.217462 0.400206 0.327233 0.317365 0.334285 0.364326 0.239934 0.403913 0.348808 0.132021 0.418682 0.369265 0.202289 0.124390 0.254230 0.250738 0.411874 0.000000 0.180687 0.425155 0.179418 0.300484 0.486156 0.239416 0.363036 0.122451 0.413668 0.284902 0.351731 0.303600 0.192391
0.428986 0.352105 0.357713 0.270538 0.386862 0.175828 0.208967 0.306312 0.231553 0.354762 0.458700 0.135792 0.285045 0.378312 0.472861 0.249710 0.359321 0.063963 0.230799 0.067934 0.372659 0.316662 0.236131 0.233035 0.089292 0.224031 0.203898 0.691108 0.323582 0.454120 0.380107 0.314268 0.178664 0.286667 0.290884 0.482160 0.270106 0.299364 0.240013 0.324769 0.291021 0.234398 0.208694 0.503468 0.419890 0.378258 0.295747 0.346665 0.451436 0.471190 0.404713 0.064873 0.210577 0.429177 0.292661 0.384984 0.259956 0.457206 0.052535 0.299711 0.124045 0.433680 0.313608
0.559152 0.377708 0.271288 0.327854 0.375372 0.493477 0.274252 0.031123 0.283739 0.393831 0.214687 0.346637 0.323134 0.354440 0.405171 0.357861 0.366364 0.518234 0.349046 0.302271 0.346968 0.296171 0.317373 0.213192 0.351357 0.376453 0.264034 0.363941 0.380647 0.424440 0.153496 0.363772 0.341823 0.198222 0.637506 0.324490 0.257852 0.429834 0.199925 0.271280 0.270612 0.370054 0.212622 0.317295 0.470982 0.123018 0.235874 0.130294 0.245955 0.255939 0.401359 0.467601 0.432214 0.151090 0.444179 0.288708 0.179595 0.333962 0.229937 0.167813 0.113045 0.150752 0.172343
0.368917 0.517892 0.166380 0.194594 0.282756 0.214024 0.570252 0.393229 0.522477 0.248777 0.146883 0.212020 0.449087 0.083118 0.120141 0.254379 0.369447 0.495989 0.108676 0.289616 0.027873 0.407232 0.475553 0.183403 0.448834 0.314078 0.418057 0.190349 0.035966 0.315867 0.179713 0.481046 0.184819 0.293579 0.179948 0.406641 0.289801 0.225564 0.357848 0.258941 0.324810 0.246385 0.395304 0.114588 0.299331 0.369489 0.218228 0.486618 0.348373 0.345884 0.249216 0.267915 0.188822 0.115819 0.327376 0.328643 0.685497 0.227967 0.320424 0.377295 0.306603 0.448593 0.366176
0.449079 0.268689 0.559148 0.256997 0.198793 0.351113 0.073562 0.033428 0.378255 0.463288 0.253201 0.282140 0.240863 0.292450 0.227747 0.445038 0.318128 0.328091 0.303977 0.517286 0.374644 0.537407 0.341753 0.109898 0.405647 0.281823 0.318906 0.436172 0.384071 0.249257 0.266083 0.219005 0.375053 0.282751 0.134080 0.184814 0.409334 0.280946 0.275241 0.081344 0.422498 0.294820 0.388271 0.226613 0.302874 0.268849 0.114524 0.112822 0.414815 0.075418 0.252463 0.091603 0.256305 0.351563 0.419561 0.388089 0.131162 0.295370 0.287721 0.378774 0.217161 0.343173 0.334164
0.331711 0.201359 0.156341 0.198539 0.152815 0.373356 0.342774 0.455266 0.544223 0.312610 0.321829 0.352167 0.136002 0.421531 0.388284 0.152611 0.078351 0.375443 0.391118 0.137365 0.043118 0.190029 0.172992 0.234614 0.434152 0.290474 0.515968 0.148001 0.511215 0.162612 0.468427 0.188520 0.471790 0.468049 0.359101 0.262301 0.276005 0.466179 0.136582 0.162422 0.291046 0.206379 0.206856 0.316711 0.082187 0.200466 0.194035 0.208412 0.333896 0.441884 0.372614 0.211761 0.299789 0.269320 0.402072 0.532774 0.214521 0.583052 0.202452 0.383571 0.384310 0.398701 0.305644
0.328254 0.381395 0.411179 0.396869 0.528671 0.232243 0.325820 0.310256 0.196549 0.163469 0.342189 0.459467 0.391266 0.168590 0.166790 0.433297 0.390589 0.102006 0.000000 0.387395 0.251873 0.178271 0.215625 0.362646 0.132589 0.156078 0.081027 0.150468 0.324852 0.246156 0.358675 0.245800 0.429505 0.380958 0.258496 0.210445 0.140488 0.205124 0.480158 0.228212 0.312964 0.277001 0.080575 0.356676 0.485851 0.208063 0.465257 0.303395 0.000000 0.217012 0.231405 0.502150 0.460815 0.533560 0.342034 0.000000 0.279295 0.238474 0.345621 0.407030 0.427546 0.277812 0.290693
0.175286 0.456951 0.115856 0.715854 0.172499 0.310276 0.484732 0.345708 0.299105 0.338224 0.437029 0.402610 0.295645 0.517038 0.115093 0.275233 0.240010 0.413892 0.421456 0.407283 0.616498 0.277741 0.349118 0.449901 0.299394 0.267312 0.326833 0.261625 0.297641 0.123173 0.372443 0.355530 0.317440 0.328140 0.207812 0.360612 0.319444 0.459630 0.395544 0.282274 0.131018 0.256676 0.285830 0.441115 0.345314 0.417034 0.305855 0.200734 0.373483 0.434934 0.461544 0.281742 0.325273 0.186727 0.277044 0.418707 0.437814 0.214069 0.028174 0.397134 0.306992 0.474101 0.378865
0.452713 0.281624 0.151997 0.351827 0.376179 0.528238 0.278643 0.390208 0.273310 0.253392 0.199055 0.137958 0.376891 0.267531 0.396005 0.265041 0.258941 0.228979 0.258328 0.000000 0.504347 0.241076 0.308978 0.476771 0.290213 0.270037 0.392728 0.252287 0.198219 0.476954 0.301504 0.321923 0.509453 0.443622 0.127797 0.244624 0.323019 0.401318 0.457163 0.316230 0.157779 0.476501 0.273778 0.439678 0.189089 0.285019 0.345983 0.356642 0.429436 0.445873 0.116829 0.298964 0.636583 0.185275 0.404834 0.151062 0.295487 0.159943 0.262352 0.244177 0.265142 0.361408 0.000000
0.087727 0.298789 0.345192 0.260918 0.349112 0.264504 0.239322 0.261008 0.351410 0.349579 0.313294 0.278149 0.392996 0.195143 0.215553 0.414513 0.425555 0.162669 0.085042 0.179216 0.167937 0.253030 0.434147 0.512166 0.331214 0.455629 0.197362 0.363849 0.466789 0.383601 0.307060 0.440474 0.279843 0.532552 0.106386 0.143931 0.215749 0.206279 0.473744 0.630222 0.346565 0.197270 0.057140 0.000000 0.292987 0.523784 0.401379 0.523999 0.186047 0.523393 0.317597 0.278100 0.189582 0.512313 0.427285 0.113204 0.197504 0.389580 0.372444 0.189511 0.267082 0.160082 0.248280
0.119623 0.343473 0.474730 0.373023 0.309808 0.386571 0.323390 0.466282 0.011411 0.000000 0.529608 0.430473 0.453964 0.273316 0.336593 0.193719 0.357972 0.124311 0.429397 0.412793 0.360422 0.220561 0.294381 0.287910 0.384380 0.212221 0.416313 0.201756 0.059335 0.092764 0.122664 0.328185 0.204159 0.290616 0.237723 0.382916 0.393815 0.191949 0.302664 0.518214 0.330582 0.366887 0.431046 0.296636 0.169258 0.177414 0.359935 0.328589 0.350277 0.405834 0.322176 0.055330 0.173156 0.372224 0.124257 0.135615 0.450460 0.000000 0.410993 0.269491 0.311862 0.432077 0.282459
0.229422 0.301808 0.208179 0.309225 0.309097 0.324965 0.395517 0.347186 0.344970 0.615707 0.478554 0.359633 0.254634 0.402701 0.434395 0.380191 0.393088 0.250442 0.406332 0.228493 0.306707 0.238034 0.157321 0.356483 0.139074 0.443871 0.285229 0.522476 0.228532 0.363098 0.375191 0.374846 0.250265 0.245599 0.089555 0.231912 0.297724 0.327211 0.417313 0.181853 0.445457 0.357077 0.124647 0.336383 0.300637 0.336846 0.242099 0.348384 0.016978 0.426442 0.276313 0.281124 0.441416 0.477896 0.267290 0.353817 0.184187 0.478227 0.296135 0.460074 0.147963 0.259978 0.541493
0.262088 0.289438 0.526800 0.482390 0.267639 0.375658 0.100166 0.152548 0.335947 0.380495 0.336226 0.403274 0.248649 0.227802 0.335978 0.327225 0.390497 0.303913 0.259647 0.387894 0.200405 0.404143 0.131444 0.408522 0.253835 0.046393 0.276416 0.540197 0.317417 0.115736 0.351481 0.262100 0.210520 0.269083 0.180691 0.104970 0.365328 0.333083 0.769099 0.382790 0.263588 0.406150 0.429466 0.117059 0.441286 0.373732 0.490082 0.419481 0.000000 0.407642 0.469042 0.207568 0.181534 0.317218 0.141708 0.231953 0.369881 0.386054 0.439559 0.387748 0.206932 0.399628 0.230739
0.187350 0.000000 0.180704 0.366182 0.384041 0.241872 0.554310 0.231946 0.421829 0.378005 0.195133 0.558971 0.178200 0.267739 0.079957 0.265719 0.315210 0.378527 0.148207 0.244064 0.499386 0.182358 0.342033 0.201233 0.129207 0.418803 0.561999 0.349353 0.182123 0.064006 0.402627 0.371170 0.316998 0.583663 0.277607 0.353392 0.738396 0.463375 0.541447 0.322858 0.265522 0.482188 0.417335 0.181139 0.472601 0.289270 0.394466 0.179614 0.156039 0.336128 0.389278 0.438610 0.198370 0.248579 0.290581 0.157527 0.456898 0.526529 0.277140 0.161549 0.518339 0.333206 0.450619
