cenop/data/CentralBaltic/prey0000_10.asc
NCOLS 400 
NROWS 400 
XLLCORNER 4750000.0 
YLLCORNER 3200000.0 
CELLSIZE 1000.0 
NODATA_value -9999 
[rows 28 to 55 of 400, columns 252 to 314 of 400]
0.252400 0.189414 0.475530 0.488944 0.354580 0.383434 0.387163 0.737683 0.344036 0.455014 0.372807 0.336582 0.479772 0.323315 0.523066 0.699265 0.648736 0.261144 0.303283 0.341355 0.466725 0.383108 0.239386 0.444823 0.411646 0.462978 0.573242 0.391752 0.435423 0.340752 0.341708 0.355199 0.274743 0.183950 0.436140 0.431562 0.398496 0.430084 0.201215 0.461229 0.252982 0.449788 0.284559 0.500537 0.506096 0.459781 0.270260 0.492881 0.647784 0.250082 0.334847 0.372461 0.476047 0.462501 0.314412 0.143726 0.380668 0.236052 0.187012 0.356753 0.259097 0.215629 0.441449
0.680590 0.371178 0.234804 0.209516 0.293033 0.355700 0.250943 0.424999 0.282387 0.522923 0.307016 0.301597 0.225495 0.457464 0.275084 0.239580 0.311508 0.393260 0.574234 0.330459 0.457058 0.434546 0.304841 0.359819 0.457572 0.389421 0.690750 0.281395 0.619711 0.287995 0.551914 0.289293 0.139067 0.143357 0.230494 0.504983 0.058068 0.439797 0.097787 0.272195 0.379808 0.369702 0.257498 0.249249 0.464467 0.555844 0.403605 0.684442 0.459993 0.235033 0.347022 0.529594 0.372517 0.603292 0.432125 0.198640 0.208977 0.464265 0.361466 0.465340 0.392027 0.277518 0.411720
0.102211 0.279486 0.452270 0.386106 0.269742 0.429673 0.311271 0.235717 0.373812 0.490541 0.306800 0.301120 0.584551 0.400774 0.176633 0.295968 0.398170 0.389700 0.495037 0.158288 0.283512 0.305197 0.176399 0.356965 0.502873 0.433956 0.322287 0.413699 0.641164 0.286263 0.510128 0.374478 0.355731 0.236043 0.381942 0.092904 0.178606 0.422721 0.426260 0.411729 0.336833 0.323629 0.434490 0.281750 0.352202 0.401654 0.337824 0.560400 0.372606 0.094463 0.351185 0.386313 0.172567 0.250912 0.186238 0.543664 0.477634 0.408644 0.441996 0.530418 0.386969 0.305460 0.341674
0.402576 0.161189 0.447753 0.746253 0.397389 0.323149 0.466214 0.053068 0.527649 0.586216 0.363030 0.386195 0.481294 0.037617 0.343334 0.485969 0.648148 0.512816 0.408152 0.364423 0.269024 0.341819 0.099773 0.433146 0.474232 0.445469 0.234917 0.456841 0.484896 0.268975 0.515285 0.288116 0.601209 0.588636 0.410571 0.443726 0.346136 0.446756 0.528278 0.108741 0.321712 0.111160 0.390339 0.332153 0.457797 0.301875 0.495032 0.065329 0.465599 0.403944 0.436971 0.355688 0.441218 0.203711 0.588623 0.339861 0.433064 0.258705 0.291587 0.527736 0.515195 0.425934 0.220183
0.557387 0.398399 0.213391 0.353461 0.283615 0.380877 0.447682 0.298851 0.404240 0.419863 0.248067 0.405559 0.353680 0.479456 0.334771 0.078748 0.411503 0.356896 0.429589 0.400970 0.462284 0.459247 0.379622 0.379928 0.306742 0.485279 0.174521 0.434169 0.510431 0.309723 0.212586 0.568363 0.456246 0.332614 0.506119 0.259399 0.242742 0.456909 0.334327 0.335542 0.598110 0.371457 0.490629 0.364138 0.413744 0.267460 0.284971 0.357630 0.676621 0.543378 0.641065 0.174173 0.295810 0.195525 0.284023 0.420003 0.450471 0.178606 0.283142 0.443869 0.491960 0.431464 0.224144
0.601395 0.362460 0.231475 0.562906 0.332402 0.498164 0.231997 0.284573 0.124619 0.405134 0.418508 0.591762 0.369624 0.426277 0.351916 0.302541 0.433603 0.286028 0.313066 0.556480 0.470302 0.344805 0.367177 0.338512 0.257042 0.466053 0.321737 0.321509 0.445391 0.248773 0.317768 0.480444 0.340445 0.395792 0.313997 0.434146 0.501123 0.649563 0.539460 0.236911 0.310357 0.508163 0.426714 0.144414 0.685557 0.395672 0.555889 0.395891 0.126806 0.239102 0.375779 0.359716 0.421564 0.414504 0.304783 0.298942 0.293356 0.324314 0.303682 0.455207 0.269963 0.462257 0.151031
0.139587 0.508834 0.616468 0.282230 0.108818 0.526175 0.339837 0.299279 0.640199 0.262157 0.497270 0.296900 0.487917 0.459141 0.353192 0.362356 0.212113 0.291123 0.482993 0.277448 0.320760 0.430851 0.119400 0.365700 0.421068 0.411446 0.216160 0.435433 0.382147 0.447405 0.422931 0.404830 0.581849 0.387202 0.527424 0.106673 0.505223 0.445265 0.313511 0.390788 0.404985 0.356179 0.477815 0.432287 0.510073 0.273885 0.353436 0.425124 0.286064 0.530373 0.261589 0.742799 0.326782 0.409411 0.528180 0.452286 0.340159 0.397332 0.339086 0.377868 0.446751 0.396072 0.211650
0.352327 0.360724 0.143212 0.277936 0.343266 0.405297 0.593784 0.364182 0.492596 0.557306 0.210962 0.336918 0.476831 0.482546 0.509145 0.444066 0.317444 0.410810 0.457360 0.465485 0.418619 0.395051 0.264715 0.501410 0.386214 0.454198 0.643734 0.438706 0.287818 0.485611 0.346245 0.571760 0.127608 0.278774 0.511357 0.352073 0.476647 0.362606 0.492118 0.539413 0.437135 0.305497 0.281764 0.486593 0.513956 0.432863 0.457064 0.481373 0.491600 0.387805 0.316232 0.237305 0.370463 0.381701 0.329275 0.356635 0.388944 0.297382 0.763952 0.273129 0.623855 0.280681 0.448876
0.692345 0.288221 0.172727 0.176821 0.490127 0.250799 0.397253 0.308975 0.500766 0.307478 0.175239 0.336438 0.293102 0.266094 0.515185 0.439891 0.284104 0.467165 0.405957 0.399327 0.349892 0.511431 0.328438 0.478711 0.290953 0.354286 0.477034 0.276624 0.356297 0.433908 0.195695 0.392763 0.451721 0.287625 0.479435 0.443759 0.400071 0.443703 0.467626 0.468584 0.389823 0.483416 0.336927 0.202364 0.473964 0.470950 0.246019 0.314911 0.289086 0.523317 0.166864 0.461549 0.641213 0.504305 0.444696 0.397228 0.362177 0.412358 0.601457 0.264003 0.426699 0.483045 0.372069
0.295556 0.601484 0.384538 0.426711 0.386031 0.422668 0.748649 0.516414 0.294934 0.032238 0.376841 0.252153 0.424808 0.078118 0.460582 0.259387 0.264065 0.488138 0.400008 0.419538 0.466620 0.226304 0.304204 0.484982 0.455944 0.469761 0.299952 0.329818 0.272638 0.221162 0.331001 0.341622 0.340444 0.494373 0.561834 0.292321 0.432357 0.146109 0.497466 0.290923 0.144351 0.326290 0.468436 0.332349 0.483724 0.450726 0.343022 0.220535 0.436033 0.329355 0.389648 0.401911 0.323010 0.375316 0.412804 0.282398 0.570009 0.286594 0.346762 0.647763 0.154795 0.430205 0.539730
0.468656 0.289453 0.363636 0.528018 0.324791 0.483649 0.343792 0.269716 0.450711 0.536995 0.273667 0.367139 0.360859 0.261068 0.349589 0.470562 0.179056 0.444703 0.557213 0.630213 0.392192 0.201782 0.233017 0.526043 0.462230 0.170206 0.301277 0.423245 0.418030 0.589710 0.212804 0.435449 0.346965 0.292154 0.160630 0.351258 0.488975 0.450155 0.230705 0.343457 0.273470 0.418372 0.118371 0.623806 0.457109 0.346110 0.598106 0.327423 0.609555 0.237906 0.158515 0.378453 0.261529 0.332739 0.356359 0.323937 0.424257 0.413831 0.475949 0.176895 0.194424 0.515373 0.224005
0.258463 0.432508 0.441603 0.470135 0.440366 0.291881 0.293197 0.388345 0.445003 0.448121 0.331810 0.257662 0.547426 0.529173 0.321900 0.312982 0.345494 0.178422 0.187340 0.562714 0.438784 0.377253 0.241635 0.187903 0.353839 0.406478 0.336091 0.449443 0.222474 0.480955 0.437001 0.536944 0.258691 0.238029 0.289393 0.331495 0.255045 0.159035 0.636863 0.297061 0.133415 0.331579 0.561041 0.261778 0.406340 0.363436 0.402838 0.343227 0.164143 0.109781 0.227637 0.443977 0.147621 0.322187 0.437100 0.166264 0.409423 0.450895 0.561843 0.268917 0.494759 0.365010 0.355108
0.206355 0.181017 0.382846 0.267846 0.334099 0.443830 0.598310 0.452890 0.186759 0.382668 0.014611 0.363414 0.345196 0.362102 0.360752 0.440240 0.368021 0.334765 0.240166 0.383042 0.279500 0.462923 0.349399 0.326318 0.428204 0.497543 0.226679 0.279892 0.487255 0.407013 0.223541 0.274469 0.341139 0.439130 0.366257 0.399145 0.355901 0.103992 0.313616 0.537038 0.427472 0.404822 0.685556 0.464218 0.408107 0.298499 0.319802 0.316940 0.375252 0.223574 0.310507 0.627819 0.323720 0.374109 0.410570 0.449625 0.438174 0.294710 0.392444 0.552400 0.325110 0.422294 0.432971
0.373074 0.478096 0.593791 0.301246 0.374120 0.297593 0.596352 0.295892 0.422311 0.403010 0.273028 0.326087 0.211444 0.426298 0.326117 0.165759 0.417270 0.395478 0.260609 0.521369 0.396635 0.393455 0.411605 0.329729 0.342744 0.363778 0.404225 0.355632 0.287622 0.260192 0.477623 0.269721 0.346043 0.378929 0.347680 0.306089 0.217031 0.479185 0.271952 0.602886 0.228906 0.424542 0.351172 0.232660 0.392118 0.191637 0.246000 0.121695 0.548765 0.329172 0.117079 0.299900 0.518397 0.479343 0.426290 0.258947 0.103796 0.395361 0.443841 0.474452 0.359109 0.221925 0.201234
0.338443 0.419078 0.342096 0.414365 0.454394 0.080993 0.531318 0.550869 0.212298 0.426745 0.264351 0.390473 0.488543 0.363683 0.397934 0.332877 0.321287 0.067639 0.358049 0.366336 0.303088 0.190424 0.493546 0.364627 0.382007 0.415203 0.341833 0.228959 0.347718 0.322883 0.260049 0.153407 0.401365 0.412673 0.403360 0.367029 0.196319 0.385137 0.109513 0.155765 0.544816 0.447424 0.254335 0.454193 0.456770 0.306785 0.399135 0.259925 0.407502 0.296063 0.330248 0.379797 0.149754 0.551461 0.516133 0.354110 0.217189 0.369041 0.537390 0.048687 0.593099 0.390477 0.358171
0.590379 0.137555 0.316079 0.334854 0.445271 0.670427 0.228211 0.272407 0.346795 0.302593 0.139464 0.498150 0.217073 0.413149 0.111013 0.360090 0.421646 0.701178 0.334874 0.238019 0.344863 0.239941 0.235304 0.304178 0.198658 0.549056 0.147029 0.467936 0.241509 0.295770 0.572644 0.398428 0.298507 0.315469 0.262368 0.247108 0.249978 0.296837 0.236060 0.265895 0.310461 0.334735 0.322051 0.338505 0.629960 0.252233 0.373577 0.225086 0.169557 0.261828 0.450988 0.526202 0.232489 0.441133 0.324202 0.370118 0.298129 0.343125 0.042920 0.431315 0.555284 0.476181 0.485658
0.346220 0.284349 0.483305 0.542810 0.348417 0.556929 0.106337 0.321709 0.325488 0.142524 0.485217 0.157164 0.666197 0.240541 0.195151 0.326255 0.212721 0.400552 0.339343 0.582247 0.543541 0.435020 0.648567 0.402360 0.459196 0.257755 0.563715 0.057983 0.282908 0.425627 0.222143 0.465343 0.120350 0.330116 0.517958 0.420125 0.565944 0.272939 0.395630 0.356709 0.121351 0.134965 0.261716 0.425540 0.408490 0.373098 0.440818 0.437865 0.296597 0.447300 0.188572 0.460632 0.244040 0.027349 0.432753 0.552473 0.439372 0.236593 0.230146 0.414327 0.370778 0.531257 0.262661
0.206874 0.459351 0.004428 0.442269 0.226413 0.249428 0.365520 0.404397 0.219473 0.571389 0.462305 0.357993 0.471098 0.366420 0.427583 0.353241 0.432335 0.632459 0.275943 0.195550 0.623873 0.454847 0.306142 0.321307 0.437422 0.321676 0.630953 0.281100 0.520766 0.408773 0.329015 0.432509 0.446742 0.423230 0.180491 0.623085 0.311270 0.400438 0.249450 0.463056 0.266584 0.114085 0.506408 0.466175 0.118366 0.368148 0.338430 0.364541 0.466918 0.421794 0.190947 0.407332 0.389988 0.237148 0.070010 0.041179 0.471607 0.494327 0.445151 0.187549 0.175240 0.269266 0.327164
0.206069 0.255043 0.545071 0.377466 0.264473 0.403731 0.592819 0.302261 0.472997 0.160550 0.249273 0.165866 0.229575 0.151872 0.251732 0.349219 0.199135 0.325792 0.304658 0.361906 0.529373 0.445466 0.424891 0.451154 0.454386 0.381466 0.257745 0.315648 0.458609 0.526896 0.259655 0.502673 0.388981 0.114638 0.302785 0.346478 0.353611 0.448621 0.544174 0.333893 0.378041 0.294958 0.267163 0.222316 0.246175 0.283795 0.340480 0.450725 0.349967 0.305904 0.255137 0.405896 0.285985 0.224976 0.437363 0.474223 0.281691 0.257210 0.228567 0.222557 0.536542 0.353632 0.108635
0.527083 0.460390 0.447293 0.409126 0.390153 0.131448 0.309834 0.397675 0.184926 0.237260 0.324322 0.198810 0.421584 0.544401 0.371063 0.618286 0.141152 0.326165 0.258281 0.404732 0.258472 0.250538 0.486542 0.477247 0.470883 0.484942 0.383750 0.302698 0.387796 0.256667 0.358871 0.423490 0.363877 0.552805 0.241931 0.212147 0.137188 0.319788 0.074951 0.363524 0.222651 0.454983 0.280268 0.334661 0.353673 0.279682 0.284987 0.395173 0.640905 0.568146 0.470504 0.273162 0.375004 0.432303 0.559962 0.342299 0.463574 0.383641 0.120109 0.524140 0.289412 0.273809 0.554215
0.485875 0.405489 0.593252 0.413953 0.421073 0.264881 0.322524 0.199280 0.316779 0.058502 0.210395 0.314922 0.472677 0.289681 0.462844 0.481288 0.412054 0.435636 0.401363 0.474374 0.356571 0.304713 0.530475 0.401352 0.517071 0.331229 0.373242 0.149040 0.532053 0.250190 0.407732 0.502384 0.261158 0.431796 0.291630 0.436398 0.247699 0.355172 0.294891 0.648470 0.405794 0.390275 0.303417 0.502540 0.415634 0.314696 0.141744 0.341287 0.388124 0.114730 0.325136 0.283380 0.278611 0.180395 0.427085 0.451081 0.521561 0.508298 0.687649 0.210577 0.286314 0.330683 0.357474
0.233927 0.201402 0.409679 0.161448 0.394328 0.165463 0.615161 0.400676 0.200339 0.470110 0.371476 0.150529 0.178561 0.305617 0.323683 0.313338 0.363908 0.319960 0.333493 0.267456 0.377126 0.343927 0.485733 0.189887 0.117852 0.281305 0.152136 0.396859 0.515563 0.232803 0.445906 0.223524 0.461386 0.303937 0.392569 0.277778 0.118060 0.350107 0.382203 0.357552 0.364016 0.256372 0.404403 0.193087 0.346831 0.241977 0.327118 0.124674 0.254800 0.370855 0.351723 0.402248 0.424729 0.204690 0.455628 0.481787 0.215395 0.250043 0.286892 0.444940 0.487392 0.231694 0.192207
0.537506 0.267451 0.142691 0.195228 0.330680 0.438168 0.194548 0.244102 0.257191 0.135359 0.482819 0.185188 0.291051 0.346107 0.263782 0.286065 0.220003 0.327030 0.308758 0.213183 0.251676 0.141009 0.326804 0.149457 0.146663 0.482090 0.375717 0.522111 0.319106 0.315448 0.239845 0.360463 0.254370 0.311911 0.303193 0.185204 0.293824 0.261283 0.268918 0.242182 0.279343 0.567194 0.434274 0.346752 0.298340 0.339880 0.231819 0.369123 0.306356 0.206991 0.400665 0.234933 0.470515 0.516630 0.276330 0.198695 0.181956 0.304495 0.429016 0.373809 0.465837 0.444509 0.167833
0.110281 0.278330 0.437013 0.401051 0.208336 0.001593 0.170911 0.131670 0.340770 0.415325 0.325000 0.225958 0.150473 0.471129 0.261207 0.167325 0.037798 0.350858 0.437464 0.481626 0.256647 0.250908 0.323785 0.060990 0.427518 0.549511 0.320637 0.349522 0.347086 0.483596 0.391146 0.252652 0.529896 0.162083 0.454070 0.228665 0.328779 0.307824 0.323575 0.291063 0.153097 0.464505 0.461136 0.423274 0.597711 0.445168 0.288378 0.412878 0.076180 0.365203 0.203940 0.223039 0.370153 0.358402 0.281877 0.320980 0.225731 0.251778 0.303813 0.257752 0.221900 0.239945 0.249081
0.365776 0.237014 0.511602 0.310907 0.134452 0.500387 0.258373 0.259054 0.386430 0.223619 0.410946 0.128803 0.344769 0.138974 0.295395 0.102134 0.288145 0.301500 0.343887 0.412012 0.165534 0.278073 0.209848 0.165446 0.293897 0.227022 0.329755 0.419984 0.296463 0.157507 0.144490 0.352493 0.122513 0.195969 0.240122 0.391674 0.165933 0.281558 0.335703 0.164778 0.397129 0.376159 0.401389 0.017759 0.371807 0.364518 0.162318 0.275993 0.216406 0.097179 0.000000 0.306044 0.392273 0.397990 0.030584 0.275036 0.348084 0.449465 0.232115 0.195003 0.301832 0.363104 0.284112
0.333117 0.527558 0.568401 0.476064 0.079318 0.508986 0.531728 0.474367 0.204144 0.317631 0.309552 0.243122 0.390987 0.229408 0.257219 0.336735 0.394738 0.448819 0.310515 0.213568 0.235496 0.457727 0.487791 0.410673 0.351262 0.459610 0.358561 0.589046 0.299864 0.131100 0.357306 0.401711 0.439580 0.414758 0.322849 0.453487 0.339693 0.244395 0.359017 0.527573 0.397308 0.195280 0.407403 0.336228 0.548783 0.370168 0.476353 0.294506 0.494110 0.207982 0.178381 0.238612 0.448829 0.393717 0.430691 0.436438 0.414744 0.146632 0.380182 0.209795 0.237715 0.380353 0.146384
0.573765 0.544085 0.220594 0.358388 0.141359 0.422442 0.177456 0.287240 0.134978 0.478392 0.247514 0.068220 0.370838 0.078072 0.229641 0.287397 0.457801 0.533581 0.116245 0.269275 0.440688 0.512909 0.417845 0.178195 0.441583 0.202420 0.450010 0.282084 0.351080 0.216474 0.348767 0.322041 0.400845 0.292964 0.363697 0.356322 0.256048 0.285552 0.155802 0.261871 0.546712 0.326889 0.406429 0.316628 0.337512 0.154288 0.267035 0.342384 0.282091 0.405403 0.499000 0.318495 0.167346 0.007812 0.322507 0.301430 0.444469 0.228584 0.270745 0.316516 0.300384 0.312026 0.583590
0.184098 0.397779 0.448643 0.202454 0.484761 0.205626 0.013982 0.306460 0.308087 0.337917 0.463738 0.260190 0.318134 0.395074 0.308180 0.385570 0.279106 0.299569 0.294829 0.254339 0.178326 0.082874 0.380606 0.431376 0.190990 0.323423 0.431214 0.356326 0.360656 0.333074 0.442765 0.452097 0.078868 0.403911 0.143839 0.435045 0.350250 0.048453 0.261383 0.425670 0.219442 0.162921 0.379598 0.396543 0.512820 0.425264 0.527948 0.433492 0.143714 0.349518 0.366947 0.146186 0.236617 0.237676 0.249355 0.267684 0.280529 0.160673 0.415920 0.492320 0.181104 0.325612 0.420092
