cenop/data/CentralBaltic/prey0000_08.asc
NCOLS 400 
NROWS 400 
XLLCORNER 4750000.0 
YLLCORNER 3200000.0 
CELLSIZE 1000.0 
NODATA_value -9999 
[rows 196 to 223 of 400, columns 252 to 314 of 400]
0.591155 0.389402 0.630537 0.640011 0.456893 0.380270 0.532347 0.542593 0.774773 0.493083 0.679880 0.610563 0.588290 0.378804 0.572733 0.600041 0.451265 0.751683 0.510120 0.331683 0.543184 0.466752 0.439697 0.150323 0.298615 0.640451 0.365731 0.744586 0.476220 0.499039 0.775977 0.590334 0.566884 0.376701 0.791693 0.568717 0.454530 0.529416 0.212372 0.230316 0.403631 0.331555 0.397122 0.688794 0.363232 0.609792 0.437297 0.777370 0.338528 0.250633 0.487269 0.460660 0.240107 0.156215 0.343251 0.476350 0.789555 0.271256 0.115270 0.514353 0.309049 0.631517 0.597166
0.533868 0.454306 0.372746 0.472206 0.462173 0.687050 0.630457 0.540199 0.281524 0.322255 0.478461 0.505163 0.282624 0.058453 0.487621 0.372571 0.322053 0.174753 0.400134 0.364017 0.398396 0.175630 0.389911 0.694707 0.474863 0.533587 0.447428 0.601780 0.438842 0.672631 0.599897 0.387804 0.257061 0.610071 0.329565 0.384621 0.201823 0.488020 0.686656 0.557365 0.576466 0.369339 0.343216 0.476018 0.454271 0.379865 0.592171 0.585432 0.442327 0.619072 0.515117 0.444652 0.569639 0.532114 0.493806 0.392257 0.357356 0.529766 0.408817 0.530129 0.585986 0.407039 0.486939
0.545198 0.408336 0.454841 0.535216 0.245285 0.361064 0.663049 0.252172 0.661912 0.343138 0.607362 0.690078 0.653231 0.305227 0.854033 0.588473 0.532063 0.545216 0.228510 0.282661 0.680003 0.594937 0.411613 0.471360 0.197261 0.790011 0.783720 0.633085 0.583722 0.579867 0.396262 0.408754 0.451024 0.533846 0.495602 0.412002 0.307290 0.697196 0.384426 0.656264 0.512658 0.688009 0.430126 0.399498 0.304497 0.319731 0.538883 0.446431 0.208794 0.252977 0.697835 0.441783 0.610257 0.658972 0.222954 0.667104 0.625379 0.476882 0.748031 0.409820 0.175748 0.656658 0.193717
0.539197 0.676099 0.688483 0.580493 0.658058 0.407864 0.251145 0.473477 0.783586 0.145804 0.285417 0.628499 0.612138 0.373169 0.712724 0.489667 0.247617 0.527504 0.430954 0.466801 0.617037 0.468564 0.513215 0.413805 0.377330 0.544682 0.615185 0.378792 0.541323 0.410081 0.539809 0.482808 0.687860 0.204547 0.600765 0.348887 0.358991 0.185734 0.719966 0.356561 0.518048 0.513102 0.663114 0.471235 0.269755 0.411379 0.516825 0.496271 0.381062 0.597370 0.577660 0.613698 0.459451 0.562525 0.385495 0.570457 0.423374 0.496004 0.384350 0.604372 0.600677 0.551678 0.540667
0.562371 0.617719 0.301230 0.275700 0.500559 0.456058 0.571111 0.148213 0.508889 0.588060 0.438394 0.341037 0.385456 0.362501 0.708540 0.341992 0.560070 0.391199 0.214175 0.717659 0.431180 0.469656 0.117422 0.561647 0.256656 0.568376 0.362299 0.523221 0.509854 0.501590 0.669890 0.318862 0.576068 0.366843 0.653413 0.393532 0.324816 0.669632 0.383260 0.645942 0.619480 0.348164 0.323514 0.390172 0.646384 0.661262 0.429918 0.509443 0.327150 0.187268 0.500734 0.486783 0.450146 0.602952 0.680422 0.606224 0.550504 0.475724 0.594899 0.333625 0.676258 0.521700 0.642353
0.696425 0.563269 0.589079 0.545485 0.368229 0.519660 0.345070 0.202756 0.464463 0.487718 0.624724 0.672737 0.413879 0.671765 0.357050 0.534430 0.503509 0.274889 0.459283 0.390378 0.449713 0.274828 0.608443 0.489321 0.622090 0.247242 0.530764 0.481740 0.792610 0.251090 0.454298 0.389095 0.454414 0.598710 0.483286 0.495529 0.521896 0.234757 0.297498 0.346345 0.385708 0.351289 0.284359 0.350469 0.458192 0.554991 0.488517 0.327325 0.476404 0.599210 0.244510 0.660749 0.536527 0.537387 0.465039 0.537388 0.319276 0.555961 0.571021 0.328412 0.182666 0.368417 0.609214
0.378287 0.519328 0.369696 0.330515 0.579039 0.670287 0.362014 0.535368 0.747542 0.551374 0.428294 0.256625 0.777276 0.627552 0.210159 0.319371 0.746599 0.596294 0.277735 0.560257 0.397921 0.484516 0.638846 0.667414 0.475167 0.383878 0.157975 0.694357 0.624487 0.653863 0.542379 0.841837 0.685923 0.563834 0.348507 0.389622 0.555555 0.511918 0.232606 0.249796 0.206614 0.661998 0.600492 0.528969 0.498585 0.438274 0.274118 0.777703 0.601427 0.427391 0.732593 0.332119 0.700287 0.707475 0.535500 0.235821 0.492986 0.413933 0.357209 0.505518 0.648688 0.480183 0.458295
0.490637 0.272915 0.316812 0.342144 0.699414 0.483920 0.232334 0.289214 0.367259 0.486898 0.509735 0.473449 0.653323 0.608786 0.562708 0.413580 0.532382 0.631533 0.422413 0.286467 0.278560 0.450018 0.169199 0.548946 0.642775 0.486949 0.168296 0.428397 0.694566 0.385751 0.631204 0.529760 0.234888 0.358447 0.537641 0.629972 0.666661 0.657072 0.530524 0.569952 0.226065 0.287368 0.261209 0.405695 0.363852 0.502210 0.491291 0.647155 0.193722 0.587014 0.516147 0.606893 0.593217 0.338300 0.492341 0.249411 0.137358 0.558649 0.309125 0.756701 0.422792 0.338756 0.417290
0.644578 0.477563 0.189696 0.504314 0.687497 0.489399 0.380664 0.313167 0.357259 0.298402 0.418949 0.570743 0.396166 0.606538 0.595940 0.253589 0.265873 0.316984 0.204702 0.715125 0.523242 0.400831 0.717037 0.752176 0.670646 0.275125 0.520743 0.409127 0.735249 0.487806 0.316067 0.469130 0.379652 0.605714 0.103771 0.408226 0.839795 0.231530 0.211593 0.440963 0.777119 0.342516 0.470940 0.429875 0.371772 0.311082 0.302761 0.306490 0.619607 0.392852 0.387993 0.683119 0.360584 0.436980 0.515233 0.302854 0.661800 0.944313 0.613344 0.492746 0.506793 0.598576 0.468837
0.125714 0.441503 0.079984 0.487000 0.540908 0.510994 0.694779 0.621571 0.343998 0.451975 0.426404 0.425819 0.480777 0.811399 0.298195 0.355431 0.429435 0.281024 0.390918 0.453682 0.512132 0.446783 0.358528 0.699879 0.435894 0.596247 0.685291 0.330551 0.426470 0.561118 0.267803 0.236607 0.617345 0.252254 0.343915 0.276901 0.323596 0.192787 0.411569 0.167752 0.476898 0.437334 0.714364 0.535173 0.362232 0.512007 0.262421 0.478278 0.686214 0.407090 0.408154 0.386087 0.678572 0.821018 0.565341 0.663620 0.798601 0.641540 0.672975 0.503987 0.657603 0.600279 0.334892
0.629773 0.453377 0.451482 0.334884 0.547653 0.275736 0.562821 0.362429 0.566041 0.548919 0.509802 0.476456 0.657511 0.301718 0.549826 0.221414 0.526137 0.563347 0.467862 0.293466 0.739282 0.455872 0.570888 0.710079 0.640614 0.320381 0.472567 0.694602 0.537808 0.775930 0.540827 0.568997 0.187676 0.277315 0.500703 0.408317 0.545016 0.385530 0.446588 0.687394 0.556988 0.584256 0.445057 0.487692 0.585193 0.396890 0.589906 0.383434 0.224218 0.528152 0.632572 0.364869 0.551883 0.322482 0.537784 0.209579 0.425019 0.366380 0.244617 0.227407 0.580116 0.224441 0.139141
0.790267 0.542935 0.479707 0.695894 0.670140 0.408980 0.355089 0.380123 0.251605 0.452577 0.482582 0.140142 0.179150 0.375404 0.647631 0.467496 0.363508 0.341607 0.571273 0.769571 0.410491 0.548304 0.707397 0.645255 0.371421 0.302916 0.435275 0.341985 0.392939 0.503168 0.263942 0.471705 0.433473 0.595064 0.362190 0.353393 0.689313 0.260432 0.361048 0.724060 0.317570 0.534804 0.259174 0.637898 0.412287 0.334822 0.569646 0.542651 0.650386 0.118959 0.468132 0.585899 0.497599 0.319961 0.286014 0.477317 0.830329 0.388920 0.673876 0.825198 0.650784 0.406523 0.358491
0.757034 0.392062 0.434292 0.380440 0.388742 0.420367 0.458999 0.572161 0.677854 0.134771 0.356312 0.286172 0.181368 0.475193 0.199394 0.740592 0.655971 0.510963 0.514981 0.442142 0.305326 0.484683 0.778507 0.720989 0.554856 0.639428 0.404445 0.296526 0.692174 0.444053 0.438060 0.314229 0.394405 0.519088 0.706878 0.322480 0.502699 0.385314 0.530530 0.629999 0.598313 0.207061 0.236671 0.324552 0.457450 0.472146 0.477465 0.254389 0.335122 0.687161 0.688735 0.449215 0.385614 0.708562 0.547944 0.701377 0.660655 0.609030 0.555537 0.579306 0.557359 0.223290 0.354618
0.470975 0.311783 0.379459 0.556688 0.552079 0.382831 0.566165 0.291518 0.493637 0.427301 0.573183 0.639005 0.409150 0.524456 0.492074 0.331340 0.717750 0.486923 0.283431 0.511753 0.379929 0.573330 0.604714 0.653441 0.313495 0.649098 0.377696 0.653058 0.319805 0.346539 0.536594 0.480722 0.297679 0.510609 0.458378 0.351833 0.498551 0.477839 0.560884 0.540360 0.686715 0.350236 0.604161 0.616942 0.563749 0.492760 0.634065 0.650938 0.374294 0.529234 0.393777 0.294905 0.663655 0.416028 0.579149 0.381030 0.428647 0.595192 0.724053 0.737752 0.237579 0.515030 0.439607
0.721355 0.589843 0.486048 0.305516 0.654957 0.483353 0.560857 0.340331 0.733243 0.480261 0.267810 0.702477 0.383827 0.544603 0.350981 0.505346 0.434132 0.591468 0.746052 0.555315 0.465888 0.673596 0.678297 0.651977 0.488179 0.322591 0.351767 0.258620 0.762449 0.346566 0.432269 0.533048 0.484225 0.488742 0.277182 0.691304 0.645138 0.724672 0.607374 0.309029 0.181807 0.626938 0.597412 0.541638 0.217301 0.402155 0.271915 0.245741 0.469873 0.166946 0.544491 0.384908 0.246630 0.476801 0.316331 0.117906 0.331378 0.441623 0.469138 0.666620 0.495139 0.385721 0.373508
0.637962 0.386807 0.603078 0.499955 0.579354 0.293530 0.332348 0.600706 0.212378 0.599081 0.529042 0.460128 0.241313 0.640177 0.261069 0.474618 0.193824 0.298337 0.514588 0.304077 0.320505 0.702392 0.716374 0.357581 0.630936 0.298132 0.393599 0.493833 0.311269 0.813721 0.701818 0.338623 0.648594 0.482809 0.496745 0.625455 0.307006 0.524354 0.398133 0.562012 0.363802 0.453444 0.264872 0.444457 0.448470 0.622549 0.516217 0.420302 0.671199 0.489057 0.619951 0.196531 0.390472 0.240135 0.231067 0.437503 0.590642 0.597067 0.301956 0.480770 0.335026 0.328798 0.369963
0.150078 0.279827 0.388436 0.506913 0.671991 0.234201 0.164305 0.531467 0.504165 0.438114 0.343161 0.435138 0.533296 0.248800 0.408842 0.639958 0.402872 0.485493 0.425359 0.650295 0.342948 0.569070 0.401506 0.180945 0.164461 0.333199 0.333751 0.433109 0.753815 0.495439 0.337839 0.187334 0.362554 0.498560 0.390537 0.529738 0.407141 0.512550 0.317857 0.457921 0.346103 0.502503 0.479389 0.388757 0.759230 0.302009 0.411603 0.472078 0.190411 0.746160 0.463087 0.551197 0.470749 0.667914 0.522581 0.552396 0.671141 0.243619 0.473029 0.525720 0.179507 0.596948 0.545118
0.430040 0.592158 0.498192 0.188623 0.324189 0.716291 0.447461 0.531693 0.501612 0.384512 0.351368 0.442121 0.538921 0.515270 0.200510 0.652943 0.226103 0.462645 0.478236 0.247804 0.418071 0.784734 0.513207 0.476672 0.554362 0.203854 0.766703 0.703121 0.391653 0.627198 0.513041 0.410941 0.630255 0.669365 0.828572 0.361496 0.617777 0.221669 0.765917 0.416652 0.391253 0.169995 0.467182 0.284498 0.531864 0.338912 0.450151 0.425189 0.775362 0.731493 0.424501 0.493669 0.518414 0.298036 0.367427 0.356658 0.552096 0.657281 0.343099 0.738206 0.457936 0.299163 0.609180
0.540976 0.817638 0.711518 0.380935 0.601008 0.324299 0.420593 0.624976 0.262568 0.612043 0.674690 0.414009 0.588599 0.469052 0.407963 0.650936 0.503097 0.596772 0.341113 0.363641 0.390772 0.179710 0.179273 0.410361 0.676461 0.424473 0.320826 0.375752 0.686664 0.524152 0.779875 0.433587 0.471633 0.401517 0.457189 0.326020 0.172986 0.686931 0.424563 0.650441 0.589472 0.483198 0.340962 0.624384 0.563007 0.328923 0.307289 0.472433 0.450205 0.508457 0.678833 0.714033 0.258574 0.480691 0.584789 0.438538 0.348240 0.507298 0.304668 0.217698 0.601099 0.393644 0.194845
0.379962 0.464187 0.569965 0.670193 0.696514 0.518959 0.483227 0.511128 0.458114 0.499085 0.147984 0.430694 0.604270 0.617340 0.411386 0.722522 0.611428 0.235937 0.579826 0.542913 0.210495 0.511238 0.569768 0.322675 0.767312 0.386975 0.488707 0.645238 0.412310 0.593638 0.354145 0.572132 0.472197 0.374647 0.493529 0.302843 0.284383 0.500246 0.209296 0.386572 0.261357 0.385604 0.246496 0.387761 0.494258 0.343350 0.431383 0.279624 0.463167 0.662862 0.253936 0.863642 0.285153 0.629886 0.454791 0.295219 0.167779 0.495920 0.546505 0.443976 0.273336 0.735049 0.412850
0.385852 0.682336 0.269711 0.536001 0.424613 0.556359 0.285434 0.611207 0.665702 0.512619 0.595989 0.640334 0.315260 0.433762 0.549828 0.476231 0.268386 0.671056 0.591322 0.440697 0.464278 0.400971 0.456383 0.814871 0.481860 0.448126 0.803248 0.648499 0.443126 0.335255 0.203317 0.530277 0.280485 0.509189 0.565917 0.874388 0.473706 0.362540 0.271732 0.630184 0.525384 0.363766 0.697872 0.665197 0.557987 0.684199 0.608533 0.563385 0.386836 0.380449 0.278989 0.473829 0.728490 0.597448 0.624886 0.686053 0.549034 0.651703 0.421184 0.236235 0.498119 0.583046 0.173707
0.460884 0.718294 0.327496 0.456530 0.475171 0.578407 0.593466 0.735060 0.574650 0.449653 0.503182 0.426191 0.605131 0.399348 0.542225 0.469070 0.385698 0.539850 0.759578 0.299627 0.848752 0.458998 0.653086 0.566091 0.281087 0.356450 0.493893 0.401101 0.423208 0.535750 0.690972 0.477165 0.290814 0.470096 0.344708 0.558931 0.205802 0.516117 0.381303 0.816118 0.738402 0.323497 0.545990 0.469962 0.546775 0.558356 0.603122 0.232189 0.347236 0.499820 0.419333 0.645321 0.354877 0.675607 0.578769 0.300291 0.429191 0.294697 0.497603 0.483375 0.418744 0.481421 0.539797
0.629653 0.608125 0.507872 0.650096 0.547071 0.499107 0.367189 0.121965 0.375787 0.614077 0.797011 0.519829 0.576555 0.429279 0.347560 0.673881 0.665550 0.450995 0.451737 0.529895 0.499247 0.436621 0.456811 0.548917 0.470459 0.637836 0.592941 0.633597 0.461496 0.269151 0.498526 0.379805 0.549084 0.501311 0.778345 0.565721 0.649916 0.741979 0.400539 0.352393 0.704492 0.522478 0.730165 0.582725 0.612391 0.322857 0.331862 0.689524 0.546532 0.492649 0.279332 0.672591 0.150105 0.567203 0.345906 0.433162 0.625504 0.379336 0.646038 0.455181 0.712699 0.453443 0.742809
0.712111 0.577046 0.615433 0.475118 0.494814 0.791672 0.645983 0.209969 0.253996 0.146301 0.292188 0.292876 0.547280 0.337190 0.510348 0.335265 0.622950 0.710063 0.488376 0.201969 0.534433 0.349465 0.450706 0.601243 0.228479 0.586988 0.437998 0.247725 0.489590 0.611451 0.533792 0.216105 0.483456 0.474728 0.609373 0.340688 0.408134 0.647290 0.622230 0.553634 0.380802 0.422125 0.413853 0.591485 0.306218 0.560120 0.147277 0.645510 0.434329 0.032015 0.693866 0.639329 0.267039 0.456409 0.295782 0.155694 0.447263 0.650740 0.272702 0.652919 0.559200 0.579279 0.399393
0.659734 0.554876 0.218433 0.268785 0.854958 0.354654 0.376071 0.481507 0.483869 0.479623 0.465668 0.168146 0.564391 0.671511 0.320439 0.265130 0.260234 0.361252 0.401681 0.620152 0.275734 0.692000 0.620582 0.366096 0.343683 0.277335 0.372463 0.218729 0.395208 0.408217 0.217524 0.570558 0.361127 0.278332 0.500564 0.462520 0.505332 0.641185 0.504022 0.155422 0.123830 0.726503 0.735844 0.604970 0.586296 0.894466 0.485278 0.216594 0.499294 0.715880 0.407838 0.328933 0.541253 0.301157 0.533398 0.453011 0.318218 0.509838 0.632522 0.482113 0.273273 0.431412 0.140224
0.585872 0.347217 0.600638 0.217273 0.566205 0.506995 0.574966 0.310211 0.610888 0.174931 0.592419 0.733060 0.131343 0.403145 0.541531 0.309734 0.227913 0.440847 0.286829 0.320065 0.594402 0.499946 0.779489 0.565654 0.640412 0.437659 0.818257 0.535447 0.450556 0.336385 0.245221 0.534154 0.330192 0.703121 0.485860 0.289841 0.494050 0.413588 0.672110 0.272062 0.442371 0.361392 0.398242 0.445389 0.601374 0.617543 0.446257 0.622525 0.706276 0.562759 0.350366 0.020440 0.254872 0.567947 0.516179 0.552045 0.220993 0.254302 0.457409 0.341784 0.776803 0.575460 0.449887
0.249833 0.296612 0.481368 0.504424 0.508684 0.393895 0.315862 0.327846 0.259707 0.486651 0.245044 0.598570 0.352970 0.391041 0.427464 0.458577 0.602691 0.501929 0.251030 0.282287 0.454133 0.473182 0.354894 0.426087 0.358343 0.467183 0.435471 0.516773 0.124495 0.435892 0.463066 0.641510 0.579337 0.515750 0.456502 0.264723 0.638614 0.351453 0.660734 0.537834 0.151466 0.628037 0.382101 0.532828 0.238625 0.265796 0.541708 0.321453 0.706454 0.331890 0.467438 0.617390 0.687213 0.310360 0.715620 0.366576 0.504213 0.707856 0.490876 0.220382 0.675825 0.407064 0.444597
0.338374 0.421484 0.240935 0.390719 0.508525 0.190225 0.534952 0.478039 0.399843 0.499490 0.256272 0.630033 0.519130 0.073502 0.601302 0.401297 0.750197 0.312973 0.604153 0.411668 0.241157 0.821604 0.386551 0.434785 0.328594 0.321678 0.474257 0.591380 0.435582 0.469587 0.692976 0.489504 0.499128 0.540827 0.444709 0.560300 0.515409 0.297210 0.319126 0.435743 0.664273 0.387786 0.641191 0.433200 0.346530 0.233690 0.765343 0.349584 0.542519 0.395910 0.657946 0.343231 0.283227 0.635800 0.622285 0.814027 0.565300 0.470737 0.457921 0.633982 0.355949 0.548369 0.518170
