cenop/data/CentralBaltic/prey0000_09.asc
NCOLS 400 
NROWS 400 
XLLCORNER 4750000.0 
YLLCORNER 3200000.0 
CELLSIZE 1000.0 
NODATA_value -9999 
[rows 0 to 27 of 400, columns 126 to 188 of 400]
-9999 -9999 -9999 -9999 -9999 -9999 -9999 -9999 -9999 -9999 -9999 -9999 -9999 -9999 -9999 -9999 -9999 -9999 -9999 -9999 -9999 -9999 -9999 -9999 -9999 -9999 -9999 -9999 -9999 -9999 -9999 -9999 -9999 -9999 -9999 -9999 -9999 -9999 -9999 -9999 -9999 -9999 -9999 -9999 -9999 -9999 -9999 -9999 -9999 -9999 -9999 -9999 -9999 -9999 -9999 -9999 -9999 -9999 -9999 -9999 -9999 -9999 -9999
-9999 -9999 -9999 -9999 -9999 -9999 -9999 -9999 -9999 -9999 -9999 -9999 -9999 -9999 -9999 -9999 -9999 -9999 -9999 -9999 -9999 -9999 -9999 -9999 -9999 -9999 -9999 -9999 -9999 -9999 -9999 -9999 -9999 -9999 -9999 -9999 -9999 -9999 -9999 -9999 -9999 -9999 -9999 -9999 -9999 -9999 -9999 -9999 -9999 -9999 -9999 -9999 -9999 -9999 -9999 -9999 -9999 -9999 -9999 -9999 -9999 -9999 -9999
-9999 -9999 -9999 -9999 -9999 -9999 -9999 -9999 -9999 -9999 -9999 -9999 -9999 -9999 -9999 -9999 -9999 -9999 -9999 -9999 -9999 -9999 -9999 -9999 -9999 -9999 -9999 -9999 -9999 -9999 -9999 -9999 -9999 -9999 -9999 -9999 -9999 -9999 -9999 -9999 -9999 -9999 -9999 -9999 -9999 -9999 -9999 -9999 -9999 -9999 -9999 -9999 -9999 -9999 -9999 -9999 -9999 -9999 -9999 -9999 -9999 -9999 -9999
-9999 -9999 -9999 -9999 -9999 -9999 -9999 -9999 -9999 -9999 -9999 -9999 -9999 -9999 -9999 -9999 -9999 -9999 -9999 -9999 -9999 -9999 -9999 -9999 -9999 -9999 -9999 -9999 -9999 -9999 -9999 -9999 -9999 -9999 -9999 -9999 -9999 -9999 -9999 -9999 -9999 -9999 -9999 -9999 -9999 -9999 -9999 -9999 -9999 -9999 -9999 -9999 -9999 -9999 -9999 -9999 -9999 -9999 -9999 -9999 -9999 -9999 -9999
-9999 -9999 -9999 -9999 -9999 -9999 -9999 -9999 -9999 -9999 -9999 -9999 -9999 -9999 -9999 -9999 -9999 -9999 -9999 -9999 -9999 -9999 -9999 -9999 -9999 -9999 -9999 -9999 -9999 -9999 -9999 -9999 -9999 -9999 -9999 -9999 -9999 -9999 -9999 -9999 -9999 -9999 -9999 -9999 -9999 -9999 -9999 -9999 -9999 -9999 -9999 -9999 -9999 -9999 -9999 -9999 -9999 -9999 -9999 -9999 -9999 -9999 -9999
-9999 -9999 -9999 -9999 -9999 -9999 -9999 -9999 -9999 -9999 -9999 -9999 -9999 -9999 -9999 -9999 -9999 -9999 -9999 -9999 -9999 -9999 -9999 -9999 -9999 -9999 -9999 -9999 -9999 -9999 -9999 -9999 -9999 -9999 -9999 -9999 -9999 -9999 -9999 -9999 -9999 -9999 -9999 -9999 -9999 -9999 -9999 -9999 -9999 -9999 -9999 -9999 -9999 -9999 -9999 -9999 -9999 -9999 -9999 -9999 -9999 -9999 -9999
-9999 -9999 -9999 -9999 -9999 -9999 -9999 -9999 -9999 -9999 -9999 -9999 -9999 -9999 -9999 -9999 -9999 -9999 -9999 -9999 -9999 -9999 -9999 -9999 -9999 -9999 -9999 -9999 -9999 -9999 -9999 -9999 -9999 -9999 -9999 -9999 -9999 -9999 -9999 -9999 -9999 -9999 -9999 -9999 -9999 -9999 -9999 -9999 -9999 -9999 -9999 -9999 -9999 -9999 -9999 -9999 -9999 -9999 -9999 -9999 -9999 -9999 -9999
-9999 -9999 -9999 -9999 -9999 -9999 -9999 -9999 -9999 -9999 -9999 -9999 -9999 -9999 -9999 -9999 -9999 -9999 -9999 -9999 -9999 -9999 -9999 -9999 -9999 -9999 -9999 -9999 -9999 -9999 -9999 -9999 -9999 -9999 -9999 -9999 -9999 -9999 -9999 -9999 -9999 -9999 -9999 -9999 -9999 -9999 -9999 -9999 -9999 -9999 -9999 -9999 -9999 -9999 -9999 -9999 -9999 -9999 -9999 -9999 -9999 -9999 -9999
0.620407 0.721852 0.706442 0.661373 0.500591 0.372032 0.579288 0.429250 0.331855 0.671157 0.517877 0.305516 0.583617 0.690271 0.413598 0.487105 0.318713 0.561931 0.709417 0.535184 0.585151 0.542510 0.400857 0.543014 0.568052 0.663495 0.508140 0.318916 0.509981 0.702926 0.483468 0.770056 0.431659 0.695395 0.481657 0.651473 0.544596 0.493644 0.652589 0.559291 0.447929 0.493925 0.409413 0.450863 0.701739 0.500178 0.615511 0.589766 0.361342 0.473898 0.574566 0.395321 0.504096 0.410573 0.468193 0.440510 0.726087 0.732071 0.597717 0.452158 0.534866 0.665920 0.431403
0.626172 0.668843 0.643787 0.702766 0.648120 0.737644 0.380718 0.411363 0.350229 0.473217 0.681886 0.474846 0.518400 0.558210 0.520908 0.544943 0.813870 0.715198 0.731384 0.699647 0.501972 0.513249 0.829177 0.565552 0.741035 0.480230 0.512962 0.626019 0.315042 0.622790 0.422307 0.566507 0.359121 0.776155 0.724355 0.196489 0.450053 0.302864 0.787730 0.541288 0.814107 0.852243 0.624856 0.698257 0.572590 0.539821 0.403296 0.500883 0.464398 0.462055 0.391853 0.694782 0.347959 0.539922 0.473547 0.569114 0.592795 0.370024 0.722109 0.548411 0.636975 0.808668 0.570429
0.465092 0.299531 0.585368 0.588127 0.775651 0.789799 0.594700 0.657611 0.525424 0.612633 0.565498 0.382478 0.710179 0.428192 0.621321 0.670556 0.780237 0.777228 0.780483 0.403054 0.589516 0.461006 0.584946 0.408001 0.523289 0.567040 0.338591 0.381247 0.554737 0.557630 0.619854 0.503859 0.295036 0.474996 0.517770 0.587258 0.385732 0.521057 0.567146 0.687867 0.706602 0.504045 0.501208 0.629844 0.473006 0.531044 0.497246 0.295930 0.550852 0.644980 0.662718 0.558877 0.739636 0.757000 0.366158 0.453996 0.606989 0.807457 0.737564 0.316380 0.470109 0.664147 0.707259
0.608286 0.506807 0.658021 0.587735 0.382933 0.398960 0.375103 0.575607 0.654890 0.524366 0.828655 0.645669 0.450694 0.560983 0.784584 0.587207 0.345663 0.767432 0.580372 0.585834 0.686484 0.372734 0.612493 0.405870 0.595621 0.345108 0.773259 0.567250 0.726566 0.480154 0.639306 0.660597 0.405209 0.555125 0.451705 0.429703 0.634247 0.683606 0.527367 0.763231 0.329265 0.547013 0.549235 0.404042 0.499986 0.657656 0.442368 0.507939 0.319978 0.298680 0.393800 0.368457 0.679720 0.641760 0.740559 0.805429 0.374347 0.592663 0.658464 0.453988 0.463753 0.465778 0.519073
0.531174 0.624135 0.755690 0.580407 0.629290 0.163431 0.463895 0.558205 0.625921 0.658475 0.638813 0.611014 0.778084 0.654220 0.680903 0.348969 0.411079 0.661774 0.370304 0.581479 0.300105 0.771036 0.614819 0.447052 0.523347 0.611280 0.343319 0.786391 0.555352 0.346352 0.390082 0.380668 0.736720 0.508255 0.324250 0.601515 0.353196 0.351340 0.670272 0.727177 0.567533 0.536761 0.416383 0.494648 0.580227 0.579062 0.618784 0.810457 0.804671 0.698461 0.537433 0.794247 0.649733 0.601545 0.814383 0.432949 0.491775 0.641090 0.507248 0.597066 0.580331 0.387162 0.386887
0.591499 0.773043 0.548374 0.689337 0.666745 0.492798 0.533402 0.340808 0.554773 0.487954 0.593700 0.491029 0.473002 0.241693 0.637201 0.584303 0.432781 0.654014 0.806591 0.424661 0.704430 0.378193 0.680882 0.511618 0.573489 0.552027 0.505939 0.567247 0.631240 0.610556 0.653225 0.399919 0.514934 0.304168 0.751866 0.640829 0.546979 0.622278 0.542165 0.689366 0.319392 0.565984 0.491457 0.651826 0.874142 0.735329 0.492141 0.368462 0.534974 0.535090 0.750370 0.590711 0.418285 0.253682 0.152877 0.567541 0.460095 0.651732 0.407318 0.749289 0.637021 0.574863 0.544693
0.360772 0.438574 0.329313 0.473960 0.454255 0.499029 0.439658 0.665604 0.686121 0.565126 0.475248 0.483260 0.597569 0.495338 0.706475 0.618167 0.349210 0.412981 0.664067 0.684344 0.539019 0.405076 0.380502 0.752613 0.551988 0.511584 0.587027 0.412821 0.542173 0.515474 0.441296 0.495656 0.461269 0.632285 0.696675 0.378048 0.549608 0.703607 0.507800 0.615789 0.580912 0.543477 0.533916 0.577636 0.824890 0.816564 0.594289 0.523622 0.522887 0.444766 0.422514 0.627613 0.715692 0.518956 0.492237 0.507721 0.626745 0.617498 0.674995 0.477228 0.512059 0.680481 0.506740
0.395670 0.659431 0.635668 0.540323 0.530952 0.529429 0.384038 0.401389 0.813242 0.521207 0.465579 0.211316 0.511266 0.413341 0.476323 0.543744 0.450087 0.455162 0.438620 0.786588 0.484721 0.441065 0.590489 0.370694 0.472015 0.504207 0.785960 0.602611 0.528070 0.474205 0.755467 0.568874 0.197682 0.392802 0.650347 0.484503 0.678150 0.455724 0.518777 0.713809 0.404273 0.408541 0.607835 0.586342 0.863072 0.523295 0.581629 0.520129 0.588343 0.398169 0.518653 0.455415 0.611187 0.457776 0.649942 0.680830 0.511999 0.640070 0.640710 0.624401 0.309400 0.643426 0.649775
0.480757 0.713825 0.395473 0.689754 0.757937 0.684245 0.489944 0.635957 0.379806 0.606662 0.482940 0.415930 0.594015 0.842856 0.342905 0.251652 0.599502 0.379340 0.705955 0.315526 0.330422 0.262835 0.682029 0.587210 0.568702 0.726179 0.724504 0.596998 0.767580 0.788458 0.729768 0.573540 0.682578 0.652357 0.407441 0.712065 0.597597 0.483898 0.612053 0.439225 0.673531 0.527588 0.736949 0.746855 0.357206 0.461568 0.302257 0.757653 0.321507 0.587498 0.572199 0.306373 0.374650 0.318684 0.559325 0.396736 0.795190 0.688761 0.468694 0.694015 0.625351 0.561190 0.796597
0.409128 0.430598 0.341252 0.575022 0.677664 0.617568 0.527686 0.387306 0.413946 0.415914 0.544325 0.757421 0.683864 0.482006 0.650364 0.551929 0.383509 0.603636 0.820562 0.347611 0.612938 0.526589 0.627500 0.794838 0.707880 0.700665 0.577054 0.462398 0.400806 0.343115 0.537502 0.606856 0.436359 0.430385 0.614514 0.701949 0.393385 0.690652 0.502764 0.660881 0.531723 0.628225 0.510033 0.698889 0.490837 0.388450 0.449856 0.429020 0.305176 0.505218 0.743265 0.315279 0.520474 0.702996 0.843177 0.381504 0.446428 0.559303 0.318498 0.366494 0.265561 0.857772 0.530357
0.697462 0.501598 0.561211 0.425045 0.768496 0.532982 0.578954 0.490884 0.508218 0.430029 0.576594 0.440231 0.675978 0.538346 0.480810 0.443349 0.659685 0.587180 0.428431 0.498243 0.819499 0.356443 0.640637 0.553606 0.555018 0.695402 0.484637 0.409941 0.603906 0.423284 0.823577 0.739916 0.703272 0.825298 0.366649 0.340973 0.535718 0.721385 0.621295 0.276899 0.460116 0.658182 0.549969 0.670294 0.477740 0.529048 0.604631 0.581358 0.490408 0.491343 0.514274 0.602685 0.615812 0.664973 0.713153 0.634211 0.350837 0.501665 0.275625 0.623361 0.536757 0.844693 0.709328
0.558980 0.634934 0.332281 0.816570 0.621161 0.660150 0.840500 0.553478 0.433500 0.274860 0.292883 0.579487 0.530704 0.444207 0.614161 0.483768 0.548082 0.443576 0.505091 0.663648 0.600915 0.826400 0.564890 0.300173 0.345076 0.497047 0.640863 0.380236 0.694152 0.627201 0.512864 0.267366 0.406267 0.311963 0.549774 0.557957 0.213416 0.409448 0.504286 0.507474 0.498643 0.599992 0.285918 0.471671 0.519935 0.474291 0.403706 0.466317 0.656281 0.371462 0.502120 0.723817 0.608469 0.715844 0.414340 0.649820 0.693446 0.767227 0.378725 0.715666 0.600123 0.552132 0.497650
0.369594 0.226744 0.437092 0.621029 0.410915 0.477972 0.550142 0.430753 0.849921 0.614944 0.675207 0.584450 0.432139 0.490563 0.485429 0.475537 0.588861 0.399961 0.692205 0.532289 0.470223 0.635684 0.619428 0.369823 0.373294 0.630625 0.381944 0.600253 0.347142 0.656822 0.395302 0.359811 0.377440 0.391136 0.384038 0.462044 0.505885 0.357359 0.659010 0.478643 0.696953 0.341785 0.508993 0.318679 0.561621 0.302825 0.517601 0.315992 0.464391 0.705872 0.217425 0.726990 0.621386 0.180201 0.813662 0.347592 0.680556 0.340744 0.280825 0.530769 0.344899 0.197116 0.395429
0.352360 0.421437 0.713720 0.281778 0.767034 0.454495 0.246746 0.295693 0.491785 0.518153 0.581562 0.432033 0.732207 0.692146 0.582862 0.619972 0.772187 0.586746 0.582578 0.459597 0.592948 0.748198 0.424188 0.371011 0.626489 0.478880 0.543482 0.562876 0.620968 0.451332 0.669580 0.466257 0.646686 0.331204 0.785695 0.489596 0.578173 0.481071 0.461991 0.388928 0.463166 0.633298 0.454693 0.354508 0.643584 0.767685 0.335373 0.467209 0.644037 0.500605 0.723621 0.399503 0.654872 0.608187 0.637421 0.414913 0.424864 0.643775 0.584451 0.694564 0.492362 0.337189 0.512998
0.511151 0.419793 0.545096 0.561527 0.427649 0.421983 0.495983 0.443531 0.595583 0.688728 0.514324 0.501054 0.649164 0.539531 0.313791 0.705901 0.256653 0.670673 0.571140 0.478832 0.723527 0.534011 0.592075 0.575887 0.533608 0.490109 0.669141 0.470626 0.786883 0.572136 0.295171 0.345930 0.428035 0.361502 0.305552 0.568680 0.319247 0.726728 0.622302 0.612209 0.644031 0.558158 0.515575 0.474697 0.596568 0.600904 0.592136 0.617359 0.504864 0.538960 0.575234 0.654224 0.321123 0.830949 0.434944 0.635796 0.503038 0.589660 0.059834 0.370221 0.395353 0.228889 0.388211
0.480828 0.598172 0.525142 0.294400 0.479367 0.371769 0.264384 0.644177 0.435458 0.456880 0.442733 0.331874 0.465398 0.444726 0.371709 0.379052 0.235788 0.600213 0.379036 0.357956 0.387079 0.314124 0.438669 0.427336 0.663990 0.477464 0.459185 0.426834 0.608345 0.531806 0.535036 0.674052 0.530247 0.484302 0.501441 0.627573 0.601403 0.515778 0.767929 0.644000 0.558403 0.639190 0.631567 0.364774 0.645747 0.556627 0.432683 0.582633 0.269537 0.411927 0.364362 0.558344 0.492043 0.424672 0.425965 0.468938 0.409257 0.499664 0.476466 0.433202 0.514633 0.281773 0.504270
0.465496 0.559741 0.362695 0.498713 0.823451 0.424991 0.670327 0.406868 0.699178 0.422507 0.377770 0.616973 0.705278 0.272691 0.523894 0.448651 0.573625 0.666080 0.291511 0.788471 0.632201 0.315588 0.455622 0.656677 0.274607 0.654802 0.419780 0.270730 0.487706 0.633093 0.583050 0.302695 0.711498 0.391194 0.656193 0.465147 0.603309 0.235142 0.504342 0.611743 0.338911 0.446079 0.608841 0.647714 0.601945 0.477702 0.471677 0.470337 0.551541 0.343346 0.729111 0.730624 0.386530 0.401303 0.715130 0.640133 0.621743 0.581395 0.749689 0.396749 0.897685 0.520370 0.598008
0.622195 0.419023 0.681104 0.447391 0.294877 0.622790 0.560434 0.844529 0.501317 0.649174 0.553101 0.485234 0.321168 0.394231 0.524258 0.669597 0.283731 0.774273 0.702020 0.248926 0.495720 0.517522 0.716370 0.262191 0.471595 0.424698 0.193857 0.382796 0.692688 0.342763 0.352242 0.509515 0.511196 0.775976 0.148942 0.712616 0.479421 0.557888 0.563570 0.470371 0.524560 0.368964 0.317138 0.568342 0.411070 0.409961 0.868204 0.342032 0.662999 0.676149 0.576955 0.419257 0.671569 0.555733 0.449934 0.602505 0.465147 0.344905 0.522514 0.526185 0.486340 0.582134 0.475546
0.525218 0.357501 0.471915 0.451530 0.529621 0.162585 0.672332 0.519515 0.481787 0.679779 0.233005 0.729578 0.368646 0.581809 0.624765 0.689196 0.749294 0.664598 0.746495 0.609078 0.648079 0.602448 0.333065 0.341383 0.597403 0.461833 0.646340 0.341983 0.805362 0.518924 0.520095 0.462268 0.486499 0.628870 0.732582 0.675320 0.449793 0.563019 0.474195 0.584470 0.318247 0.626547 0.571227 0.493754 0.426778 0.484979 0.597421 0.528619 0.521200 0.564558 0.400124 0.465091 0.389473 0.676886 0.541971 0.392324 0.552437 0.564975 0.202349 0.747161 0.444959 0.189101 0.312876
0.626780 0.569156 0.578164 0.470192 0.691976 0.441259 0.284879 0.454545 0.185921 0.579947 0.404315 0.869214 0.463113 0.591871 0.764460 0.666920 0.485961 0.486698 0.565226 0.734467 0.446144 0.452821 0.512333 0.279792 0.510948 0.563972 0.468433 0.417701 0.629349 0.536276 0.296475 0.745416 0.219305 0.357531 0.534004 0.562843 0.611151 0.435352 0.566534 0.561991 0.399428 0.558628 0.400966 0.319516 0.531295 0.414103 0.324377 0.442694 0.581583 0.357760 0.531116 0.539335 0.363339 0.607907 0.462237 0.600952 0.674935 0.266612 0.323427 0.576992 0.857378 0.361847 0.530416
