cenop/data/CentralBaltic/prey0000_09.asc
NCOLS 400 
NROWS 400 
XLLCORNER 4750000.0 
YLLCORNER 3200000.0 
CELLSIZE 1000.0 
NODATA_value -9999 
[rows 56 to 83 of 400, columns 189 to 251 of 400]
0.569475 0.405082 0.488094 0.508215 0.575561 0.383043 0.418285 0.383599 0.743702 0.364808 0.197433 0.518275 0.265051 0.216875 0.163138 0.561260 0.388225 0.236868 0.272200 0.302803 0.290573 0.235139 0.417026 0.360128 0.244434 0.443878 0.485966 0.542543 0.523750 0.462478 0.613195 0.252726 0.228132 0.307390 0.444504 0.193439 0.408436 0.134091 0.507020 0.334695 0.375605 0.564085 0.490195 0.544180 0.656602 0.281300 0.480818 0.275846 0.516204 0.170178 0.563605 0.229526 0.487912 0.284400 0.072244 0.458851 0.536125 0.227505 0.593587 0.222187 0.509784 0.394549 0.503569
0.315583 0.290149 0.367082 0.432819 0.648766 0.333110 0.476477 0.000000 0.302326 0.528292 0.620171 0.542535 0.271005 0.546309 0.577598 0.402081 0.198544 0.450799 0.319652 0.613908 0.381430 0.055982 0.583400 0.277537 0.411024 0.414154 0.351212 0.373183 0.707947 0.653994 0.117842 0.440813 0.260948 0.552123 0.562497 0.257241 0.335471 0.620348 0.448912 0.377143 0.465925 0.257670 0.637829 0.481169 0.410264 0.664558 0.253259 0.326423 0.545829 0.648150 0.475581 0.242628 0.444172 0.572099 0.195644 0.426685 0.000988 0.584802 0.422557 0.414395 0.463558 0.483017 0.318678
0.391498 0.296967 0.202353 0.333933 0.532540 0.415639 0.325980 0.598773 0.541128 0.137119 0.242625 0.479722 0.220203 0.440099 0.412528 0.534159 0.464580 0.516254 0.360918 0.445719 0.625010 0.560575 0.408076 0.364313 0.460242 0.292089 0.633146 0.407759 0.410526 0.414942 0.202967 0.358418 0.555452 0.732345 0.506822 0.280803 0.541462 0.290691 0.350071 0.255153 0.132499 0.338789 0.403566 0.446865 0.333262 0.625299 0.286508 0.181217 0.174983 0.227121 0.599429 0.550517 0.504542 0.351835 0.447110 0.383398 0.585477 0.460797 0.400202 0.646913 0.575143 0.434734 0.276581
0.333420 0.532790 0.354193 0.264829 0.181808 0.285983 0.357716 0.218687 0.558937 0.539974 0.309586 0.726277 0.217604 0.194045 0.320350 0.174800 0.555371 0.569634 0.365157 0.592608 0.447790 0.094555 0.292364 0.475130 0.300121 0.479079 0.184933 0.497976 0.322749 0.416922 0.368077 0.222657 0.362456 0.377924 0.589616 0.392272 0.627039 0.496515 0.417535 0.247203 0.376532 0.192269 0.175082 0.343035 0.510498 0.285556 0.254961 0.441396 0.295001 0.521916 0.351299 0.583701 0.365899 0.447435 0.601914 0.535991 0.510045 0.466797 0.373941 0.046093 0.368720 0.148948 0.559886
0.337269 0.557252 0.371641 0.248889 0.295111 0.557799 0.287900 0.340647 0.344036 0.449219 0.304657 0.069879 0.549188 0.227086 0.558788 0.425227 0.280411 0.441672 0.380837 0.317244 0.366145 0.488353 0.435274 0.365317 0.319278 0.671019 0.443552 0.471335 0.497168 0.535734 0.615250 0.432060 0.521502 0.345246 0.360954 0.454716 0.340597 0.327717 0.468866 0.122646 0.647710 0.373285 0.475533 0.303159 0.359342 0.385915 0.284206 0.326333 0.351040 0.386721 0.412032 0.349507 0.457969 0.526369 0.216856 0.417696 0.407778 0.426876 0.551987 0.495983 0.344639 0.287621 0.333430
0.424991 0.368648 0.455931 0.507161 0.526171 0.135078 0.671741 0.496332 0.485185 0.309453 0.382336 0.324724 0.312306 0.624785 0.254388 0.513538 0.410432 0.146145 0.620981 0.356513 0.377191 0.653027 0.111018 0.535128 0.539741 0.113465 0.621757 0.474050 0.546907 0.235112 0.606300 0.579085 0.275807 0.384320 0.347718 0.408227 0.471410 0.596130 0.325111 0.433242 0.253554 0.259847 0.350826 0.212499 0.481997 0.465352 0.398926 0.439479 0.245635 0.274647 0.486311 0.464752 0.426908 0.586119 0.416022 0.444609 0.393514 0.426434 0.289434 0.374050 0.470171 0.507830 0.415347
0.519779 0.210844 0.546433 0.473725 0.338202 0.342043 0.440109 0.513842 0.486844 0.371243 0.566171 0.311870 0.302338 0.499348 0.350877 0.245911 0.354917 0.335789 0.464643 0.293486 0.148754 0.431297 0.389538 0.251354 0.341006 0.264740 0.263542 0.052553 0.157627 0.422177 0.348675 0.725349 0.511502 0.327515 0.189722 0.283274 0.551791 0.472345 0.479395 0.581979 0.511633 0.184359 0.432305 0.573915 0.404786 0.329275 0.470726 0.469930 0.320796 0.319132 0.569603 0.293610 0.251814 0.238673 0.477752 0.463580 0.345111 0.573184 0.343474 0.632215 0.421501 0.259940 0.525021
0.474460 0.496051 0.036556 0.254602 0.426738 0.392346 0.436411 0.153080 0.794064 0.223403 0.336867 0.367718 0.505634 0.367189 0.359332 0.582456 0.196452 0.390464 0.363037 0.515952 0.346801 0.412532 0.392270 0.416727 0.716196 0.371526 0.267888 0.345833 0.511595 0.507629 0.542428 0.183644 0.441278 0.364904 0.055055 0.609259 0.483485 0.239644 0.281454 0.552614 0.351296 0.326999 0.292968 0.334412 0.426440 0.472242 0.253812 0.520776 0.565444 0.448278 0.515006 0.296363 0.352751 0.233493 0.476995 0.398218 0.232214 0.291807 0.525742 0.583428 0.540464 0.211110 0.500518
0.599424 0.451972 0.386044 0.253008 0.441086 0.449065 0.203904 0.141038 0.335541 0.278427 0.455176 0.374665 0.471270 0.535643 0.528062 0.521131 0.452063 0.426931 0.118547 0.472434 0.000000 0.590410 0.677378 0.399445 0.218011 0.284200 0.322266 0.449527 0.360239 0.380100 0.502194 0.340120 0.477273 0.364090 0.402675 0.305325 0.081268 0.143778 0.160967 0.365593 0.087301 0.490017 0.275095 0.457431 0.254874 0.060689 0.446677 0.422008 0.682193 0.566003 0.302198 0.692710 0.439085 0.459327 0.256292 0.563889 0.366986 0.494299 0.400610 0.349287 0.384699 0.406395 0.530280
0.476534 0.270375 0.327069 0.414733 0.397981 0.243687 0.432279 0.439894 0.345981 0.488309 0.396415 0.395982 0.298190 0.469220 0.438128 0.268928 0.439155 0.436935 0.402000 0.244261 0.573706 0.415090 0.659524 0.280966 0.198556 0.107345 0.406910 0.445468 0.221849 0.514454 0.381275 0.531211 0.331532 0.671909 0.130418 0.562451 0.370810 0.442085 0.397102 0.507520 0.272419 0.352732 0.194837 0.474061 0.379566 0.364552 0.458613 0.403556 0.173018 0.473500 0.527820 0.257100 0.204418 0.403948 0.201060 0.478216 0.310063 0.433341 0.223584 0.285705 0.508698 0.233750 0.554450
0.296511 0.211600 0.484466 0.424475 0.586486 0.076169 0.219612 0.301155 0.266571 0.581218 0.518466 0.499686 0.298454 0.301098 0.266790 0.000000 0.378386 0.143789 0.417557 0.424874 0.476031 0.509165 0.492639 0.409533 0.308971 0.623377 0.248982 0.566844 0.488703 0.474251 0.418230 0.463010 0.336725 0.664664 0.489977 0.845697 0.613413 0.534936 0.369768 0.666606 0.367737 0.454461 0.435095 0.526564 0.364386 0.572784 0.571853 0.049424 0.606378 0.353448 0.297286 0.125313 0.542607 0.387487 0.454406 0.170945 0.289481 0.295688 0.495659 0.701001 0.367529 0.270206 0.433738
0.451242 0.506503 0.533493 0.297253 0.425163 0.479930 0.343549 0.505375 0.338784 0.408500 0.289872 0.377910 0.359244 0.338349 0.268723 0.478865 0.369991 0.189485 0.203755 0.456526 0.401833 0.211667 0.467479 0.244646 0.529598 0.502216 0.566915 0.592436 0.240969 0.136445 0.158983 0.510757 0.607134 0.315290 0.319039 0.243995 0.256924 0.226247 0.245262 0.596532 0.296097 0.569252 0.461558 0.400698 0.088248 0.371956 0.191547 0.408601 0.558831 0.333541 0.496776 0.575972 0.226296 0.360552 0.260179 0.319165 0.394106 0.159300 0.561925 0.396890 0.507544 0.361799 0.555314
0.687676 0.414669 0.224770 0.327724 0.624386 0.319240 0.394658 0.424795 0.300393 0.278855 0.289945 0.046406 0.272339 0.635236 0.145124 0.265595 0.565073 0.573297 0.346452 0.253699 0.408338 0.567697 0.379777 0.226919 0.345518 0.372862 0.325564 0.197350 0.392006 0.404615 0.333473 0.418314 0.272865 0.427255 0.809321 0.510604 0.629813 0.503769 0.494938 0.509720 0.259794 0.238896 0.462618 0.186430 0.547681 0.455917 0.475928 0.390850 0.350221 0.400432 0.251707 0.349163 0.331017 0.460014 0.339869 0.459203 0.320761 0.529288 0.488690 0.607802 0.419554 0.341890 0.299997
0.525251 0.423645 0.456534 0.310442 0.458872 0.346119 0.179056 0.229652 0.317792 0.316508 0.369036 0.622110 0.494340 0.282958 0.435225 0.208922 0.373556 0.173856 0.240107 0.361880 0.305980 0.337612 0.225315 0.418071 0.421297 0.358863 0.283266 0.190173 0.384106 0.688503 0.531410 0.302226 0.477999 0.200658 0.280513 0.347808 0.284518 0.653068 0.370312 0.586846 0.291626 0.562225 0.385114 0.181955 0.499051 0.409127 0.160104 0.524618 0.400611 0.391832 0.252516 0.320668 0.499490 0.311945 0.355461 0.346451 0.469879 0.336824 0.557551 0.563582 0.558987 0.185897 0.578479
0.556663 0.330621 0.490979 0.751794 0.512286 0.104605 0.359828 0.293007 0.664513 0.343992 0.200971 0.182831 0.384897 0.568237 0.206599 0.443085 0.306071 0.102389 0.563663 0.230028 0.189467 0.364125 0.288125 0.229967 0.345449 0.186452 0.232868 0.550859 0.574788 0.593252 0.157091 0.348747 0.251417 0.556291 0.508333 0.435072 0.246727 0.670685 0.384799 0.141935 0.480273 0.105058 0.434935 0.305225 0.226820 0.423692 0.402348 0.594630 0.274486 0.419946 0.488791 0.412632 0.223046 0.223669 0.395075 0.559219 0.489511 0.240807 0.517167 0.572911 0.464320 0.498650 0.300335
0.141086 0.696932 0.471676 0.131494 0.372301 0.354964 0.420753 0.424073 0.276018 0.569026 0.403148 0.509747 0.541071 0.323925 0.479929 0.560189 0.517510 0.532660 0.332016 0.556732 0.286287 0.572063 0.476493 0.567990 0.431858 0.251774 0.464103 0.303382 0.474690 0.509577 0.435758 0.411919 0.346679 0.699421 0.283121 0.484099 0.428560 0.356811 0.361496 0.313036 0.429117 0.262759 0.427261 0.444592 0.347029 0.250596 0.366295 0.444841 0.512484 0.157125 0.385377 0.553647 0.447446 0.154548 0.452449 0.128475 0.243239 0.419898 0.526377 0.329847 0.468648 0.523257 0.303629
0.337339 0.313279 0.246553 0.429957 0.362767 0.168481 0.242714 0.350648 0.617938 0.503929 0.449964 0.258075 0.471331 0.470792 0.589183 0.343857 0.629542 0.339977 0.547089 0.389332 0.494831 0.451897 0.229551 0.373438 0.363831 0.403842 0.425465 0.358242 0.377085 0.535431 0.405458 0.441479 0.399946 0.451958 0.314168 0.276660 0.244802 0.283504 0.480062 0.078861 0.486019 0.259645 0.609875 0.563868 0.419131 0.303014 0.329573 0.192863 0.440997 0.247290 0.342473 0.279777 0.408127 0.156107 0.494915 0.222293 0.317427 0.623873 0.462659 0.228717 0.558790 0.190556 0.211654
0.338859 0.344496 0.632528 0.152844 0.464666 0.678174 0.424883 0.344615 0.517918 0.201828 0.398257 0.565882 0.278527 0.257459 0.304287 0.258809 0.373169 0.347981 0.607724 0.534623 0.344236 0.240614 0.708948 0.239299 0.123536 0.540302 0.361036 0.473741 0.562062 0.607522 0.400148 0.362664 0.241516 0.627883 0.637553 0.369812 0.487885 0.575461 0.415258 0.280541 0.415435 0.487297 0.416209 0.448764 0.412387 0.304576 0.301572 0.475112 0.543581 0.447383 0.442840 0.262784 0.341952 0.409446 0.403234 0.500974 0.118277 0.476699 0.105190 0.235200 0.192692 0.252543 0.479698
0.298937 0.414474 0.351702 0.099733 0.499151 0.545930 0.249578 0.607891 0.459686 0.491053 0.299956 0.455072 0.276218 0.240601 0.361609 0.362795 0.160650 0.381780 0.616443 0.570446 0.452623 0.326491 0.670202 0.304013 0.440429 0.230104 0.398009 0.486869 0.405152 0.561417 0.135221 0.434603 0.283574 0.269323 0.514497 0.358914 0.430963 0.590948 0.287224 0.378387 0.131198 0.385826 0.407391 0.130524 0.193406 0.396297 0.348031 0.557808 0.436163 0.391098 0.245787 0.285088 0.464857 0.524711 0.540687 0.509277 0.517748 0.216790 0.574885 0.604758 0.293123 0.370095 0.523569
0.600452 0.314971 0.114353 0.505505 0.298679 0.627899 0.569405 0.189640 0.316490 0.435151 0.502552 0.404831 0.227802 0.281334 0.115577 0.511308 0.410134 0.390757 0.395994 0.556828 0.530291 0.392110 0.446995 0.405863 0.436719 0.267650 0.179151 0.247755 0.362561 0.477737 0.417379 0.469273 0.554402 0.331767 0.465527 0.543348 0.160274 0.348924 0.164615 0.435447 0.335783 0.502181 0.135423 0.581617 0.623383 0.362286 0.606512 0.615044 0.374639 0.354303 0.358498 0.349153 0.097158 0.336930 0.335560 0.350903 0.374942 0.636444 0.257297 0.620622 0.420048 0.162601 0.658509
0.384024 0.446807 0.221233 0.403969 0.231969 0.195202 0.230143 0.084276 0.474479 0.462123 0.693235 0.253441 0.674996 0.750368 0.345311 0.542852 0.468436 0.156516 0.587827 0.553777 0.281376 0.301474 0.227756 0.326068 0.234191 0.233205 0.455731 0.442545 0.116791 0.351096 0.360718 0.398380 0.390004 0.416793 0.488242 0.611648 0.490444 0.271674 0.427016 0.542371 0.496997 0.194258 0.364726 0.661021 0.353512 0.267686 0.549325 0.399221 0.465046 0.271527 0.480945 0.290328 0.310999 0.518675 0.407350 0.376481 0.556125 0.196146 0.407015 0.331338 0.166388 0.418222 0.422168
0.196158 0.569210 0.403173 0.448501 0.375152 0.505509 0.362224 0.591055 0.173188 0.216417 0.523184 0.096624 0.408281 0.552507 0.546400 0.392526 0.501267 0.368214 0.296100 0.314637 0.414991 0.441567 0.246163 0.184168 0.591551 0.265312 0.358461 0.178059 0.100416 0.603681 0.555404 0.363118 0.353046 0.421960 0.341019 0.183521 0.316836 0.430408 0.238863 0.040109 0.184084 0.461452 0.475733 0.414130 0.391612 0.406504 0.469956 0.357321 0.381896 0.362668 0.341462 0.548844 0.362145 0.483576 0.363906 0.629751 0.374829 0.204742 0.459801 0.527757 0.301129 0.540220 0.319433
0.404801 0.327693 0.406759 0.342597 0.606580 0.489724 0.460594 0.472070 0.280363 0.239263 0.253487 0.431665 0.613470 0.410758 0.445913 0.505624 0.443141 0.468654 0.101998 0.168323 0.425929 0.660487 0.668805 0.544806 0.212498 0.448041 0.229878 0.362452 0.501498 0.309040 0.218878 0.348005 0.527615 0.432314 0.479362 0.169370 0.416524 0.633976 0.458450 0.462426 0.373342 0.624154 0.685511 0.279185 0.343517 0.462307 0.358882 0.349662 0.414351 0.557211 0.328663 0.263008 0.242831 0.594441 0.448693 0.428795 0.201116 0.535340 0.397259 0.527571 0.297634 0.493376 0.377019
0.518872 0.557415 0.414180 0.252202 0.421042 0.487281 0.315758 0.537539 0.649825 0.388995 0.275896 0.538639 0.421127 0.587326 0.137659 0.373897 0.305293 0.325937 0.462624 0.413404 0.340159 0.375581 0.546064 0.241263 0.458281 0.604633 0.393091 0.530174 0.448727 0.178359 0.471597 0.538718 0.301758 0.312746 0.458514 0.349878 0.550207 0.254756 0.331592 0.470629 0.429857 0.191572 0.244933 0.499297 0.297988 0.391884 0.154242 0.316305 0.352936 0.403196 0.333274 0.618693 0.154440 0.199638 0.352278 0.122033 0.508830 0.296870 0.363302 0.236584 0.480745 0.351447 0.570118
0.346986 0.133667 0.459092 0.480706 0.408199 0.270754 0.369363 0.488164 0.198508 0.448201 0.498658 0.427210 0.391573 0.535186 0.456646 0.257964 0.367788 0.549834 0.228450 0.344484 0.600341 0.203673 0.284843 0.252145 0.386009 0.343673 0.210152 0.309250 0.432183 0.397188 0.420197 0.268301 0.188856 0.393968 0.585399 0.689440 0.217525 0.337818 0.461641 0.460509 0.175371 0.251610 0.562384 0.223109 0.413838 0.227519 0.505409 0.343123 0.426057 0.205167 0.537808 0.382289 0.528164 0.254098 0.496616 0.603722 0.145062 0.456461 0.363670 0.369207 0.298066 0.480666 0.399542
0.384253 0.447607 0.429984 0.506431 0.340311 0.379988 0.338172 0.155609 0.291820 0.429516 0.326982 0.450933 0.376541 0.326488 0.324611 0.307451 0.570121 0.330544 0.314366 0.205287 0.491332 0.245893 0.312820 0.264528 0.376827 0.561669 0.333767 0.316582 0.270162 0.443720 0.271577 0.518909 0.383460 0.273501 0.478066 0.471606 0.262824 0.292245 0.509792 0.092304 0.270592 0.550028 0.147240 0.575096 0.366802 0.271353 0.445551 0.588448 0.492216 0.286641 0.317693 0.285747 0.376552 0.572267 0.342264 0.197831 0.369526 0.392583 0.231432 0.272251 0.419109 0.315549 0.458138
0.410610 0.349644 0.401063 0.413481 0.358448 0.006425 0.232791 0.373796 0.287380 0.423649 0.404226 0.055123 0.260141 0.536613 0.531584 0.421911 0.463600 0.155754 0.579346 0.252240 0.380392 0.272549 0.184210 0.430070 0.323806 0.094344 0.507013 0.547725 0.393082 0.283903 0.415823 0.444333 0.485513 0.269682 0.310868 0.324584 0.130779 0.257449 0.456970 0.255604 0.245629 0.221463 0.336403 0.258533 0.408281 0.506286 0.032074 0.225614 0.330803 0.222835 0.404760 0.306665 0.507888 0.347954 0.314328 0.587559 0.421399 0.558386 0.450381 0.400223 0.568443 0.234271 0.432376
0.241671 0.431709 0.593586 0.048579 0.597523 0.423236 0.144451 0.552747 0.488757 0.276658 0.748660 0.406576 0.599578 0.378755 0.721266 0.390822 0.602435 0.421222 0.398369 0.434916 0.600125 0.492430 0.303792 0.191509 0.454116 0.417266 0.186760 0.452908 0.698332 0.395697 0.334720 0.383562 0.172338 0.278428 0.628574 0.227014 0.456406 0.445262 0.230559 0.301142 0.513903 0.407732 0.369633 0.630885 0.273639 0.576341 0.332552 0.510935 0.681987 0.437719 0.416627 0.207644 0.520186 0.578803 0.330036 0.244728 0.257137 0.339445 0.243182 0.402003 0.298345 0.366174 0.219720
