cenop/data/CentralBaltic/prey0000_10.asc
NCOLS 400 
NROWS 400 
XLLCORNER 4750000.0 
YLLCORNER 3200000.0 
CELLSIZE 1000.0 
NODATA_value -9999 
[rows 28 to 55 of 400, columns 0 to 62 of 400]
-9999 -9999 -9999 -9999 -9999 -9999 -9999 -9999 0.581568 0.380000 0.459291 0.438656 0.481200 0.299379 0.338698 0.484639 0.108966 0.659906 0.221770 0.191171 0.571708 0.554254 0.406926 0.394076 0.557475 0.411499 0.405009 0.319604 0.463009 0.530252 0.240134 0.387634 0.423510 0.516414 0.553648 0.348031 0.393671 0.302358 0.230877 0.577969 0.438838 0.374210 0.423805 0.247386 0.350696 0.312234 0.184311 0.394833 0.655694 0.270338 0.476985 0.560172 0.388158 0.269427 0.274494 0.267902 0.377726 0.268435 0.415659 0.349539 0.344637 0.309445 0.127972
-9999 -9999 -9999 -9999 -9999 -9999 -9999 -9999 0.659776 0.352177 0.281498 0.658812 0.630291 0.341351 0.436388 0.692319 0.557122 0.315327 0.549940 0.527453 0.614348 0.388822 0.272304 0.298263 0.352152 0.607103 0.391742 0.033657 0.258916 0.478611 0.418453 0.469271 0.293079 0.328276 0.278262 0.132962 0.360603 0.173498 0.519440 0.412138 0.417861 0.320246 0.255079 0.259966 0.356244 0.195399 0.448429 0.326025 0.507183 0.317642 0.277286 0.588529 0.105512 0.477051 0.334447 0.677179 0.302790 0.414250 0.303298 0.522372 0.454622 0.223768 0.511272
-9999 -9999 -9999 -9999 -9999 -9999 -9999 -9999 0.355043 0.256751 0.426980 0.603616 0.364942 0.413048 0.539316 0.544234 0.488015 0.310491 0.578756 0.386934 0.618480 0.501539 0.441390 0.376854 0.698589 0.540340 0.516782 0.492095 0.382567 0.344870 0.327136 0.352102 0.222403 0.679878 0.420102 0.216502 0.492334 0.225218 0.462250 0.531758 0.402868 0.440559 0.089094 0.232818 0.302594 0.103781 0.299140 0.603163 0.013813 0.570789 0.283111 0.551078 0.490525 0.521988 0.355566 0.279567 0.297170 0.450657 0.580164 0.330354 0.315139 0.345111 0.633010
-9999 -9999 -9999 -9999 -9999 -9999 -9999 -9999 0.375597 0.456219 0.380455 0.499550 0.290040 0.594645 0.457170 0.416809 0.340047 0.184146 0.334249 0.277712 0.475998 0.469616 0.375978 0.357839 0.501781 0.534927 0.406902 0.221237 0.272748 0.488046 0.491292 0.484840 0.575182 0.395568 0.325503 0.373805 0.345232 0.769553 0.603851 0.359853 0.429224 0.516118 0.163670 0.287577 0.262409 0.357615 0.444670 0.426575 0.417988 0.464630 0.583581 0.175872 0.481639 0.246202 0.373185 0.561272 0.577951 0.360380 0.408967 0.233282 0.623252 0.179186 0.521769
-9999 -9999 -9999 -9999 -9999 -9999 -9999 -9999 0.396348 0.517405 0.326295 0.234448 0.348116 0.255874 0.620507 0.411423 0.264844 0.508273 0.390936 0.466296 0.198986 0.205506 0.406452 0.427648 0.464499 0.425430 0.569773 0.515395 0.468680 0.341527 0.386612 0.313779 0.442704 0.510518 0.383628 0.477014 0.533581 0.302086 0.242004 0.643449 0.464206 0.232872 0.450438 0.485804 0.407629 0.287218 0.459067 0.491920 0.535287 0.495627 0.383940 0.474071 0.494522 0.407630 0.301926 0.371949 0.483449 0.394065 0.384758 0.503160 0.425306 0.153047 0.422039
-9999 -9999 -9999 -9999 -9999 -9999 -9999 -9999 0.340213 0.435679 0.424791 0.714886 0.283005 0.281806 0.439683 0.415155 0.595754 0.243940 0.306347 0.357923 0.496392 0.219067 0.430333 0.290229 0.609941 0.329224 0.410670 0.482391 0.409268 0.409459 0.508651 0.357302 0.293625 0.352607 0.240517 0.205799 0.554984 0.414647 0.192878 0.492726 0.070582 0.420845 0.583875 0.476256 0.156286 0.470499 0.200035 0.479905 0.409324 0.256948 0.498146 0.171095 0.278498 0.181033 0.303032 0.330936 0.663862 0.475740 0.428851 0.441245 0.454593 0.301076 0.537519
-9999 -9999 -9999 -9999 -9999 -9999 -9999 -9999 0.688874 0.390422 0.617854 0.519551 0.375688 0.509782 0.364071 0.434773 0.678809 0.450043 0.351160 0.476785 0.369810 0.421126 0.517115 0.539885 0.255579 0.444089 0.442638 0.403437 0.356655 0.446984 0.404817 0.360430 0.405117 0.280000 0.614629 0.258527 0.275510 0.318767 0.486018 0.469055 0.387542 0.373781 0.362016 0.253359 0.542168 0.228847 0.227406 0.363801 0.277181 0.114317 0.268267 0.440698 0.605568 0.496806 0.325952 0.342151 0.342641 0.216744 0.374542 0.288508 0.261794 0.384346 0.502220
-9999 -9999 -9999 -9999 -9999 -9999 -9999 -9999 0.343962 0.508179 0.394355 0.382904 0.300311 0.439743 0.543807 0.335577 0.407814 0.463941 0.479590 0.612138 0.278523 0.122864 0.429940 0.043381 0.536580 0.372479 0.441067 0.438059 0.687416 0.454090 0.508954 0.487534 0.260947 0.135493 0.324680 0.378068 0.196471 0.140409 0.290358 0.316966 0.241578 0.305623 0.188891 0.401755 0.240441 0.385950 0.284135 0.488789 0.389892 0.096646 0.413655 0.146854 0.195903 0.573265 0.187411 0.260772 0.441778 0.200532 0.571558 0.471135 0.388231 0.286615 0.429791
-9999 -9999 -9999 -9999 -9999 -9999 -9999 -9999 0.467483 0.523380 0.511184 0.212173 0.534084 0.289757 0.212168 0.351522 0.502275 0.612151 0.521779 0.470997 0.434740 0.341651 0.463310 0.546398 0.507352 0.140036 0.210528 0.592461 0.275387 0.275934 0.198820 0.404334 0.310523 0.313330 0.317370 0.451212 0.345070 0.263130 0.351394 0.641005 0.658693 0.458552 0.424252 0.505720 0.237651 0.491053 0.246995 0.342785 0.236301 0.330483 0.356032 0.394236 0.309909 0.160855 0.388268 0.208288 0.525890 0.228351 0.205564 0.322747 0.421456 0.617508 0.328645
-9999 -9999 -9999 -9999 -9999 -9999 -9999 -9999 0.571095 0.330955 0.640761 0.657745 0.146010 0.482781 0.381858 0.571390 0.377858 0.366315 0.305021 0.547083 0.239468 0.465621 0.348123 0.256628 0.660346 0.220639 0.265267 0.530141 0.373252 0.450767 0.270086 0.445157 0.549424 0.568006 0.395081 0.308952 0.493853 0.287337 0.520797 0.353746 0.452723 0.531647 0.302298 0.470553 0.366266 0.415388 0.589203 0.408558 0.678841 0.383747 0.219790 0.159915 0.403932 0.367966 0.287395 0.349114 0.388578 0.293959 0.190488 0.353025 0.446230 0.143469 0.560789
-9999 -9999 -9999 -9999 -9999 -9999 -9999 -9999 0.785706 0.516917 0.503368 0.476260 0.479657 0.253893 0.404084 0.484430 0.598806 0.330626 0.368589 0.370834 0.369068 0.423853 0.334151 0.537470 0.514889 0.558766 0.443765 0.369758 0.590006 0.386162 0.607165 0.236201 0.408566 0.451206 0.221640 0.419200 0.297723 0.336749 0.280310 0.372492 0.299628 0.420156 0.489466 0.309080 0.442201 0.197051 0.432667 0.496788 0.476380 0.173327 0.401108 0.469231 0.506809 0.340644 0.380101 0.336712 0.604526 0.192526 0.320605 0.168570 0.487360 0.473878 0.377791
-9999 -9999 -9999 -9999 -9999 -9999 -9999 -9999 0.373514 0.517607 0.329236 0.140081 0.389754 0.461711 0.473249 0.550946 0.550457 0.275747 0.401140 0.476062 0.250998 0.433046 0.356635 0.438721 0.395200 0.536929 0.457690 0.438929 0.389036 0.552274 0.383987 0.173713 0.507099 0.377719 0.413390 0.253065 0.378048 0.305943 0.524791 0.340420 0.303224 0.287210 0.363449 0.434643 0.436704 0.346470 0.424418 0.437421 0.410969 0.398401 0.224359 0.435784 0.467912 0.314407 0.348682 0.545425 0.320452 0.193514 0.489246 0.298422 0.304650 0.334760 0.299568
-9999 -9999 -9999 -9999 -9999 -9999 -9999 -9999 0.700672 0.431660 0.451498 0.379002 0.451190 0.311542 0.610795 0.472636 0.440471 0.173116 0.263147 0.508645 0.227735 0.451620 0.140252 0.510959 0.325138 0.263229 0.507775 0.498798 0.351811 0.322038 0.282189 0.279077 0.253488 0.461993 0.092402 0.459861 0.430385 0.423281 0.200038 0.206928 0.514411 0.416823 0.394013 0.308070 0.422045 0.298298 0.242399 0.394186 0.379259 0.300884 0.187401 0.571619 0.356091 0.255551 0.354524 0.233501 0.421169 0.097055 0.255181 0.225790 0.345518 0.441351 0.444789
-9999 -9999 -9999 -9999 -9999 -9999 -9999 -9999 0.622254 0.336449 0.394208 0.376019 0.526910 0.474246 0.366902 0.416206 0.470863 0.480170 0.200483 0.383983 0.489023 0.373660 0.303636 0.474962 0.369238 0.302005 0.493822 0.088947 0.520832 0.620743 0.362469 0.379880 0.351598 0.362050 0.134442 0.168508 0.397303 0.236921 0.406235 0.182849 0.218874 0.503993 0.346899 0.298937 0.482023 0.273996 0.313452 0.657285 0.536191 0.470457 0.250043 0.359327 0.458163 0.207542 0.315738 0.386329 0.436423 0.410588 0.421264 0.464048 0.596375 0.271144 0.405257
-9999 -9999 -9999 -9999 -9999 -9999 -9999 -9999 0.351017 0.540440 0.437341 0.444392 0.219357 0.406540 0.420010 0.350791 0.407066 0.656791 0.416062 0.363071 0.399870 0.542482 0.440907 0.211773 0.315653 0.352287 0.208798 0.229951 0.309870 0.222372 0.446961 0.761194 0.313510 0.517368 0.498263 0.367830 0.216258 0.283298 0.442361 0.360627 0.187559 0.331544 0.176992 0.327620 0.303588 0.402323 0.257591 0.309167 0.469613 0.530407 0.532375 0.243708 0.258474 0.321473 0.227204 0.546972 0.183866 0.450424 0.365756 0.089237 0.203787 0.260690 0.218304
-9999 -9999 -9999 -9999 -9999 -9999 -9999 -9999 0.475395 0.355997 0.426127 0.444882 0.340310 0.562554 0.541168 0.452720 0.525285 0.540343 0.430269 0.467299 0.640781 0.621990 0.543341 0.302222 0.344850 0.285128 0.335672 0.227493 0.369063 0.189066 0.499323 0.236049 0.710267 0.368346 0.418679 0.408977 0.332218 0.311619 0.513667 0.496542 0.281456 0.327977 0.520300 0.466057 0.502975 0.337443 0.465497 0.292701 0.363811 0.346734 0.240786 0.319440 0.493635 0.392257 0.265899 0.426156 0.422645 0.299674 0.233946 0.499401 0.506157 0.431474 0.162100
-9999 -9999 -9999 -9999 -9999 -9999 -9999 -9999 0.434494 0.553546 0.554664 0.459786 0.324121 0.581205 0.175220 0.405998 0.475522 0.371651 0.476051 0.524729 0.372716 0.476354 0.395209 0.523914 0.396606 0.445052 0.449005 0.541393 0.370096 0.762624 0.454418 0.379037 0.372472 0.536438 0.422876 0.418717 0.244114 0.078862 0.254468 0.369758 0.239907 0.081938 0.425308 0.175339 0.213556 0.363297 0.340994 0.379095 0.220687 0.457585 0.563265 0.291817 0.199208 0.364951 0.228112 0.478701 0.326693 0.217794 0.200251 0.450999 0.492238 0.561534 0.301032
-9999 -9999 -9999 -9999 -9999 -9999 -9999 -9999 0.361485 0.705835 0.279718 0.467092 0.342727 0.567421 0.291109 0.612905 0.542148 0.225407 0.623947 0.444335 0.308950 0.290250 0.573947 0.366554 0.347579 0.480258 0.191946 0.280372 0.440037 0.397454 0.000000 0.477737 0.285460 0.462462 0.485400 0.222723 0.337659 0.354259 0.241650 0.342990 0.636534 0.156202 0.536371 0.269860 0.166278 0.233104 0.262520 0.454983 0.388141 0.459677 0.317494 0.206736 0.419719 0.301952 0.438730 0.385437 0.483460 0.380167 0.424497 0.444807 0.218640 0.437290 0.450464
-9999 -9999 -9999 -9999 -9999 -9999 -9999 -9999 0.419104 0.324557 0.246261 0.500575 0.488403 0.467803 0.403615 0.335725 0.442916 0.509084 0.309863 0.568613 0.364321 0.593167 0.592430 0.721565 0.216921 0.416775 0.273232 0.615044 0.452097 0.641299 0.308890 0.349597 0.310420 0.300525 0.182823 0.128562 0.368962 0.381994 0.448568 0.312127 0.177078 0.525997 0.322240 0.168589 0.159272 0.411172 0.440018 0.359200 0.336097 0.255142 0.403638 0.348384 0.231535 0.149562 0.418736 0.595207 0.529207 0.453782 0.312958 0.310578 0.545977 0.467123 0.538920
-9999 -9999 -9999 -9999 -9999 -9999 -9999 -9999 0.509484 0.411569 0.523971 0.402335 0.296942 0.439098 0.502539 0.346839 0.290848 0.539669 0.641631 0.508693 0.393199 0.568850 0.362918 0.562031 0.452683 0.095270 0.170884 0.398621 0.536403 0.593689 0.336124 0.384245 0.355308 0.290331 0.446907 0.267891 0.042940 0.341936 0.683445 0.395791 0.459253 0.407877 0.464413 0.175522 0.479898 0.297485 0.429808 0.396972 0.339836 0.050930 0.564425 0.407740 0.396555 0.272617 0.311359 0.230983 0.195282 0.267494 0.280022 0.512629 0.355329 0.351123 0.191378
-9999 -9999 -9999 -9999 -9999 -9999 -9999 -9999 0.576469 0.375536 0.673483 0.464523 0.210396 0.464081 0.541294 0.279004 0.439911 0.111382 0.308718 0.339857 0.483346 0.513070 0.452813 0.342410 0.465123 0.390750 0.280228 0.349871 0.694870 0.443320 0.487507 0.505490 0.525850 0.460255 0.606993 0.476573 0.527421 0.372139 0.518785 0.479493 0.290449 0.440599 0.264060 0.443879 0.563729 0.378926 0.243627 0.420524 0.393389 0.172438 0.122312 0.466804 0.410817 0.244097 0.508696 0.576688 0.454765 0.416349 0.256989 0.203617 0.640128 0.479484 0.459510
-9999 -9999 -9999 -9999 -9999 -9999 -9999 -9999 0.273593 0.484361 0.528525 0.326684 0.343384 0.301055 0.566552 0.429987 0.518322 0.341679 0.538623 0.264521 0.585800 0.578956 0.404100 0.533095 0.137808 0.384986 0.309686 0.385036 0.329117 0.658042 0.288456 0.357904 0.669234 0.367326 0.478918 0.141220 0.537240 0.553780 0.374554 0.250096 0.528325 0.614021 0.145496 0.169431 0.624942 0.277312 0.261224 0.298382 0.334619 0.503941 0.324842 0.448737 0.049099 0.340319 0.427136 0.285388 0.467253 0.472773 0.312776 0.320603 0.243389 0.218961 0.317350
-9999 -9999 -9999 -9999 -9999 -9999 -9999 -9999 0.360763 0.444319 0.697183 0.530176 0.477038 0.618212 0.528551 0.393927 0.525117 0.586968 0.431702 0.486356 0.348818 0.486287 0.396399 0.403132 0.560256 0.254831 0.514035 0.371501 0.272331 0.159769 0.166585 0.449656 0.356216 0.468658 0.254828 0.022943 0.317499 0.482137 0.283484 0.454559 0.272391 0.198551 0.335810 0.180115 0.327624 0.468969 0.141003 0.683075 0.418985 0.404898 0.392641 0.180032 0.239109 0.357690 0.271944 0.370191 0.550266 0.394469 0.410039 0.238325 0.184193 0.299049 0.226071
-9999 -9999 -9999 -9999 -9999 -9999 -9999 -9999 0.326816 0.302786 0.407899 0.353970 0.206711 0.658235 0.604625 0.467400 0.510671 0.300353 0.279028 0.407797 0.334367 0.303567 0.294620 0.737840 0.424564 0.321363 0.420515 0.534803 0.234281 0.350338 0.404166 0.334369 0.546603 0.479741 0.406111 0.529844 0.238464 0.387197 0.451486 0.482745 0.178511 0.472917 0.220150 0.492959 0.416393 0.365887 0.267221 0.170790 0.203120 0.369097 0.298130 0.296210 0.321962 0.559943 0.540921 0.307717 0.076289 0.446319 0.492706 0.281725 0.225549 0.277427 0.307984
-9999 -9999 -9999 -9999 -9999 -9999 -9999 -9999 0.461072 0.618676 0.391473 0.481539 0.238947 0.298802 0.608070 0.507796 0.237717 0.091266 0.403365 0.608760 0.615197 0.546543 0.360961 0.227607 0.339511 0.525649 0.550743 0.356901 0.437671 0.277100 0.227353 0.337611 0.487664 0.394894 0.488722 0.538502 0.261647 0.461989 0.332936 0.160494 0.159869 0.199770 0.556440 0.238507 0.320467 0.338846 0.167541 0.451802 0.499022 0.441864 0.262398 0.373440 0.233581 0.340406 0.257525 0.238471 0.222374 0.130302 0.379458 0.150210 0.273193 0.269150 0.310079
-9999 -9999 -9999 -9999 -9999 -9999 -9999 -9999 0.428604 0.391825 0.391786 0.334493 0.429936 0.331508 0.408218 0.683926 0.350140 0.332623 0.560990 0.425186 0.155814 0.410105 0.176840 0.276870 0.420417 0.307944 0.567391 0.678163 0.426706 0.512680 0.453634 0.553466 0.212411 0.307717 0.314296 0.274891 0.450514 0.160317 0.520009 0.322805 0.580491 0.145522 0.313900 0.207768 0.502769 0.360601 0.437920 0.426970 0.318747 0.173727 0.445960 0.517783 0.457078 0.345781 0.471988 0.317370 0.446284 0.382441 0.255693 0.204106 0.368697 0.143825 0.324332
-9999 -9999 -9999 -9999 -9999 -9999 -9999 -9999 0.473004 0.189948 0.253461 0.428781 0.378763 0.372608 0.248568 0.334933 0.757710 0.214675 0.124393 0.327178 0.186485 0.263622 0.411091 0.410425 0.385134 0.287064 0.487890 0.429175 0.371275 0.472503 0.522734 0.458316 0.264944 0.189357 0.322441 0.143886 0.278099 0.271553 0.463070 0.230730 0.419946 0.498725 0.164513 0.417286 0.557218 0.475420 0.358442 0.302400 0.341714 0.168897 0.241450 0.467818 0.390831 0.375725 0.282428 0.304932 0.641826 0.229206 0.399945 0.239041 0.244473 0.553940 0.153425
-9999 -9999 -9999 -9999 -9999 -9999 -9999 -9999 0.799895 0.337879 0.639458 0.594112 0.396805 0.469539 0.563672 0.271935 0.743013 0.337709 0.346181 0.242462 0.639106 0.446920 0.460480 0.528875 0.447402 0.426847 0.347103 0.476988 0.539920 0.369347 0.376163 0.356950 0.584703 0.584642 0.144908 0.214356 0.398869 0.444111 0.402023 0.143329 0.510552 0.379275 0.673290 0.205471 0.183907 0.479522 0.242881 0.229053 0.586404 0.231405 0.304091 0.250480 0.398984 0.372362 0.188144 0.166159 0.154369 0.252552 0.354279 0.112942 0.339779 0.457983 0.347361
