cenop/data/CentralBaltic/prey0000_09.asc
NCOLS 400 
NROWS 400 
XLLCORNER 4750000.0 
YLLCORNER 3200000.0 
CELLSIZE 1000.0 
NODATA_value -9999 
[rows 364 to 391 of 400, columns 315 to 377 of 400]
0.477203 0.448097 0.533214 0.661748 0.658721 0.454113 0.352043 0.449864 0.145732 0.552755 0.694782 0.511843 0.458413 0.542945 0.552549 0.738977 0.452728 0.593375 0.634279 0.407591 0.369752 0.288384 0.512625 0.557217 0.538897 0.353812 0.443535 0.315459 0.317624 0.525434 0.448124 0.279826 0.276707 0.513005 0.389411 0.316746 0.580950 0.304757 0.532459 0.445890 0.749884 0.688190 0.442497 0.459234 0.427751 0.290966 0.395358 0.575696 0.509662 0.627558 0.398898 0.541092 0.560905 0.345233 0.472255 0.590355 0.389817 0.546884 0.495900 0.667113 0.748767 0.486748 0.743408
0.482820 0.495251 0.299304 0.313113 0.663811 0.584163 0.566887 0.353986 0.512587 0.698836 0.385035 0.396866 0.335443 0.450076 0.586272 0.360711 0.525529 0.563633 0.375411 0.435395 0.463782 0.587279 0.275586 0.324602 0.540539 0.268731 0.623755 0.438962 0.388116 0.431377 0.607605 0.396185 0.602155 0.416437 0.373502 0.318205 0.432413 0.325027 0.318853 0.409213 0.511468 0.253242 0.654336 0.717807 0.355884 0.383558 0.238510 0.437604 0.161625 0.459471 0.506144 0.321793 0.618968 0.547633 0.479471 0.556754 0.578615 0.574007 0.692265 0.502286 0.663192 0.665040 0.472240
0.468275 0.358529 0.572842 0.416392 0.467504 0.536503 0.476009 0.472349 0.651173 0.265297 0.468590 0.613365 0.320851 0.523662 0.423844 0.599027 0.579674 0.394142 0.547251 0.325689 0.810893 0.350897 0.417032 0.378960 0.361735 0.427971 0.716654 0.537053 0.655030 0.572705 0.447571 0.286981 0.633662 0.637413 0.328556 0.296555 0.451384 0.568837 0.475828 0.367243 0.545398 0.412955 0.591215 0.281087 0.420592 0.493504 0.574904 0.527541 0.438110 0.493137 0.500725 0.405908 0.651530 0.272763 0.406112 0.585146 0.232168 0.481034 0.405623 0.307096 0.480546 0.506686 0.525188
0.611324 0.358571 0.295531 0.377709 0.428249 0.499219 0.545450 0.708064 0.440671 0.591007 0.603026 0.378947 0.482816 0.254842 0.413519 0.641062 0.690663 0.280398 0.378503 0.263025 0.552771 0.298699 0.428266 0.743449 0.676913 0.557227 0.734214 0.726494 0.420459 0.450501 0.606842 0.496949 0.575760 0.474624 0.504210 0.417430 0.719173 0.293849 0.490990 0.462351 0.357303 0.423295 0.671266 0.202395 0.466169 0.472776 0.448579 0.632892 0.276786 0.665625 0.434269 0.372744 0.359508 0.362224 0.236662 0.643982 0.684324 0.635968 0.524730 0.698514 0.465365 0.493966 0.513158
0.567193 0.232328 0.571237 0.489644 0.528512 0.479119 0.318764 0.540090 0.565733 0.791149 0.499652 0.594415 0.371520 0.441279 0.537661 0.458367 0.778822 0.356106 0.580556 0.516086 0.724686 0.435666 0.434592 0.538012 0.393741 0.631249 0.438105 0.729316 0.459444 0.419866 0.456067 0.326583 0.351182 0.482595 0.448088 0.636383 0.430470 0.307254 0.528122 0.544206 0.486406 0.307080 0.370441 0.334322 0.341890 0.398259 0.527485 0.469853 0.439453 0.422601 0.556739 0.456803 0.367033 0.540200 0.579046 0.689621 0.702508 0.374851 0.328899 0.599792 0.531407 0.600853 0.308235
0.540470 0.392904 0.568991 0.340581 0.598977 0.672974 0.684850 0.408921 0.440970 0.527619 0.597516 0.259602 0.385707 0.736209 0.510546 0.370389 0.706718 0.410645 0.524131 0.513890 0.351179 0.696389 0.599220 0.330838 0.537410 0.520880 0.509231 0.481093 0.666418 0.345834 0.556731 0.408622 0.457630 0.306788 0.625930 0.522834 0.285734 0.493838 0.421963 0.646212 0.631702 0.582002 0.695635 0.253431 0.546938 0.541097 0.447443 0.419444 0.515570 0.454593 0.808606 0.463848 0.605852 0.468999 0.609098 0.529469 0.437151 0.255526 0.368896 0.649858 0.306633 0.298769 0.504525
0.423352 0.484729 0.586453 0.463166 0.312941 0.458420 0.364254 0.557318 0.674914 0.380352 0.498712 0.419931 0.283891 0.493687 0.558014 0.130978 0.569562 0.241958 0.708116 0.430602 0.659158 0.482282 0.490540 0.607430 0.342554 0.714823 0.647973 0.440060 0.670778 0.624585 0.421947 0.592674 0.394884 0.562233 0.454498 0.549698 0.575750 0.601358 0.677477 0.469708 0.393836 0.153950 0.641946 0.609471 0.470963 0.442444 0.596047 0.450575 0.680582 0.609823 0.588990 0.369579 0.599245 0.500792 0.230602 0.572244 0.508636 0.525889 0.670510 0.543982 0.370979 0.498797 0.379833
0.380845 0.643267 0.184808 0.862133 0.322194 0.618830 0.815228 0.504051 0.676315 0.682047 0.486709 0.346735 0.314312 0.515904 0.357597 0.581381 0.454310 0.398268 0.841360 0.504037 0.411646 0.474357 0.465116 0.459546 0.506170 0.549689 0.641307 0.484553 0.884489 0.552000 0.671968 0.326599 0.528716 0.455958 0.452669 0.596742 0.558121 0.753440 0.431064 0.379936 0.478158 0.268134 0.582379 0.536683 0.735566 0.363619 0.571970 0.630763 0.509547 0.603422 0.423824 0.550039 0.756533 0.690415 0.442106 0.466089 0.393484 0.591742 0.286304 0.515520 0.438502 0.537954 0.394638
0.590397 0.517701 0.476524 0.725888 0.363363 0.205256 0.376391 0.519784 0.646072 0.461522 0.811799 0.744615 0.495102 0.267664 0.536024 0.510042 0.444938 0.416708 0.556986 0.618498 0.427387 0.385483 0.528078 0.504622 0.393705 0.444578 0.533116 0.528448 0.532253 0.593315 0.491851 0.283573 0.548564 0.608402 0.475006 0.471363 0.718529 0.358234 0.563946 0.762867 0.388701 0.731249 0.411136 0.336912 0.417624 0.352957 0.519044 0.434271 0.684214 0.510933 0.652038 0.328033 0.379457 0.488120 0.343768 0.512430 0.393086 0.569315 0.684033 0.505146 0.616219 0.632674 0.426534
0.531775 0.533974 0.335200 0.561365 0.613237 0.344575 0.547961 0.415512 0.481055 0.644010 0.460595 0.452348 0.522897 0.465309 0.437952 0.607251 0.386929 0.718474 0.654980 0.339457 0.581863 0.512251 0.234943 0.363309 0.638160 0.507070 0.439177 0.397623 0.538396 0.476420 0.852050 0.334844 0.565347 0.663048 0.580264 0.713897 0.578041 0.428656 0.247305 0.404848 0.505549 0.470114 0.462889 0.508951 0.308561 0.794273 0.453783 0.695031 0.427767 0.588029 0.478201 0.743173 0.351795 0.712326 0.359332 0.638026 0.562730 0.476626 0.366906 0.592981 0.582787 0.682265 0.372120
0.643882 0.574156 0.586102 0.525927 0.408307 0.604140 0.382136 0.386091 0.393566 0.795885 0.372845 0.458692 0.525795 0.400693 0.466466 0.414916 0.486603 0.567005 0.325424 0.318774 0.722218 0.383691 0.397350 0.638454 0.576297 0.683747 0.553182 0.347985 0.310020 0.607270 0.474312 0.470081 0.636375 0.440154 0.546466 0.405526 0.446405 0.416732 0.733527 0.455176 0.537715 0.610280 0.323371 0.510066 0.560527 0.440779 0.396137 0.519701 0.486027 0.620656 0.566264 0.484590 0.339881 0.641813 0.470477 0.496836 0.322947 0.420443 0.530052 0.449133 0.483089 0.631874 0.641200
0.448562 0.592253 0.449411 0.488746 0.487597 0.531674 0.681090 0.530700 0.391049 0.535515 0.620780 0.610160 0.853259 0.622265 0.736316 0.532696 0.490577 0.611645 0.250821 0.639888 0.356863 0.340676 0.545343 0.615645 0.609127 0.434363 0.491163 0.678574 0.543599 0.426630 0.595085 0.433410 0.538726 0.354903 0.372496 0.681171 0.673844 0.406550 0.402604 0.859482 0.602083 0.485759 0.202130 0.705148 0.587794 0.511055 0.525951 0.777507 0.566206 0.655072 0.707736 0.590527 0.253152 0.696073 0.366847 0.579994 0.519901 0.708678 0.723411 0.524751 0.721646 0.633511 0.814306
0.467198 0.655775 0.688660 0.794487 0.525843 0.496080 0.477784 0.445979 0.544133 0.247972 0.549215 0.527512 0.518243 0.757342 0.460018 0.775918 0.370352 0.758241 0.540518 0.660610 0.595109 0.336659 0.323159 0.349605 0.343320 0.808688 0.510723 0.471318 0.389848 0.429109 0.740950 0.738879 0.331771 0.258694 0.510682 0.328526 0.683588 0.563634 0.465989 0.346110 0.522987 0.349024 0.531078 0.521708 0.537369 0.354610 0.611316 0.784623 0.250914 0.341249 0.465567 0.358829 0.313789 0.362539 0.429072 0.464948 0.776357 0.489554 0.562641 0.353164 0.517751 0.605731 0.618635
0.441212 0.434115 0.660408 0.592675 0.528765 0.457153 0.458684 0.606078 0.536511 0.879190 0.593254 0.581313 0.518398 0.514618 0.475970 0.777014 0.216828 0.466950 0.524487 0.171840 0.488710 0.491759 0.499726 0.495455 0.358199 0.516405 0.541387 0.540234 0.227333 0.703229 0.570054 0.608774 0.634609 0.415431 0.288739 0.564686 0.413086 0.563911 0.561566 0.463793 0.546814 0.750321 0.478830 0.463354 0.379179 0.818277 0.544415 0.666471 0.251150 0.673282 0.606704 0.593953 0.485968 0.342843 0.653533 0.457473 0.585552 0.470311 0.394060 0.440675 0.469852 0.707042 0.502856
0.541578 0.370723 0.396759 0.512568 0.319910 0.449930 0.486052 0.490086 0.383993 0.434587 0.272601 0.379204 0.343774 0.669230 0.464471 0.465969 0.737729 0.567902 0.253952 0.571236 0.535873 0.701761 0.622498 0.532218 0.492642 0.687694 0.362839 0.475651 0.446689 0.466439 0.900235 0.498945 0.661827 0.415124 0.430761 0.676544 0.515107 0.332995 0.870571 0.560429 0.214967 0.442805 0.531371 0.503771 0.162992 0.593684 0.485166 0.568095 0.665169 0.744197 0.625492 0.567911 0.389316 0.636942 0.443001 0.372811 0.367844 0.500145 0.641434 0.682086 0.409483 0.401637 0.434270
0.597417 0.446533 0.290863 0.741980 0.729441 0.394592 0.470240 0.482704 0.430811 0.733741 0.506045 0.737999 0.395292 0.580508 0.490891 0.585331 0.511238 0.583202 0.460881 0.453427 0.457982 0.679781 0.586728 0.098917 0.714240 0.564353 0.680158 0.493222 0.636394 0.472328 0.560963 0.416676 0.513214 0.481756 0.465997 0.323474 0.612328 0.495427 0.642995 0.470675 0.702550 0.492337 0.791243 0.744255 0.533562 0.482520 0.720135 0.631347 0.514056 0.488793 0.573728 0.423608 0.289406 0.577854 0.588240 0.480039 0.837075 0.469456 0.491958 0.550135 0.512735 0.413238 0.679917
0.557131 0.440074 0.744736 0.631269 0.478555 0.593197 0.525864 0.503660 0.597745 0.860790 0.737105 0.558586 0.638641 0.472239 0.375170 0.718669 0.635859 0.682338 0.700823 0.605588 0.360366 0.459964 0.718348 0.478090 0.342546 0.676793 0.718150 0.575056 0.646901 0.634556 0.416771 0.570155 0.347221 0.708123 0.360072 0.676762 0.648095 0.345595 0.517228 0.586925 0.702640 0.595344 0.339170 0.413921 0.630894 0.450464 0.695984 0.590365 0.727147 0.412390 0.527484 0.403486 0.440320 0.695546 0.667021 0.389442 0.536389 0.379859 0.635226 0.450366 0.573430 0.608077 0.531757
0.655576 0.641909 0.546800 0.303204 0.607235 0.322216 0.383073 0.699718 0.477448 0.670328 0.250122 0.391052 0.584885 0.540087 0.437912 0.596827 0.266328 0.514432 0.434881 0.496123 0.251668 0.575194 0.370703 0.571226 0.396041 0.680219 0.412736 0.536958 0.531702 0.434447 0.434400 0.594510 0.437069 0.679575 0.801991 0.438339 0.499518 0.646943 0.233196 0.611558 0.546445 0.416406 0.421319 0.716189 0.709340 0.569407 0.603593 0.530033 0.614386 0.354543 0.480583 0.574816 0.493700 0.548919 0.494835 0.345510 0.728910 0.616707 0.517369 0.533432 0.273018 0.352823 0.667408
0.593391 0.482459 0.658809 0.479453 0.556325 0.497442 0.502881 0.452534 0.530864 0.665275 0.730408 0.673197 0.200608 0.797413 0.451206 0.481090 0.489866 0.620621 0.729429 0.244683 0.772593 0.450896 0.626343 0.552525 0.609900 0.339247 0.504061 0.736520 0.594400 0.541710 0.597624 0.491098 0.715239 0.304849 0.387318 0.513918 0.848272 0.561066 0.490638 0.507419 0.606898 0.750243 0.913276 0.455929 0.368413 0.519864 0.337191 0.633998 0.611215 0.438225 0.424530 0.425720 0.651353 0.766218 0.721640 0.399777 0.582528 0.625549 0.692966 0.454330 0.706109 0.568771 0.626543
0.357263 0.631720 0.628618 0.472033 0.479811 0.539331 0.530569 0.703040 0.486725 0.686832 0.427205 0.624465 0.682994 0.733048 0.548142 0.770058 0.628080 0.532312 0.599437 0.442079 0.554021 0.402487 0.751010 0.485644 0.642356 0.555929 0.370554 0.392787 0.395620 0.367003 0.668305 0.198632 0.632385 0.322866 0.419038 0.689627 0.560447 0.817153 0.235358 0.626026 0.679042 0.291353 0.765711 0.461321 0.571166 0.547594 0.423966 0.545417 0.338786 0.582586 0.551061 0.705317 0.380297 0.442679 0.717187 0.261816 0.383965 0.717217 0.486366 0.711823 0.401479 0.578690 0.365033
0.859939 0.513795 0.539536 0.573679 0.773741 0.540501 0.620018 0.525256 0.267586 0.424397 0.218988 0.475737 0.611594 0.455435 0.808083 0.375315 0.472840 0.896321 0.377063 0.393056 0.327017 0.530611 0.669600 0.581457 0.547716 0.554124 0.390762 0.538276 0.506282 0.451016 0.818774 0.591653 0.505370 0.365568 0.518385 0.293177 0.572136 0.603738 0.554946 0.444708 0.641428 0.390746 0.645643 0.578020 0.575214 0.512624 0.580565 0.707721 0.728762 0.724761 0.321547 0.366767 0.597325 0.557944 0.437004 0.612215 0.550732 0.639307 0.599841 0.505007 0.606430 0.577752 0.592945
0.640469 0.411781 0.535086 0.645470 0.433467 0.385106 0.500478 0.413106 0.320841 0.596129 0.558516 0.721488 0.345134 0.484152 0.670052 0.685643 0.536362 0.812226 0.224763 0.662099 0.451526 0.693173 0.607153 0.685225 0.507506 0.599761 0.489238 0.412205 0.538492 0.380855 0.594300 0.473795 0.417659 0.650041 0.650831 0.744801 0.522776 0.560679 0.583947 0.697416 0.490084 0.462833 0.612951 0.757350 0.715156 0.548280 0.545056 0.758399 0.472216 0.535722 0.717975 0.551160 0.607078 0.513562 0.750920 0.580324 0.528631 0.533299 0.602514 0.460631 0.431396 0.509056 0.783973
0.508473 0.574673 0.395120 0.689307 0.573236 0.331615 0.525146 0.506491 0.337444 0.716145 0.582872 0.732237 0.642346 0.304070 0.488931 0.820933 0.451127 0.550514 0.391657 0.736166 0.342455 0.643831 0.430949 0.522930 0.687095 0.442403 0.413847 0.211032 0.296953 0.540848 0.612728 0.537792 0.516086 0.605543 0.578774 0.583800 0.728922 0.703534 0.576343 0.545085 0.452118 0.451174 0.271036 0.722352 0.479948 0.738062 0.549570 0.691150 0.593255 0.349237 0.755464 0.431830 0.824081 0.664633 0.413564 0.482483 0.731610 0.587757 0.743169 0.750289 0.754299 0.671470 0.462844
0.517531 0.444192 0.470007 0.356433 0.595892 0.338553 0.574107 0.573799 0.634422 0.284489 0.447927 0.271512 0.516107 0.432073 0.355987 0.673251 0.637747 0.345763 0.285270 0.559539 0.640423 0.343042 0.574457 0.545159 0.622722 0.702042 0.700563 0.523733 0.687698 0.767718 0.774826 0.609911 0.456510 0.320020 0.869724 0.478157 0.654364 0.854189 0.700931 0.558519 0.421761 0.719584 0.530087 0.550669 0.716653 0.579465 0.581899 0.485391 0.501035 0.600752 0.653526 0.389522 0.413305 0.554567 0.469816 0.400980 0.462399 0.851489 0.702466 0.698267 0.754916 0.336285 0.736180
0.759189 0.535674 0.597467 0.925711 0.515025 0.725872 0.418757 0.772498 0.388691 0.616248 0.495444 0.729372 0.579503 0.645060 0.762085 0.746067 0.614042 0.465697 0.596192 0.595131 0.412066 0.490552 0.369832 0.529062 0.431580 0.382317 0.474046 0.522208 0.227003 0.337295 0.630184 0.583352 0.421429 0.532800 0.705697 0.752367 0.419141 0.269516 0.689822 0.603392 0.638890 0.664175 0.688088 0.628189 0.541793 0.502642 0.601957 0.513901 0.594757 0.382144 0.487887 0.709144 0.487984 0.576039 0.573819 0.528659 0.374343 0.672697 0.536418 0.772313 0.852722 0.864266 0.562903
0.703156 0.720028 0.649195 0.423177 0.741657 0.486208 0.583012 0.649434 0.468727 0.401617 0.372270 0.578554 0.565395 0.506411 0.615708 0.421094 0.593696 0.558134 0.359562 0.497719 0.433309 0.361654 0.314397 0.643913 0.491733 0.548206 0.725719 0.390723 0.453753 0.643863 0.514954 0.691787 0.841379 0.706742 0.582351 0.588124 0.479329 0.370774 0.775520 0.619256 0.479760 0.613878 0.779663 0.857128 0.569433 0.462232 0.596627 0.568978 0.803980 0.857462 0.344489 0.329867 0.525231 0.850160 0.355043 0.705992 0.435548 0.280084 0.793613 0.592903 0.653135 0.829637 0.612821
0.602072 0.555116 0.688251 0.713210 0.789210 0.826044 0.404192 0.579591 0.406924 0.353537 0.570809 0.464314 0.804424 0.463862 0.635701 0.649472 0.724512 0.653072 0.826923 0.354435 0.662171 0.653696 0.752049 0.815869 0.408704 0.403781 0.545428 0.571868 0.416876 0.457574 0.565955 0.543398 0.798186 0.718009 0.617025 0.515480 0.430902 0.434551 0.577483 0.369752 0.636917 0.585918 0.412275 0.435489 0.585532 0.497996 0.577746 0.679760 0.496361 0.423003 0.821376 0.493131 0.548872 0.873700 0.819093 0.514713 0.791704 0.544504 0.815637 0.676867 0.658187 0.578153 0.382463
0.595065 0.610642 0.369444 0.335329 0.599589 0.751148 0.501692 0.624591 0.397951 0.281318 0.516041 0.733771 0.544218 0.547823 0.621527 0.698988 0.831025 0.514051 0.707105 0.463396 0.692844 0.590760 0.713355 0.918520 0.480660 0.355275 0.605682 0.315595 0.567717 0.631754 0.786314 0.647924 0.682550 0.440526 0.338726 0.434878 0.663975 0.667279 0.609916 0.704289 0.495228 0.452170 0.604254 0.612398 0.533490 0.393468 0.234764 0.754552 0.590142 0.687599 0.418983 0.577285 0.484146 0.345199 0.313975 0.679539 0.519743 0.263363 0.293445 0.718391 0.810303 0.597071 0.569684
