cenop/data/CentralBaltic/prey0000_06.asc
NCOLS 400 
NROWS 400 
XLLCORNER 4750000.0 
YLLCORNER 3200000.0 
CELLSIZE 1000.0 
NODATA_value -9999 
[rows 280 to 307 of 400, columns 63 to 125 of 400]
0.241135 0.553848 0.724771 0.371540 0.553861 0.743807 0.242490 0.601267 0.496372 0.662283 0.723089 0.598467 0.438144 0.552664 0.625095 0.722094 0.602110 0.444184 0.244679 0.480078 0.562966 0.607680 0.582617 0.506440 0.653194 0.385788 0.280155 0.705150 0.609730 0.929846 0.308648 0.719114 0.592064 0.702558 0.562477 0.469899 0.461163 0.724324 0.738480 0.420425 0.630670 0.359472 0.452811 0.393712 0.379621 0.386041 0.394695 0.639790 0.465418 0.524846 0.413745 0.685865 0.473434 0.410742 0.437861 0.463981 0.546614 0.473755 0.591854 0.506702 0.637920 0.537521 0.308793
0.376900 0.318886 0.710972 0.680989 0.211125 0.668728 0.438366 0.272948 0.481818 0.356373 0.674452 0.079743 0.509523 0.848420 0.563483 0.493826 0.744848 0.715950 0.372229 0.818677 0.766978 0.816297 0.565003 0.353658 0.552132 0.317504 0.910880 0.617203 0.169307 0.430981 0.441146 0.427314 0.472060 0.551826 0.553818 0.317890 0.850826 0.852498 0.386331 0.561561 0.162683 0.752738 0.424612 0.718031 0.521962 0.692630 0.425756 0.677126 0.879357 0.703785 0.289741 0.461863 0.528615 0.566866 0.391446 0.792224 0.635935 0.656620 0.409925 0.337618 0.572393 0.560230 0.454509
0.364644 0.380285 0.777549 0.768923 0.483651 0.534711 0.396956 0.572968 0.645806 0.695475 0.444019 0.741341 0.614979 0.593583 0.586441 0.429024 0.926602 0.537296 0.383849 0.709446 0.180016 0.481191 0.576176 0.601312 0.390546 0.433980 0.581883 0.580511 0.820570 0.497609 0.710837 0.498128 0.669805 0.722493 0.696661 0.534698 0.362604 0.621472 0.753771 0.252627 0.678795 0.430850 0.553176 0.696556 0.529973 0.607859 0.641502 0.550443 0.501365 0.729277 0.570125 0.535769 0.339301 0.611388 0.634718 0.578413 0.471631 0.287182 0.588847 0.602575 0.612868 0.553444 0.556711
0.519210 0.209993 0.914428 0.400451 0.594610 0.934996 0.771637 0.719791 0.437206 0.964646 0.489095 0.891820 0.366082 0.670530 0.725386 0.642965 0.568814 0.460076 0.626278 0.381006 0.523507 0.549059 0.684937 0.525514 0.634054 0.729921 0.874923 0.331373 0.583665 0.432722 0.599341 0.781897 0.350224 0.742660 0.643393 0.384292 0.584622 0.889026 0.622207 0.696856 0.509913 0.812794 0.524037 0.716999 0.632125 0.598949 0.669650 0.628634 0.266215 0.590270 0.400091 0.940834 0.730910 0.422020 0.631958 0.800889 0.283797 0.458789 0.383970 0.728679 0.477867 0.339128 0.433161
0.765743 0.775117 0.732273 0.418402 0.720043 0.487222 0.414732 0.341184 0.599731 0.401103 0.390788 0.731064 0.635076 0.802862 0.355511 0.076865 0.683760 0.624060 0.436397 0.723339 0.740004 0.776685 0.553694 0.402982 0.347165 0.422806 0.786172 0.513269 0.397437 0.279961 0.343179 0.605891 0.645071 0.435093 0.360852 0.682917 0.297578 0.390944 0.630808 0.515030 0.814747 0.417675 0.546971 0.727943 0.263592 0.545693 0.748705 0.347750 0.427581 0.470672 0.640257 0.731617 0.544599 0.755060 0.410658 0.555529 0.556667 0.545791 0.326166 0.615330 0.499936 0.568163 0.384582
0.404309 0.628171 0.417696 0.697159 0.228336 0.846217 0.391604 0.633417 0.482330 0.237158 0.262810 0.321146 0.721462 0.867897 0.211342 0.667592 0.645760 0.747423 0.519953 0.986048 0.895986 0.877223 0.516041 0.755168 0.290685 0.827655 0.511597 0.561935 0.398712 0.536999 0.885503 0.513493 0.321532 0.219860 0.793891 0.459259 0.409606 0.604032 0.612911 0.623492 0.510203 0.759844 0.549582 0.564822 0.606580 0.615480 0.682688 0.935351 0.533123 0.409767 0.370557 0.697214 0.273225 0.610687 0.549000 0.016387 0.572535 0.514956 0.544477 0.806992 0.368961 0.360624 0.351266
0.764733 0.787446 0.574305 0.424849 0.688076 0.562995 0.866571 0.541758 0.389326 0.225119 0.465395 0.643737 0.823421 0.545844 0.432165 0.881551 0.484708 0.618475 0.667244 0.512150 0.468339 0.546884 0.794889 0.592483 0.552274 0.376822 0.434821 0.726276 0.245563 0.230372 0.607865 0.753932 0.269253 0.836907 0.224920 0.540840 0.190313 0.729402 0.390263 0.684933 0.766925 0.391938 0.547238 0.526086 0.232606 0.398475 0.871348 0.457713 0.385939 0.666231 0.387967 0.297249 0.433471 0.572209 0.675666 0.385741 0.761441 0.713000 0.373977 0.421539 0.819638 0.748729 0.694614
0.670931 0.684655 0.910786 0.677014 0.491850 0.682042 0.293592 0.676411 0.252815 0.541743 0.524594 0.689516 0.526221 0.482240 0.715283 0.613479 0.650110 0.457607 0.683370 0.622968 0.457367 0.672081 0.687243 0.556767 0.514146 0.626741 0.491894 0.414220 0.189553 0.609725 0.382849 0.252687 0.260832 0.422661 0.358874 0.672458 0.662703 0.649007 0.386341 0.670825 0.752064 0.930677 0.761148 0.558052 0.723121 0.305260 0.548834 0.322057 0.501640 0.486627 0.377919 0.806140 0.111897 0.398249 0.547671 0.629602 0.226478 0.765437 0.409015 0.749365 0.474810 0.453871 0.690431
0.373762 0.541191 0.648896 0.561440 0.601718 0.795294 0.602062 0.812125 0.352692 0.430147 0.418892 0.703727 0.721412 0.568547 0.678703 0.505918 0.495005 0.508337 0.550975 0.560144 0.258706 0.645001 0.391634 0.355002 0.885967 0.792534 0.508728 0.429435 0.614868 0.750311 0.471784 0.505693 0.597745 0.753004 0.482817 0.874512 0.303808 0.440230 0.699039 0.413183 0.390476 0.583182 0.671512 0.485158 0.579720 0.708123 0.680421 0.495719 0.562263 0.381951 0.749009 0.422950 0.879852 0.223084 0.960047 0.371122 0.320313 0.276797 0.498547 0.463945 0.395068 0.352997 0.506875
0.473297 0.295593 0.778862 0.514190 0.205765 0.712134 0.415603 0.713222 0.444699 0.724366 0.403455 0.765278 0.098584 0.621178 0.745052 0.636704 0.900915 0.771553 0.178665 0.463573 0.660635 0.491825 0.541035 0.285728 0.415445 0.608346 0.454090 0.498291 0.680993 0.583227 0.409546 0.585521 0.802407 0.679952 0.611311 0.572556 0.373300 0.385972 0.424108 0.320484 0.568605 0.356725 0.646691 0.755954 0.359205 0.376109 0.921933 0.485740 0.565995 0.599680 0.899262 0.538815 0.556449 0.585745 0.549031 0.450917 0.733186 0.516374 0.761779 0.454799 0.638101 0.588444 0.595301
0.465134 0.550361 0.761378 0.642255 0.513375 0.392434 0.613191 0.523507 0.585492 0.332448 0.465968 0.677872 0.620915 0.401058 0.409891 0.313073 0.695452 0.815253 0.497795 0.550422 0.820926 0.783856 0.633504 0.616251 0.496740 0.574308 0.691780 0.633211 0.280894 0.478777 0.657152 0.749029 0.849441 0.256350 0.421205 0.588404 0.648386 0.639838 0.648030 0.709094 0.325762 0.464082 0.728408 0.668447 0.665876 0.679652 0.648097 0.177224 0.341262 0.443648 0.624055 0.629730 0.443305 0.882904 0.705803 0.417712 0.566251 0.696692 0.636280 0.756772 0.713673 0.628622 0.792851
0.652598 0.706262 0.852245 0.657564 0.378016 0.703474 0.581396 0.511570 0.405412 0.793823 0.893403 0.774576 0.288893 0.831189 0.712797 0.739033 0.864231 0.410576 0.681836 0.398081 0.253731 0.596287 0.542226 0.773048 0.677339 0.817482 0.482993 0.560708 0.685335 0.816154 0.382121 0.523816 0.535668 0.828837 0.723130 0.751369 0.489323 0.597998 0.585510 0.375329 0.818157 0.742160 0.823031 0.295954 0.413824 0.554125 0.737286 0.428413 0.370856 0.518967 0.421453 0.498221 0.433789 0.485604 0.488130 0.212255 0.267204 0.629880 0.677616 0.152050 0.539561 0.506294 0.164567
0.615066 0.163650 0.554198 0.562647 0.397144 0.563385 0.732012 0.486940 0.724952 0.364915 0.233975 0.409867 0.708678 0.690841 0.805383 0.511016 0.356105 0.380065 0.519185 0.678133 0.433174 0.636049 0.692284 0.728980 0.699705 0.725568 0.840906 0.428904 0.363565 0.629804 0.761680 0.360604 0.508428 0.676149 0.456829 0.493909 0.646318 0.217968 0.464644 0.541942 0.648386 0.566024 0.477329 0.398238 0.833062 0.343487 0.582794 0.314383 0.298679 0.602623 0.466526 0.759387 0.341531 0.684396 0.245015 0.315352 0.228068 0.435350 0.505832 0.781148 0.429606 0.587088 0.435851
0.390057 0.413441 0.626007 0.322680 0.601819 0.581715 0.582057 0.652442 0.226536 0.997771 0.502419 0.728321 0.720909 0.545469 0.449796 0.531319 0.307122 0.447625 0.222019 0.490874 0.725265 0.328512 0.300746 0.182423 0.853898 0.832959 0.407719 0.426935 0.291213 0.839865 0.544823 0.384355 0.325047 0.696355 0.633920 0.733773 0.323693 0.583780 0.630906 0.271315 0.738501 0.371921 0.543546 0.587202 0.551992 0.777226 0.678094 0.612869 0.631561 0.450069 0.556026 0.864611 0.377257 0.892381 0.608986 0.267715 0.720886 0.360135 0.403761 0.591709 0.430657 0.738820 0.830563
0.567895 0.664186 0.582966 0.753768 0.612879 0.351954 0.533559 0.825626 0.544005 0.657369 0.388144 0.478824 0.475204 0.434754 0.413519 0.447445 0.518458 0.306028 0.535972 0.238091 0.407596 0.568613 0.658886 0.502806 0.515177 0.561654 0.615351 0.579223 0.485150 0.670601 0.379274 0.879407 0.381850 0.414929 0.381431 0.277187 0.442924 0.673248 0.865110 0.982383 0.343610 0.088842 0.628670 0.487249 0.547429 0.711504 0.722322 0.387368 0.526322 0.709591 0.291011 0.410238 0.533824 0.758688 0.618336 0.721364 0.423100 0.655285 0.398631 0.554452 0.540178 0.686998 0.351650
0.291660 0.691028 0.672323 0.310366 0.530049 0.256149 0.712108 0.417885 0.668554 0.404739 0.341635 0.428435 0.477411 0.512105 0.446946 0.641741 0.551005 0.763392 0.668693 0.184324 0.556435 0.540186 0.431773 0.314199 0.481939 0.745917 0.336566 0.466801 0.481665 0.299290 0.632044 0.573647 0.615908 0.820025 0.585543 0.383583 0.582824 0.251775 0.838281 0.419231 0.715587 0.534036 0.646201 0.391525 0.613802 0.515506 0.395274 0.723182 0.589417 0.672667 0.433114 0.333793 0.611571 0.372084 0.310792 0.243392 0.374329 0.409534 0.352387 0.490175 0.559980 0.633525 0.560250
0.614380 0.759071 0.523717 0.878728 0.608311 0.461150 0.485565 0.561782 0.486047 0.425713 0.766065 0.285832 0.610121 0.276736 0.411997 0.745752 0.764550 0.785914 0.758625 0.606061 0.767827 0.628879 0.647338 0.507379 0.493930 0.391578 0.844351 0.898033 0.513844 0.853373 0.302079 0.321026 0.288137 0.384551 0.310436 0.490895 0.435680 0.368602 0.333385 0.403439 0.399224 0.474660 0.695660 0.402631 0.451816 0.672613 0.270288 0.686892 0.864400 0.556251 0.393166 0.508791 0.592659 0.525926 0.541093 0.723264 0.286674 0.444662 0.430176 0.560022 0.724481 0.265317 0.589761
0.633371 0.746202 0.556450 0.389256 0.354760 0.519634 0.578404 0.917050 0.519893 0.512535 0.641351 0.266188 0.586715 0.513713 0.631223 0.341038 0.523688 0.543295 0.418795 0.667241 0.552521 0.880872 0.554754 0.616898 0.169474 0.719000 0.375090 0.534323 0.331749 0.885935 0.531567 0.468682 0.381409 0.367636 0.543243 0.435402 0.595277 0.522136 0.608805 0.608789 0.270870 0.178178 0.292668 0.671589 0.537047 0.349799 0.541208 0.520119 0.358191 0.610425 0.337047 0.163511 0.637722 0.442266 0.421608 0.321152 0.567072 0.772088 0.183844 0.255849 0.368958 0.246663 0.752304
0.255823 0.691332 0.241912 0.498947 0.270599 0.457596 0.445195 0.553313 0.438539 0.722357 0.708068 0.314662 0.429692 0.332734 0.538084 0.442613 0.255164 0.632292 0.611729 0.647507 0.540436 0.507928 0.235975 0.684501 0.522656 0.650866 0.182210 0.267236 0.700969 0.486088 0.856864 0.472822 0.668724 0.666101 0.775760 0.513071 0.379092 0.302240 0.753334 0.395229 0.624136 0.335691 0.406924 0.677617 0.581362 0.927446 0.589852 0.377121 0.236132 0.787676 0.713921 0.580941 0.600237 0.613519 0.542454 0.536073 0.501322 0.453059 0.471104 0.282272 0.566038 0.547050 0.383890
0.452838 0.565357 0.651506 0.510380 0.369433 0.517929 0.237663 0.547862 0.759007 0.506478 0.382735 0.771984 0.475355 0.482604 0.688408 0.585167 0.465317 0.555446 0.643837 0.326672 0.723342 0.465712 0.463913 0.876942 0.420216 0.738669 0.266601 0.584177 0.641590 0.776248 0.078546 0.419792 0.865190 0.308630 0.389448 0.705120 0.558235 0.585719 0.469829 0.433463 0.919100 0.561713 0.368562 0.445899 0.494520 0.802789 0.558147 0.154280 0.711624 0.802521 0.669540 0.555163 0.784865 0.263937 0.950067 0.397923 0.698698 0.445810 0.245171 0.266444 0.679714 0.775777 0.513807
0.519380 0.510676 0.328449 0.414482 0.559900 0.447417 0.310504 0.572857 0.457406 0.422993 0.339724 0.406047 0.470106 0.353237 0.477305 0.373282 0.827746 0.518225 0.370918 0.342161 0.701200 0.827148 0.515017 0.491459 0.668504 0.748579 0.608659 0.582388 0.404975 0.397024 0.216972 0.532002 0.801440 0.359305 0.483963 0.561900 0.680996 0.399369 0.557195 0.619117 0.627185 0.695861 0.398065 0.649014 0.333811 0.212096 0.435575 0.791124 0.643065 0.902070 0.443942 0.285728 0.339089 0.522933 0.610273 0.542011 0.450306 0.331049 0.702418 0.683100 0.435530 0.202387 0.521555
0.426524 0.308918 0.713245 0.513021 0.707023 0.567652 0.659271 0.653568 0.683661 0.771124 0.610517 0.383022 0.332182 0.738083 0.835581 0.671772 0.678694 0.458535 0.709468 0.248689 0.695339 0.543331 0.889913 0.689829 0.797765 0.595267 0.384982 0.625889 0.590056 0.551417 0.638744 0.584523 0.564162 0.613795 0.357914 0.316344 0.497270 0.265977 0.670999 0.551526 0.947931 0.449064 0.506249 0.680135 0.366721 0.454092 0.525729 0.796263 0.486057 0.504020 0.690203 0.582224 0.359017 0.760503 0.448060 0.703885 0.535570 0.320818 0.429339 0.648972 0.347961 0.414754 0.344532
0.654262 0.607804 0.518836 0.559642 0.346926 0.479130 0.543781 0.708216 0.706326 0.347031 0.304464 0.643303 0.849085 0.574159 0.614540 0.311767 0.673267 0.618400 0.819356 0.555852 0.521014 0.321000 0.401240 0.661267 0.553636 0.273443 0.814805 0.505386 0.340775 0.258435 0.232941 0.841836 0.520083 0.989160 0.740724 0.561078 0.619503 0.286730 0.497449 0.655288 0.645275 0.413860 0.536102 0.568862 0.609829 0.174970 0.814775 0.634034 0.496005 0.365026 0.595201 0.640960 0.457876 0.443849 0.353843 0.600201 0.838156 0.625379 0.702416 0.588749 0.807126 0.391552 0.722367
0.605595 0.386951 0.348959 0.453034 0.804354 0.658092 0.743183 0.538312 0.700862 0.485137 0.536771 0.515573 0.369477 0.415480 0.412500 0.668744 0.505087 0.758708 0.370729 0.643980 0.671138 0.443743 0.435510 0.726380 0.866415 0.719447 0.488330 0.426367 0.361164 0.659107 0.242355 0.448711 0.660372 0.617924 0.372836 0.701914 0.313132 0.853956 0.399511 0.645126 0.401804 0.504655 0.730575 0.963924 0.569225 0.570652 0.565387 0.586066 0.472588 0.117216 0.257499 0.461671 0.355736 0.161953 0.332594 0.753052 0.565528 0.644040 0.325305 0.603508 0.740670 0.637367 0.330060
0.426798 0.556066 0.565728 0.836151 0.532217 0.642148 0.558774 0.571592 0.406838 0.214580 0.513425 0.710408 0.549817 0.844581 0.694236 0.602528 0.446227 0.560572 0.485350 0.620671 0.430994 0.666161 0.641281 0.324032 0.481528 0.504238 0.500836 0.717897 0.459175 0.641017 0.627180 0.569388 0.724065 0.375732 0.505984 0.731883 0.653316 0.482674 0.729141 0.729499 0.195057 0.610958 0.256749 0.590332 0.635047 0.295001 0.464221 0.594682 0.291600 0.688774 0.656088 0.760160 0.466934 0.616639 0.289222 0.877263 0.323716 0.396237 0.794532 0.527129 0.282970 0.501179 0.551501
0.581305 0.688652 0.087436 0.620737 0.419042 0.379065 0.404481 0.432909 0.576711 0.500028 0.537252 0.879827 0.500980 0.555916 0.707170 0.867455 0.530308 0.383575 0.779082 0.679882 0.547843 0.502043 0.587485 0.361485 0.512601 0.816339 0.721723 0.586432 0.678667 0.425923 0.415432 0.399608 0.568606 0.720512 0.450431 0.669622 0.719593 0.615166 0.765250 0.385939 0.415765 0.614626 0.555674 0.586949 0.776658 0.541066 0.497374 0.659653 0.431133 0.333721 0.779907 0.844497 0.557675 0.412726 0.457459 0.786242 0.512244 0.626944 0.293370 0.585640 0.607006 0.520971 0.546743
0.463088 0.580101 0.602199 0.459234 0.220800 0.488632 0.542362 0.342099 0.745413 0.383468 0.668463 0.498361 0.728254 0.534587 0.635033 0.426503 0.529947 0.644195 0.658608 0.583239 0.457334 0.589846 0.398301 0.545874 0.540372 0.579048 0.265352 0.457511 0.629448 0.389557 0.643586 0.308966 0.612052 0.674329 0.408287 0.527486 0.548275 0.618790 0.613964 0.579133 0.617070 0.565544 0.729070 0.432982 0.812504 0.684958 0.626852 0.814570 0.405166 0.641602 0.213430 0.450517 0.320650 0.294313 0.494112 0.522456 0.778416 0.574850 0.734244 0.359847 0.691777 0.499009 0.355750
0.656443 0.510465 0.496887 0.197351 0.284168 0.654980 0.519488 0.428045 0.484763 0.789373 0.861023 0.262633 0.193257 0.779385 0.809131 0.301667 0.324063 1.000000 0.738627 0.236979 0.500046 0.612704 0.719713 0.498583 0.608628 0.454285 0.315319 0.721305 0.629055 0.393394 0.867426 0.747061 0.380154 0.761302 0.414129 0.548448 0.301869 0.421210 0.623121 0.386120 0.827705 0.586209 0.738114 0.415851 0.650109 0.744347 0.631094 0.565834 0.325168 0.765157 0.404561 0.701869 0.456379 0.694127 0.359750 0.657817 0.536986 0.412674 0.180504 0.286914 0.411784 0.432242 0.749573
