cenop/data/CentralBaltic/prey0000_10.asc
NCOLS 400 
NROWS 400 
XLLCORNER 4750000.0 
YLLCORNER 3200000.0 
CELLSIZE 1000.0 
NODATA_value -9999 
[rows 112 to 139 of 400, columns 126 to 188 of 400]
0.083958 0.399983 0.356827 0.388486 0.342493 0.378034 0.110179 0.238122 0.206985 0.330162 0.266617 0.313795 0.448564 0.150494 0.271230 0.395342 0.311534 0.187049 0.326820 0.431767 0.367122 0.378471 0.474585 0.213594 0.272472 0.353080 0.249234 0.235400 0.367862 0.279846 0.175952 0.297385 0.229049 0.473092 0.389989 0.312178 0.316339 0.289362 0.171327 0.310089 0.401033 0.226761 0.275775 0.227531 0.255276 0.365485 0.114164 0.263147 0.342731 0.297588 0.259976 0.488543 0.329023 0.467220 0.407600 0.325928 0.512226 0.396555 0.262073 0.124218 0.376646 0.440744 0.494309
0.453615 0.286085 0.391180 0.263056 0.181510 0.313924 0.399980 0.353183 0.076485 0.165255 0.016622 0.321641 0.363510 0.348264 0.174894 0.328096 0.302468 0.177922 0.177731 0.130460 0.307162 0.409612 0.091118 0.371742 0.339520 0.246358 0.060695 0.303431 0.469509 0.442107 0.377397 0.341196 0.288438 0.251392 0.338180 0.292937 0.178777 0.000000 0.498583 0.165245 0.348357 0.446009 0.155694 0.334712 0.283948 0.235338 0.460692 0.551377 0.316551 0.140132 0.204193 0.320821 0.451287 0.404507 0.550926 0.371763 0.258318 0.359075 0.356715 0.119931 0.578690 0.329199 0.381950
0.208469 0.053490 0.326481 0.395264 0.207470 0.499826 0.239938 0.171385 0.270688 0.157253 0.205840 0.476329 0.479165 0.046052 0.364576 0.113953 0.331298 0.222667 0.348828 0.279134 0.218005 0.537643 0.268344 0.401293 0.102075 0.275341 0.251619 0.249005 0.146662 0.291651 0.386415 0.397667 0.467945 0.267428 0.493260 0.294740 0.332527 0.361472 0.152467 0.224154 0.379403 0.214929 0.394905 0.256830 0.369236 0.082158 0.405901 0.395633 0.123255 0.381997 0.363205 0.386646 0.271412 0.146637 0.229111 0.517049 0.334017 0.418218 0.436653 0.373619 0.286042 0.332203 0.407205
0.296393 0.318697 0.281681 0.405274 0.317593 0.356177 0.205477 0.081388 0.370641 0.395181 0.370215 0.070056 0.240917 0.413183 0.315300 0.133356 0.331984 0.304653 0.214460 0.107557 0.297911 0.315671 0.105424 0.409884 0.237303 0.321618 0.275022 0.224711 0.516812 0.202908 0.297026 0.414736 0.313597 0.459798 0.466546 0.270365 0.145723 0.317117 0.090677 0.511270 0.313525 0.177518 0.385428 0.247772 0.015631 0.263225 0.301233 0.238896 0.281837 0.328489 0.370693 0.257953 0.578104 0.446605 0.239992 0.311621 0.098488 0.224359 0.297398 0.103448 0.001008 0.240150 0.243306
0.538349 0.302246 0.237099 0.654894 0.317274 0.290432 0.528992 0.196772 0.355255 0.322738 0.047898 0.332977 0.310330 0.000000 0.396891 0.194437 0.366327 0.394679 0.249651 0.264687 0.080491 0.163965 0.037441 0.292792 0.338587 0.362366 0.211056 0.174453 0.173931 0.141871 0.194822 0.319628 0.194992 0.234432 0.472074 0.333934 0.225268 0.293394 0.137525 0.345142 0.456586 0.232781 0.603200 0.451735 0.109243 0.331837 0.283292 0.317262 0.190066 0.344798 0.280898 0.266074 0.225040 0.190276 0.367987 0.254130 0.531720 0.172242 0.491618 0.169682 0.399268 0.214232 0.323112
0.554914 0.578229 0.442650 0.228208 0.141916 0.524799 0.240242 0.200825 0.327294 0.363775 0.476915 0.408971 0.041410 0.361535 0.271526 0.118129 0.194322 0.199162 0.231473 0.408236 0.124900 0.444242 0.254193 0.103799 0.038829 0.164010 0.365436 0.344144 0.127162 0.238396 0.340434 0.430697 0.292685 0.296113 0.029317 0.049086 0.188082 0.112889 0.441008 0.475622 0.417017 0.186305 0.322993 0.176164 0.274463 0.291240 0.347669 0.313484 0.144430 0.465497 0.565095 0.263604 0.426416 0.250460 0.314939 0.212147 0.443360 0.395112 0.399288 0.419934 0.418432 0.305249 0.292600
0.286269 0.463598 0.350122 0.330488 0.370105 0.346936 0.160316 0.519751 0.379877 0.334536 0.216058 0.249354 0.189445 0.500117 0.378736 0.198717 0.353539 0.257813 0.436767 0.146848 0.134706 0.364945 0.248068 0.348268 0.306182 0.270147 0.300183 0.255944 0.296469 0.396498 0.327849 0.193980 0.257744 0.000158 0.394690 0.420698 0.354945 0.454981 0.427639 0.422345 0.432796 0.209243 0.030537 0.272150 0.276893 0.346512 0.205598 0.296132 0.457795 0.170153 0.523883 0.066699 0.153335 0.306535 0.431120 0.401137 0.357415 0.397410 0.284869 0.500549 0.270133 0.338342 0.557334
0.250697 0.296459 0.383880 0.457264 0.289560 0.221850 0.497405 0.142069 0.219060 0.419357 0.123942 0.256126 0.231862 0.500142 0.564275 0.327323 0.497579 0.424999 0.319251 0.135076 0.396601 0.426415 0.288348 0.507971 0.308636 0.184271 0.371626 0.550605 0.231276 0.277347 0.392609 0.485641 0.571654 0.279919 0.276993 0.411176 0.329973 0.348043 0.203688 0.529180 0.272118 0.547841 0.059125 0.569398 0.223081 0.346655 0.231150 0.261857 0.134342 0.225349 0.448719 0.518603 0.121751 0.235933 0.275025 0.291585 0.207591 0.510987 0.278745 0.478004 0.230925 0.411611 0.135164
0.398027 0.342769 0.325864 0.339895 0.138680 0.179696 0.225327 0.295885 0.391503 0.358163 0.344279 0.256103 0.528788 0.533885 0.241891 0.186381 0.381396 0.365296 0.422348 0.252158 0.297798 0.338082 0.230904 0.308386 0.379443 0.315657 0.445144 0.279885 0.277557 0.268688 0.309765 0.345245 0.283555 0.165789 0.115900 0.517187 0.209078 0.350568 0.040758 0.198805 0.165589 0.198870 0.330333 0.289714 0.191215 0.500683 0.154343 0.247003 0.243640 0.382803 0.312481 0.242180 0.415061 0.399734 0.200304 0.281842 0.342617 0.300027 0.172542 0.289169 0.552809 0.263841 0.132691
0.362982 0.406898 0.326265 0.427764 0.407995 0.391688 0.111772 0.160086 0.378560 0.269919 0.254692 0.203354 0.115059 0.461838 0.272178 0.452956 0.000000 0.319702 0.331344 0.125710 0.198667 0.412731 0.378061 0.125684 0.413339 0.187198 0.475232 0.122048 0.496845 0.328578 0.213398 0.345144 0.393676 0.256154 0.132218 0.429067 0.178643 0.278241 0.104475 0.472066 0.301526 0.423994 0.090325 0.134799 0.327623 0.339459 0.225576 0.324917 0.178225 0.220248 0.000000 0.421165 0.341104 0.332558 0.340162 0.258144 0.150864 0.178525 0.254771 0.000000 0.002316 0.066154 0.414369
0.187938 0.066212 0.362376 0.306151 0.409801 0.166784 0.346781 0.407856 0.347571 0.356013 0.335716 0.296366 0.312980 0.219178 0.527076 0.344496 0.165462 0.281476 0.118487 0.365418 0.314001 0.420798 0.156165 0.113415 0.089702 0.210080 0.255860 0.487686 0.055943 0.170836 0.284022 0.359396 0.353818 0.120344 0.409721 0.209079 0.454209 0.224597 0.187918 0.238395 0.339986 0.347867 0.636566 0.076266 0.265697 0.113367 0.106814 0.375883 0.223019 0.142587 0.361684 0.331765 0.479203 0.300970 0.287166 0.390809 0.257901 0.387734 0.111623 0.310172 0.197625 0.128047 0.423369
0.310036 0.280160 0.343152 0.210771 0.144373 0.208418 0.203007 0.224583 0.524363 0.379581 0.273386 0.437094 0.019483 0.411031 0.578779 0.270092 0.148687 0.161443 0.322955 0.493555 0.343807 0.283909 0.334359 0.253934 0.423529 0.350204 0.138675 0.378047 0.236149 0.374316 0.255343 0.238928 0.282099 0.213113 0.136048 0.382641 0.098235 0.291386 0.479024 0.315406 0.129595 0.215822 0.169087 0.289570 0.254994 0.524952 0.261237 0.435671 0.203114 0.165032 0.205399 0.265232 0.205121 0.285710 0.274806 0.159404 0.558651 0.279210 0.236993 0.246033 0.487134 0.216627 0.326227
0.382581 0.529249 0.666503 0.220274 0.411574 0.480482 0.553138 0.491347 0.263644 0.402286 0.279652 0.479837 0.085876 0.583689 0.554439 0.406262 0.403578 0.423316 0.108445 0.125175 0.344733 0.398908 0.249363 0.215206 0.451054 0.104398 0.376836 0.396918 0.460066 0.277763 0.398047 0.214574 0.264886 0.099154 0.080635 0.165846 0.236387 0.179001 0.411993 0.203513 0.188244 0.352525 0.147848 0.135744 0.475424 0.372698 0.203335 0.389423 0.264000 0.355669 0.028167 0.216267 0.203357 0.466746 0.392191 0.337636 0.356026 0.257815 0.220037 0.345335 0.325524 0.300340 0.253338
0.324734 0.348442 0.252157 0.236024 0.353132 0.211361 0.378513 0.335581 0.270227 0.504892 0.051899 0.279628 0.253542 0.107517 0.251454 0.367604 0.331648 0.455742 0.227406 0.284547 0.247783 0.105029 0.070079 0.218686 0.084036 0.464374 0.350002 0.512776 0.336143 0.410128 0.252631 0.355722 0.382106 0.222621 0.307248 0.241791 0.287593 0.460968 0.283700 0.398661 0.440331 0.409062 0.328213 0.331719 0.083176 0.074083 0.432341 0.283266 0.160611 0.364474 0.221236 0.306989 0.124693 0.294572 0.345102 0.401245 0.110708 0.194832 0.054480 0.334190 0.173358 0.489278 0.503684
0.108747 0.309888 0.458894 0.353810 0.286222 0.458143 0.442261 0.352062 0.370273 0.353904 0.421811 0.181108 0.352175 0.353976 0.324101 0.304387 0.190527 0.211477 0.504812 0.164100 0.372352 0.447127 0.026592 0.282567 0.376601 0.364685 0.573941 0.233709 0.234787 0.260304 0.291680 0.402883 0.306991 0.388472 0.166684 0.185510 0.467311 0.311579 0.517622 0.101747 0.187694 0.202859 0.385792 0.302416 0.531106 0.161278 0.346108 0.368731 0.217521 0.119069 0.144772 0.576086 0.231447 0.245207 0.231333 0.291775 0.337595 0.299279 0.419037 0.080479 0.279742 0.356862 0.427718
0.551064 0.420069 0.521082 0.274370 0.221018 0.317199 0.090284 0.314976 0.422532 0.331010 0.379839 0.347764 0.354749 0.185202 0.359410 0.284794 0.344293 0.208940 0.203423 0.238582 0.158591 0.214672 0.261265 0.199754 0.235163 0.507351 0.594656 0.310341 0.404627 0.399647 0.078136 0.241521 0.443692 0.289900 0.107440 0.218623 0.456320 0.454355 0.181562 0.350123 0.276133 0.365448 0.199129 0.475358 0.351617 0.226886 0.534578 0.363463 0.385326 0.523281 0.250303 0.142555 0.230343 0.504810 0.234376 0.153307 0.279693 0.587795 0.353991 0.456655 0.473069 0.264971 0.540167
0.569467 0.249238 0.237940 0.500150 0.308393 0.378560 0.479799 0.392760 0.226785 0.129609 0.390314 0.395877 0.231082 0.193314 0.504306 0.404136 0.371598 0.322736 0.289355 0.346318 0.364302 0.058587 0.528828 0.321423 0.225706 0.489907 0.179835 0.185379 0.438019 0.229959 0.198149 0.194869 0.504292 0.599302 0.288643 0.434023 0.096589 0.398112 0.355229 0.276674 0.058298 0.299089 0.183082 0.351643 0.233117 0.175846 0.397047 0.395797 0.231336 0.024550 0.253351 0.376958 0.409346 0.216852 0.193422 0.178163 0.079609 0.176761 0.532321 0.249296 0.537889 0.053670 0.561843
0.118240 0.181684 0.456090 0.040777 0.319813 0.251950 0.472830 0.385308 0.205606 0.234638 0.268843 0.155825 0.186564 0.289346 0.425893 0.350352 0.362995 0.138972 0.467171 0.556813 0.280504 0.494257 0.317999 0.292488 0.395907 0.370022 0.259393 0.385598 0.258651 0.079964 0.291154 0.258061 0.364423 0.246346 0.546186 0.549085 0.203030 0.377569 0.460472 0.429806 0.342972 0.262462 0.000000 0.306958 0.287655 0.470862 0.273827 0.287062 0.272252 0.567302 0.137385 0.211959 0.445219 0.347857 0.136644 0.321332 0.373781 0.355106 0.259138 0.234811 0.510869 0.203064 0.378563
0.172148 0.183981 0.373326 0.285019 0.160198 0.454597 0.281464 0.386419 0.416157 0.279296 0.314344 0.415476 0.280373 0.266447 0.705584 0.332324 0.413392 0.266019 0.431566 0.443404 0.397452 0.179070 0.416417 0.342291 0.497983 0.366290 0.325346 0.347754 0.170885 0.377851 0.272640 0.185102 0.313729 0.331948 0.377244 0.291903 0.089874 0.098004 0.185905 0.275963 0.247738 0.181236 0.238169 0.372407 0.387432 0.261779 0.280937 0.410857 0.000000 0.276592 0.157585 0.133759 0.374026 0.325673 0.305503 0.312641 0.285843 0.408125 0.280122 0.288848 0.103318 0.206167 0.416120
0.190501 0.432355 0.472225 0.103874 0.404204 0.459619 0.204253 0.446208 0.224996 0.297617 0.343987 0.276161 0.504323 0.489414 0.360203 0.179188 0.272581 0.270982 0.496905 0.324443 0.437684 0.270504 0.087458 0.365011 0.425071 0.319486 0.341506 0.332840 0.534218 0.422109 0.447719 0.415647 0.414100 0.184007 0.420704 0.320850 0.314954 0.309580 0.039184 0.354187 0.341368 0.202492 0.313381 0.158244 0.330160 0.469436 0.299568 0.086899 0.500300 0.348512 0.344166 0.431275 0.153059 0.271663 0.321513 0.489701 0.467050 0.312798 0.314320 0.257668 0.253143 0.218759 0.063500
0.140477 0.417749 0.124068 0.498211 0.148432 0.552033 0.522370 0.116128 0.206721 0.196126 0.320190 0.354190 0.425322 0.095805 0.382379 0.205443 0.285580 0.212239 0.376880 0.131151 0.227303 0.416113 0.190070 0.198290 0.487044 0.261720 0.463963 0.640017 0.288615 0.417475 0.191193 0.262875 0.165184 0.250626 0.377904 0.453849 0.223510 0.363909 0.395687 0.403616 0.083115 0.268086 0.414861 0.390568 0.116711 0.201664 0.233898 0.231997 0.352028 0.404735 0.603921 0.477867 0.416150 0.196222 0.160743 0.555728 0.312839 0.161827 0.203276 0.359307 0.376411 0.365774 0.591674
0.123660 0.401357 0.257799 0.336575 0.090663 0.314132 0.356918 0.358293 0.198968 0.334598 0.248989 0.263984 0.448463 0.241730 0.425728 0.189941 0.270946 0.378159 0.365389 0.254159 0.319664 0.041161 0.299196 0.329807 0.136112 0.151194 0.297028 0.462605 0.357250 0.291107 0.273740 0.245034 0.375061 0.329270 0.377246 0.264524 0.287149 0.321223 0.178342 0.496288 0.440630 0.483991 0.292318 0.120640 0.149538 0.307483 0.423696 0.385443 0.279662 0.397685 0.406771 0.326622 0.148241 0.334898 0.258791 0.264581 0.296322 0.264017 0.348477 0.334597 0.124743 0.317039 0.438551
0.332244 0.323419 0.139759 0.100349 0.256445 0.143196 0.292194 0.416804 0.306608 0.344158 0.423094 0.311139 0.496306 0.441070 0.074031 0.514689 0.278410 0.269490 0.086973 0.324062 0.339587 0.226555 0.221035 0.372756 0.372770 0.328774 0.493621 0.187641 0.159864 0.084808 0.280653 0.092553 0.159718 0.326300 0.546769 0.408393 0.101674 0.369753 0.185452 0.424021 0.086056 0.105951 0.446354 0.276382 0.304300 0.308150 0.371768 0.110581 0.351484 0.397762 0.304256 0.381368 0.345004 0.401313 0.343880 0.219239 0.311030 0.085870 0.404321 0.154384 0.539316 0.298154 0.140255
0.415238 0.389486 0.505892 0.391659 0.054534 0.280569 0.150080 0.320659 0.330183 0.510714 0.283875 0.192472 0.432120 0.359393 0.236164 0.105708 0.315609 0.438161 0.442348 0.144757 0.536654 0.121919 0.344455 0.392919 0.264597 0.227097 0.210449 0.330907 0.142136 0.372040 0.352677 0.319406 0.228315 0.291300 0.471839 0.254427 0.254675 0.399477 0.289678 0.141531 0.458634 0.436938 0.325658 0.330742 0.247396 0.248407 0.360134 0.254068 0.216638 0.267544 0.335654 0.295984 0.434398 0.204840 0.000000 0.309269 0.102802 0.443678 0.508632 0.072261 0.106931 0.256345 0.479995
0.253256 0.197450 0.338770 0.163147 0.444463 0.296539 0.338537 0.311469 0.207586 0.322318 0.472158 0.270650 0.385956 0.289239 0.436209 0.245927 0.359177 0.255424 0.395760 0.197295 0.668423 0.252289 0.516604 0.402045 0.274904 0.219105 0.410731 0.488541 0.556999 0.234986 0.462971 0.334573 0.144711 0.453529 0.436831 0.360986 0.463407 0.356195 0.147625 0.434344 0.210537 0.337338 0.200472 0.297269 0.235978 0.268809 0.582938 0.306236 0.212997 0.325816 0.445034 0.204994 0.417542 0.214116 0.133029 0.371560 0.234445 0.280073 0.370056 0.298447 0.201534 0.135515 0.414777
0.222497 0.401889 0.140000 0.360447 0.208764 0.570654 0.161710 0.106009 0.232376 0.454912 0.445283 0.001924 0.147238 0.215564 0.306121 0.445714 0.442999 0.360044 0.314151 0.228513 0.578558 0.258870 0.332830 0.225860 0.438664 0.269383 0.518234 0.397160 0.212048 0.142650 0.309568 0.196132 0.328609 0.275077 0.221028 0.299565 0.278291 0.181608 0.304185 0.303250 0.132858 0.129935 0.169275 0.416292 0.217510 0.468075 0.119680 0.118726 0.380827 0.421142 0.368632 0.421824 0.214283 0.158737 0.275721 0.239154 0.286500 0.355075 0.290960 0.418728 0.291616 0.198206 0.280500
0.430265 0.361464 0.198043 0.208777 0.382723 0.478950 0.458607 0.206267 0.320401 0.285343 0.275158 0.364338 0.222725 0.171948 0.068085 0.212020 0.230512 0.156848 0.410286 0.352751 0.349648 0.363591 0.029103 0.322651 0.217338 0.380504 0.163428 0.307745 0.079747 0.215794 0.453466 0.193454 0.196505 0.299792 0.069280 0.416264 0.233543 0.104656 0.134289 0.384268 0.330494 0.242048 0.586592 0.153831 0.274016 0.427784 0.375889 0.447079 0.149115 0.273194 0.214124 0.353157 0.191280 0.279534 0.000000 0.412902 0.370865 0.341541 0.221639 0.288995 0.466693 0.096053 0.093887
0.309710 0.369444 0.381419 0.273926 0.270960 0.381240 0.277363 0.355676 0.250435 0.482462 0.182373 0.266982 0.310817 0.546162 0.386280 0.505098 0.086147 0.367001 0.286663 0.254395 0.368611 0.320197 0.228497 0.294368 0.207359 0.411252 0.130111 0.234252 0.188433 0.220353 0.118639 0.360954 0.427887 0.203466 0.333481 0.261947 0.344800 0.123054 0.378353 0.168909 0.364090 0.332535 0.260215 0.207180 0.707379 0.136187 0.337363 0.296399 0.430426 0.263047 0.552933 0.319934 0.125689 0.339935 0.303146 0.348694 0.344705 0.305998 0.455158 0.207829 0.283073 0.531306 0.496105
