cenop/data/CentralBaltic/prey0000_06.asc
NCOLS 400 
NROWS 400 
XLLCORNER 4750000.0 
YLLCORNER 3200000.0 
CELLSIZE 1000.0 
NODATA_value -9999 
[rows 28 to 55 of 400, columns 315 to 377 of 400]
0.446667 0.811974 0.738733 0.524465 1.000000 0.405834 0.619167 0.866052 0.461692 0.566193 0.422999 0.661447 0.723138 0.901304 0.549435 0.518447 0.682921 1.000000 0.451753 0.456046 0.882172 0.937316 0.796403 0.643967 0.649034 0.553087 0.722513 0.933952 0.696655 0.799419 0.443585 0.513677 0.358716 0.589088 0.684536 0.845169 0.963965 0.885405 1.000000 1.000000 0.803165 0.983262 0.744410 0.922973 1.000000 0.627270 0.636515 0.516087 0.598110 0.953118 0.848135 0.912566 0.447282 0.436897 0.631431 0.402007 0.709101 0.917962 0.581798 0.513138 0.866572 0.725258 0.612892
0.575340 0.559445 0.945357 0.526499 0.666593 0.821932 0.359289 0.537118 0.871099 0.680629 0.666611 0.672646 0.758645 0.791425 0.656543 0.798286 0.820870 0.611647 0.507232 0.648888 0.249733 0.975645 0.854715 0.619470 0.780941 0.576347 0.362022 0.672358 0.370018 0.924107 0.601279 0.831888 0.350566 0.542618 0.798500 0.930357 1.000000 0.805076 0.405483 0.750448 0.715905 0.539147 0.578693 0.636757 0.734465 0.736350 0.617536 0.629789 0.565451 0.428044 0.771547 0.722624 1.000000 0.552300 0.690118 0.751839 0.972301 0.923580 0.597155 0.796666 0.898107 0.803506 0.811094
0.824824 0.729315 0.744443 0.689759 0.505098 0.538566 0.674132 0.651009 0.929233 0.682684 0.759023 0.484572 0.476823 0.467911 0.865123 0.857276 0.702225 0.538003 0.542114 0.428243 0.731423 0.697628 0.710446 0.461098 0.840386 0.742915 0.598608 0.904876 0.751123 0.535687 0.980103 0.873069 0.538207 1.000000 0.896292 0.556505 0.684828 0.793483 0.948394 0.677243 0.772519 0.858096 0.977188 0.931807 0.680390 0.675001 0.616845 0.674835 0.503301 0.789446 0.303032 0.824239 0.644641 0.637085 0.888500 0.552427 0.804276 0.644518 0.741108 0.626052 0.628701 0.750297 1.000000
0.803899 0.830559 0.431531 0.595459 0.554101 0.417735 0.692709 0.466918 0.616406 0.738789 0.757889 0.707003 1.000000 0.668449 0.880444 0.731254 0.605817 0.664916 0.865310 0.772815 0.754581 0.689528 0.700661 0.687685 0.610799 0.900376 0.553208 0.695207 0.845829 0.570547 0.674612 0.950161 0.422493 0.661016 0.724422 0.278228 0.834826 0.582490 0.792575 0.858610 0.968971 0.829833 0.500467 0.925728 0.695097 0.985888 0.786624 0.497380 0.901539 0.699458 0.515910 0.329910 0.917691 0.858681 0.760699 0.649783 0.809563 0.962994 0.724455 0.751975 0.633551 0.669185 0.916621
0.814881 0.450799 0.448994 0.807573 0.651680 0.373543 0.481674 0.855558 0.401171 0.634342 0.866505 0.897893 0.753738 0.640772 0.554048 0.814231 0.718467 0.587144 0.606628 0.448552 0.579330 0.529014 0.936944 0.380639 0.664300 0.686402 0.927861 0.965037 1.000000 0.688524 0.488206 0.927829 0.717425 0.784598 0.862086 0.699618 0.661214 0.998652 0.499362 0.467420 0.824440 0.661860 0.768720 0.473889 0.480321 0.842068 0.762904 0.830132 0.465907 0.943375 0.682627 0.622588 0.664045 0.637253 0.519886 0.695543 0.753077 0.993408 0.699857 0.489322 0.466548 0.561063 0.483490
0.795125 0.768093 0.868206 0.759231 0.999565 0.709542 0.561397 1.000000 0.630355 0.715625 0.808930 0.919790 0.470560 0.569820 0.834189 0.609383 0.901997 0.486824 0.836342 0.768345 0.555732 0.754583 0.757558 0.751318 0.883117 0.691987 0.912060 0.750275 0.468466 0.485625 0.728033 0.853075 0.856612 0.615362 0.436892 0.633997 0.702030 0.729877 0.731425 0.848626 0.932386 0.664505 0.589591 0.384337 0.639870 0.788848 0.295355 0.729902 0.629659 0.839897 0.781054 0.932379 0.509653 0.662267 0.844489 0.826364 0.557619 0.579799 1.000000 0.764012 0.872857 0.740575 1.000000
0.764315 0.790272 0.395124 0.932941 0.542683 0.697416 0.299081 0.567906 0.938220 0.477050 0.626473 0.806891 0.613345 0.743985 0.761463 0.370708 0.727359 0.781161 0.729103 0.790269 0.715620 0.772870 0.515884 0.595396 1.000000 0.542029 0.511616 0.618567 0.731565 0.495105 0.644919 0.649544 0.639262 0.442280 0.534337 0.875186 0.646001 0.872865 0.717129 0.476508 0.946459 0.658695 0.704432 0.593491 0.407701 0.477332 0.809847 0.891241 0.962859 0.962502 0.618693 0.700569 0.621328 0.807972 0.763619 0.422643 0.687617 0.617839 1.000000 0.762416 0.999713 0.997028 0.460730
0.859270 0.849145 0.960533 0.646127 0.968636 0.712318 0.698438 0.468467 0.556575 0.423324 0.259675 0.905294 0.448484 0.865822 1.000000 0.568276 0.648073 0.440003 0.779492 0.623888 0.888658 0.458527 0.395449 0.825856 0.557812 0.678343 0.601861 0.948719 0.735760 0.595393 0.532546 0.819586 0.947110 0.586362 0.776580 0.709483 0.991859 0.588496 0.472704 0.747580 0.752921 0.288191 0.700257 0.475113 0.788546 0.520198 0.670725 0.717406 0.628677 0.858642 0.794823 0.443516 0.961187 0.726149 0.804666 0.729529 1.000000 1.000000 0.708227 0.615421 0.613111 0.727798 0.721371
0.354756 0.615827 0.741497 1.000000 0.520394 0.774616 0.707807 0.918574 0.980165 0.969705 0.494855 0.581487 0.753122 0.578020 0.497897 0.858497 0.660829 0.927593 0.430224 0.977926 0.847119 0.497852 0.692498 0.501339 0.869294 0.737652 0.776152 0.796660 0.486387 0.705866 0.931980 0.796570 0.408443 0.951463 0.861919 0.566692 0.543781 0.598155 0.815773 0.463841 0.566829 0.718383 0.671000 0.945485 0.771280 0.781699 0.663969 1.000000 0.817968 0.730080 0.815153 0.949249 0.507935 0.771453 0.744245 0.509309 0.578217 0.884793 0.644244 0.436372 0.578370 0.567524 0.826911
0.585838 0.357710 0.481085 0.410862 0.748181 0.572276 0.711214 0.617711 0.843241 0.905416 0.827805 0.817066 0.374959 0.809273 0.620181 0.468285 0.808741 0.452696 0.867506 0.994562 0.672294 0.616337 0.588920 0.458368 0.531229 0.538219 0.694617 0.445885 1.000000 0.780538 0.359964 0.400890 0.558978 0.751483 0.856717 0.518014 0.382950 0.649938 0.950319 0.453848 0.537032 0.553038 0.186064 0.678412 0.809542 0.667707 0.612973 0.711722 0.643201 0.521683 0.788948 0.841220 0.961391 0.555715 0.238305 0.822577 0.451714 0.895893 0.866715 0.992546 0.395352 0.760320 1.000000
0.879507 0.448143 0.766120 0.462596 0.466490 0.682691 0.939765 0.463568 0.613512 0.368333 0.564270 0.487539 0.449680 0.801062 0.628123 0.773196 0.655768 0.482026 0.220020 0.457742 0.470366 0.927251 0.675167 0.822343 0.473558 0.848478 0.695932 0.621105 0.439639 0.597903 0.387912 0.280702 0.752113 0.464155 0.481997 0.873080 1.000000 0.843616 0.880280 0.868825 0.482993 0.490163 0.820729 0.814665 0.657768 0.745641 0.886850 0.945253 0.465734 0.321103 0.469283 0.858315 0.871619 1.000000 0.903226 0.745288 0.534579 0.823327 0.416004 0.717734 0.970301 0.671578 0.707391
0.449473 0.433532 0.540767 0.588761 0.631994 0.912582 0.428789 0.608850 0.640366 0.879780 0.701038 0.655842 0.771597 0.381682 0.750579 0.976458 0.969095 0.846288 0.887566 0.483640 0.560610 0.248966 0.522709 0.461682 0.598866 0.888956 0.576404 0.403151 0.560577 0.528473 0.601716 0.621086 0.413736 0.797677 0.326856 0.335726 0.593006 0.601812 0.455059 0.427283 0.423413 0.622561 0.892803 0.738401 0.840470 0.789766 0.463655 0.489960 0.780064 0.805411 0.535631 1.000000 0.528628 0.349237 0.713698 0.544790 0.875643 0.586154 0.625132 0.669696 0.551760 0.792563 0.649798
0.558503 0.604769 0.850013 0.550277 0.616479 0.858667 0.666406 0.507877 0.672997 0.456830 0.542485 0.643992 0.564572 0.954765 0.413052 0.310097 0.453141 0.575110 0.695650 0.511934 0.775834 0.814366 0.694051 0.663727 0.768513 0.730268 0.467620 0.387128 0.764986 0.701489 0.865622 0.711454 0.827870 0.427936 0.600183 0.699380 0.375285 0.726449 0.972769 0.483474 0.460559 0.617858 0.955104 0.865269 0.778573 0.415043 0.707523 0.869527 1.000000 0.655401 0.626029 0.750869 0.372636 0.861499 0.544243 0.631590 0.847756 0.479412 1.000000 0.708135 0.676888 0.698710 0.798662
0.918966 0.595097 0.818853 0.793959 0.621507 0.741225 0.803723 0.954206 0.737277 0.867467 0.536329 0.840254 0.428311 0.885383 0.832904 0.529684 0.880982 0.414479 0.855917 0.355309 0.746402 0.862374 0.669583 0.888857 0.718400 0.618518 0.764028 0.703759 0.486693 0.839644 0.350222 0.385243 0.478195 0.836406 0.575935 0.788971 0.648614 0.664578 0.423859 0.644115 0.394351 0.942298 0.794541 0.723951 0.611153 0.753799 0.602376 0.851296 0.495218 0.406772 0.876568 0.670711 0.494112 0.729119 0.786376 0.417153 0.801343 0.779892 0.601662 0.633973 0.840599 0.509126 0.541426
0.579072 0.425204 0.416426 0.231525 0.689395 0.645798 0.539262 0.306798 0.880570 0.482334 0.937917 0.569817 0.477333 0.973221 0.783482 0.889672 0.575841 0.557928 0.809214 0.644836 0.578461 0.694098 0.837026 0.729013 0.994076 0.700332 0.822829 0.419062 0.426883 0.438218 0.812281 0.564093 0.794357 0.533041 0.681729 0.604176 0.776087 0.794943 0.646727 0.755773 0.705684 0.672134 0.702449 0.564978 0.729339 0.712919 0.595973 0.818522 0.455521 0.363635 0.945015 0.761281 0.873315 0.610103 0.646345 0.662128 0.808814 0.754369 0.705900 0.741250 0.849337 1.000000 0.438531
0.436890 0.425971 0.434582 0.774694 0.746002 0.630641 0.407100 0.751569 0.203092 0.872842 0.591579 0.904308 0.455511 0.587015 0.783876 0.527144 0.667709 0.692156 0.477128 0.502628 0.550362 0.801354 0.688051 0.556632 0.891515 0.846609 0.465610 0.633590 0.937395 0.551388 0.651222 0.559493 0.520252 0.732584 0.849556 0.428657 0.711805 0.540523 0.751789 0.732598 0.766803 0.744206 0.573553 0.775153 0.963517 0.889657 0.616020 0.999482 0.905858 0.686203 0.764511 0.823290 0.725153 0.578646 0.749902 0.558494 0.857463 0.893238 0.607627 0.525406 0.803688 0.996126 0.649233
0.491345 0.585998 0.745650 0.759102 0.443278 0.401026 0.964984 0.636565 0.938963 0.359720 0.690147 0.600912 0.732696 0.461660 0.709998 0.583715 0.573205 0.471784 0.703459 0.442629 0.815089 0.694710 0.676843 0.783314 0.720747 0.964787 0.397588 0.678286 0.871198 0.631454 0.405664 0.842302 0.640490 0.792853 1.000000 0.592952 0.716247 0.812750 0.659362 1.000000 0.559588 0.692798 0.713121 0.595801 0.373976 0.551484 0.960717 0.547937 0.982035 0.985672 0.538714 0.670410 1.000000 0.740755 0.729840 0.463862 0.758365 0.601156 1.000000 0.531037 1.000000 0.564052 0.660120
0.994208 0.451173 0.848354 0.770379 0.507028 0.740742 0.596700 0.558110 0.861631 0.317390 0.935659 0.982699 0.629691 0.365659 0.465345 0.526195 0.302281 0.754736 0.615727 0.597358 0.920130 0.722685 0.646751 0.614198 0.565751 0.518721 0.386713 0.853690 0.984811 0.623400 0.749417 0.507091 0.863911 0.553994 0.373165 0.313387 0.582904 0.711224 0.436437 0.685562 0.403421 0.466392 0.530906 0.547745 0.656413 1.000000 0.721167 0.679985 0.705982 0.836360 0.628061 0.750567 0.923233 0.689223 0.933211 0.711991 0.553314 0.770670 0.767089 0.817970 0.796855 0.915387 0.610527
0.712011 0.697508 0.414202 0.467516 0.720750 0.463200 0.826739 0.599354 0.588036 0.591917 0.915059 0.485970 0.412629 0.408077 0.660549 0.629912 0.728667 0.524377 0.412660 0.875722 0.445296 0.646999 0.492019 0.399783 0.684722 0.954386 0.352645 0.480702 0.573240 0.526091 0.605199 0.541473 0.488425 0.595001 0.617719 0.626341 0.979637 0.792498 0.851966 0.983107 0.333202 0.471135 0.366527 0.270596 0.695932 0.585389 0.473527 0.589984 0.786513 0.795475 0.677268 0.876002 0.531564 0.460005 0.716101 0.696218 0.379523 0.873807 0.462125 0.542614 0.572220 0.654295 0.702814
0.703067 0.621065 0.428072 0.939389 0.372297 0.321035 0.538521 0.482769 0.595552 0.613164 0.567156 0.452494 0.592878 0.475801 0.604481 0.447516 0.571648 0.438703 0.771767 0.422197 0.448938 0.451243 0.524030 0.842078 0.532582 0.463369 0.365731 0.478362 0.341328 0.732013 0.674918 0.880471 0.618092 0.656033 0.804415 0.652886 0.448242 0.536371 0.397421 0.445545 0.472665 0.641628 0.424965 0.813813 0.512600 0.641150 0.988907 0.651203 0.516003 0.563227 0.874052 0.651200 0.997200 0.448923 0.615234 1.000000 0.724719 0.886344 0.478712 0.505177 0.615602 0.918502 0.823546
0.959925 0.673776 0.859767 0.719915 0.693313 0.578142 1.000000 0.910993 0.457669 0.728174 0.607485 0.615204 0.797105 1.000000 0.546573 0.874621 0.547662 0.443002 0.455145 0.496728 0.319935 0.787663 0.818003 0.759672 0.548825 0.296202 0.608550 0.781733 0.606448 0.368557 0.375881 0.569173 0.581946 0.778889 0.755374 0.973933 0.721336 0.691504 0.623986 0.496698 0.706762 0.863536 1.000000 0.292443 0.920254 0.742710 0.529152 0.818102 0.925955 0.397062 0.613495 0.477221 0.488426 0.880900 0.697813 0.783805 0.727291 0.765027 0.735491 0.784447 0.779884 0.907485 0.781042
0.626775 0.738934 0.895248 0.599723 0.632813 0.509926 0.816088 0.828853 0.503936 0.525505 0.560917 0.529028 0.695517 0.349158 0.814185 0.411761 0.758169 0.573691 0.930041 0.409945 0.510066 0.560336 0.796760 0.228367 0.329708 0.623470 0.674744 0.687173 0.610808 0.786271 0.722443 0.457754 0.846909 0.694879 0.875238 0.670283 0.614628 0.647073 0.412100 0.651902 0.399117 0.721646 0.794435 0.602729 0.662370 0.483529 0.359927 0.866603 0.589360 0.560936 0.688005 0.813029 0.907323 0.345702 0.500288 0.528059 0.824870 0.652332 0.757902 0.504774 0.844067 0.858060 0.825441
0.496642 0.585471 0.572935 0.444162 0.526991 0.742340 0.590412 0.552918 0.232915 0.690632 0.575857 0.419730 0.738067 0.751072 0.758495 0.786895 0.387161 0.333894 0.406947 0.353879 0.628909 0.731668 0.486790 0.762367 0.649910 0.477992 0.892988 0.690927 0.730802 0.414339 0.702673 0.376931 0.373973 0.348468 0.840779 0.607536 0.208641 0.433895 0.441336 0.600510 0.544549 0.635340 0.997354 0.722382 0.374466 0.858054 0.465051 0.764991 0.484724 0.565875 0.592004 0.779142 0.513555 0.516404 0.605590 0.625659 0.854917 0.482680 0.628479 0.714677 0.543330 0.762531 0.972884
0.763505 0.636329 0.478909 0.732628 0.661786 0.289628 0.573963 0.544313 0.635195 0.863940 0.551606 0.530158 0.674716 0.598828 0.695935 0.451744 0.737607 0.958110 0.449395 0.908162 0.720051 0.280221 0.731028 0.555134 0.379528 0.510060 0.486126 0.636929 0.513785 0.498759 0.469514 0.763955 0.292994 0.458348 0.297874 1.000000 0.531363 0.686438 0.721239 0.596121 0.671908 0.914831 1.000000 0.478518 0.597025 0.455742 0.927030 0.877586 0.305955 0.624264 0.902447 0.540352 0.786604 0.564076 1.000000 0.741901 0.910266 0.800192 0.610786 0.575866 0.989176 0.575608 0.690058
0.222974 0.808280 0.695849 0.284322 0.678644 0.638219 0.574765 0.656958 0.281878 0.479044 0.555144 0.644127 0.681706 0.612640 0.447188 0.663455 0.495302 0.575493 0.640674 0.715735 0.322191 0.583701 0.651329 0.642849 0.876271 0.486112 0.396432 0.647409 0.704109 0.532481 0.352072 0.303264 0.611991 0.727311 0.609410 0.784805 0.657476 0.736569 0.496467 0.758764 0.500615 0.904291 0.746148 0.723666 0.573052 0.853274 0.827659 0.628458 0.549260 0.985440 0.457362 0.696730 0.452174 0.831149 0.433882 0.905948 0.779692 0.822938 0.669018 0.990576 0.712832 0.629187 0.722944
0.777160 0.757327 0.768173 0.681197 0.536488 0.733359 0.655308 0.852120 0.586675 0.748858 0.442327 0.817399 0.689430 0.886081 0.468230 0.528909 0.657321 0.419548 0.773356 0.620355 0.739575 0.278333 0.684544 0.527249 0.546321 0.754450 0.626823 0.744315 0.336122 0.528031 0.587886 0.268703 0.715238 0.741922 0.761052 0.387229 0.559578 0.631449 0.548058 0.726574 0.687137 0.481926 0.893134 0.858651 0.889152 0.437006 0.710758 0.676111 0.911746 0.643881 0.799608 0.810504 0.551039 0.467737 0.775108 1.000000 0.775432 0.747126 0.911209 0.742587 0.647179 0.672048 0.571058
0.645672 0.796383 0.908361 0.488382 0.473720 0.269312 0.836121 0.310042 0.477948 0.672934 0.393686 0.550101 0.746753 0.783059 0.608450 0.389656 0.706755 0.850712 0.758896 0.507610 0.288694 0.773636 0.491321 0.413627 0.530114 0.566982 0.381986 0.461160 0.711022 0.765326 0.423407 0.241872 0.932661 0.487289 0.620427 0.481765 0.743826 0.757970 0.558983 0.440544 0.699986 0.341938 0.544720 0.697791 0.702282 0.844610 0.450176 0.487168 0.748401 0.454044 0.516986 0.489002 0.746522 0.758407 0.499626 0.730983 0.490544 0.395656 0.971261 0.621065 1.000000 0.522786 0.834407
0.440939 0.733751 0.604832 0.733015 0.453200 0.605325 0.575580 0.312738 0.635239 0.659366 0.516450 0.677834 0.675917 0.562262 0.569858 0.478072 0.789650 0.642907 0.699140 0.328998 0.573252 0.603322 0.592355 0.696038 0.638282 0.629575 0.521405 0.446825 0.651769 0.897721 0.797741 0.685468 0.400024 0.401850 0.730110 0.397842 0.580949 0.430696 0.315443 0.787529 0.966928 0.760969 0.479051 0.405142 0.643408 0.413206 0.778704 0.937293 0.670212 0.978084 0.745452 0.454085 0.821941 0.996747 0.714633 0.822774 0.745689 0.892021 0.602251 0.603374 0.941148 0.905695 0.925618
