cenop/data/CentralBaltic/salinity0000_04.asc
NCOLS 400 
NROWS 400 
XLLCORNER 4750000.0 
YLLCORNER 3200000.0 
CELLSIZE 1000.0 
NODATA_value -9999 
[rows 297 to 323 of 400, columns 244 to 304 of 400]
8.788345 8.891214 9.042140 9.386253 9.911180 9.027996 9.313798 9.221375 8.030647 9.712278 8.298633 9.002925 9.081613 9.062315 8.404856 9.385600 8.650696 9.274618 8.241278 8.947407 8.908552 8.966420 9.169877 8.946234 9.293345 8.247753 9.607641 8.799346 8.650096 8.695298 9.110287 8.997918 8.222470 8.093326 8.086251 8.813212 7.929688 7.864376 8.953435 7.898965 9.486401 8.317919 8.121006 8.822687 9.443544 8.658468 8.996582 8.548867 8.210322 8.978615 9.017173 8.861760 8.758531 7.934695 8.329343 8.206403 8.552183 8.871580 8.207254 9.046164 8.815881
9.023619 8.933421 9.108716 9.116263 9.466283 8.904933 9.287455 8.925742 9.298289 8.660895 8.679227 8.535107 9.657483 9.640762 8.775420 8.734610 9.254044 7.938332 8.816585 9.068187 8.597853 8.218705 8.981445 8.377830 8.085431 8.892820 8.761261 9.116930 8.858698 8.405493 8.728796 8.914741 8.983472 8.861344 8.187930 8.624570 9.513887 9.150077 8.705498 9.096343 8.976328 8.533031 9.055528 9.324953 8.555063 9.125737 8.754002 8.946783 7.658900 8.241415 7.625907 8.650316 8.465987 9.102060 8.807399 8.380223 9.482446 8.676759 8.692142 8.939923 8.972589
9.052722 8.937956 9.842801 9.488833 8.628129 9.188707 9.301508 8.436032 9.329273 9.219163 9.479107 9.083369 9.323557 8.626069 7.998989 8.814732 9.326700 8.661858 8.190233 8.267469 8.887810 7.937931 8.751871 8.899299 9.051647 9.323424 10.088337 9.230670 8.176718 9.621624 7.940960 9.412424 8.684709 8.630756 8.672349 9.198029 8.486463 8.623996 8.703691 7.660050 8.490476 8.164974 8.498284 9.152614 9.655496 8.737743 8.047019 8.240117 8.525239 7.935690 8.905980 8.771981 9.065754 7.677054 8.735935 9.414107 8.684278 8.141074 8.279594 8.609738 8.583879
8.197432 9.042378 9.176896 9.241727 9.723703 9.178723 9.893125 8.707649 7.749538 9.036456 8.891789 8.396191 9.387399 8.832643 8.791834 9.166045 8.885856 9.270281 8.598597 8.934889 7.762520 9.180971 9.154595 9.691107 9.058211 8.718309 9.066866 9.577827 7.651866 9.185805 8.700544 8.749333 9.092550 9.109634 8.342870 9.244843 8.514175 8.999788 9.302774 8.841979 9.290908 8.588963 8.254357 7.798187 8.852800 9.413465 8.082105 9.458506 7.945987 8.239676 8.697132 8.810315 8.465960 8.980201 7.769587 8.046391 8.682663 8.585542 8.078014 8.747165 8.463621
8.473814 8.925356 8.166193 8.718755 9.013630 8.944971 8.803139 9.709227 8.798246 9.669337 9.034119 8.524483 8.311302 9.269562 9.144882 8.912358 9.065722 9.639638 8.510023 8.784305 9.409290 8.518571 9.466139 8.652973 9.350841 8.297761 8.502800 8.934569 8.153197 8.390854 9.094045 8.674526 8.515022 9.236032 9.436607 9.025418 9.238500 8.991609 8.048663 8.521813 8.489577 7.960990 8.338952 8.471642 8.984955 8.182762 9.207999 6.956513 8.106793 7.553777 8.218302 9.104206 8.253256 8.699999 8.518976 8.810373 8.836583 8.974926 8.313853 8.656302 7.610524
9.303858 9.192719 8.994226 9.188210 9.707712 9.173692 9.441978 9.195684 8.613867 9.839625 8.532259 9.085766 9.077621 8.831539 8.773653 9.514825 9.419422 8.552812 9.812227 8.790266 8.973781 8.651709 8.742070 9.084390 8.070661 7.592021 9.041102 8.244736 9.496190 9.300274 7.652528 8.658278 8.946224 9.128834 7.927440 9.346427 9.281255 9.508761 7.858001 9.690158 8.542740 9.298373 9.229357 9.285351 9.478918 8.663536 8.923736 8.787950 8.860299 7.540424 8.404529 9.028458 9.369998 8.910150 7.178401 8.227763 8.981582 8.677779 8.653340 7.746046 8.385793
8.994738 9.195486 9.341503 9.644800 9.957571 8.766104 8.636205 8.656223 8.771321 9.170070 8.525589 10.094216 7.483892 9.509641 7.435026 8.566064 8.685858 8.993620 8.884644 9.135082 9.173178 7.780685 8.622275 8.888874 9.574343 9.382163 8.782296 8.221685 8.297195 8.009902 8.797905 8.857974 8.102509 8.301066 8.229383 9.139732 9.143878 7.949269 8.754300 9.115895 7.940020 8.821554 8.739651 8.273514 8.751009 8.675057 9.477392 8.947051 8.431860 8.383784 8.651821 8.986298 8.694112 8.842401 8.849795 9.365408 8.079288 7.430774 8.459222 8.194720 8.437474
8.264391 9.362907 9.268386 9.517624 9.103882 8.826027 9.249012 8.382374 9.575542 8.882059 8.571030 9.602002 8.595744 9.649823 8.312198 8.721363 8.990605 8.758816 9.355067 8.908461 8.856281 8.661719 8.894993 8.521571 9.465211 8.978683 9.344502 8.729632 9.042689 8.378401 8.725117 8.523999 8.972855 9.603142 8.689953 8.768575 8.931288 9.031327 8.381512 8.688454 7.582707 8.732220 8.268606 9.468059 8.105221 8.228762 9.291957 8.667297 8.223610 8.372651 8.865829 9.166552 8.579495 8.792971 8.946353 8.409299 8.120334 8.506268 8.386869 8.253141 9.131878
8.858220 8.805940 8.583019 8.941361 8.905990 9.105880 8.309711 9.230083 9.970594 8.693603 8.434443 8.988625 9.341544 8.690159 9.386341 8.694269 8.829866 8.752203 9.035870 9.054198 7.892672 8.580776 9.096981 8.558813 8.955555 8.807678 8.341494 8.454972 9.641096 8.667743 8.994003 9.315823 8.252866 7.908531 8.548188 8.660138 8.090166 8.611753 8.499643 9.182046 8.390778 8.438046 7.772248 9.008561 8.682728 7.827469 9.260095 8.533778 8.177318 7.892912 8.036495 8.386350 7.989991 8.160726 8.544541 8.744371 8.447837 9.102768 7.742886 8.397774 9.781149
8.772563 8.676088 8.682487 8.357442 8.328981 8.251936 9.682429 9.451588 9.182767 8.983727 8.902425 8.998683 8.475870 8.794897 8.627802 8.417937 9.133025 9.191165 8.855656 8.368412 9.476524 8.707643 8.978509 9.446974 8.958953 8.640692 8.384956 9.528108 8.954432 9.218796 8.572136 7.864280 9.531621 10.027615 9.262652 8.691543 8.572492 7.269975 8.161488 8.225449 8.651939 7.811618 8.737810 8.153952 9.050883 9.417279 8.836148 8.628634 8.921842 8.678810 9.551930 7.885359 8.617617 8.495472 8.713744 8.991748 7.970166 9.005461 7.832414 7.591317 9.493672
9.214945 9.059391 8.787311 8.411307 8.016928 7.984997 9.330318 9.557759 8.462288 8.839669 8.645233 8.435224 9.257202 8.715670 9.154548 8.063700 8.424669 8.365682 9.285597 8.495879 9.188880 8.814186 8.802048 8.806465 8.961779 8.514436 8.610825 8.146364 8.866527 9.357265 8.710515 8.564732 8.026871 8.417560 8.597343 8.071267 9.279924 8.657443 8.590841 8.350887 7.916628 8.243715 8.352965 9.144154 8.235128 9.305244 8.845678 8.728175 7.941528 9.072113 7.424669 7.987354 9.149435 8.717687 8.449613 8.351229 8.109429 8.133738 7.871486 7.709122 8.913905
9.487963 9.569783 9.473904 8.668415 8.933259 8.825763 8.609811 8.639374 8.395172 9.658330 9.536052 9.436396 9.042357 8.248442 9.089759 9.335914 8.727856 8.899634 9.563019 9.214760 8.678693 8.849162 8.618417 8.611099 8.125718 8.477639 8.658241 8.615544 8.749173 9.329246 7.651253 8.747252 8.618094 8.551445 9.494276 8.530310 7.782673 8.745909 8.654407 9.281493 8.455043 8.825717 7.765295 8.715897 8.725751 8.106567 7.601026 9.291867 9.196430 8.983158 8.591469 7.750977 8.518199 9.645516 9.182605 8.861292 8.185687 8.639132 8.782700 9.048910 8.307624
8.643940 9.546446 9.258274 8.187771 8.934805 8.741362 9.202847 8.868821 8.665286 9.322586 9.132991 8.930237 8.708489 8.717691 7.763432 8.761068 8.628083 9.400132 8.763124 8.378203 8.799906 8.940396 8.442606 9.528260 8.798648 8.944410 8.619536 8.995691 8.819233 8.624053 8.147962 9.117672 8.713044 9.502459 8.630349 8.705685 7.767126 8.073198 9.188907 10.261768 8.085032 8.041312 8.999112 9.232167 8.621347 8.744810 8.281266 8.765746 7.327442 9.639360 8.635655 8.431661 8.223671 7.153841 8.729099 8.415270 8.744836 7.846762 7.249568 7.911248 8.890520
9.778774 8.761549 8.417515 8.177496 8.869868 9.740884 8.096508 9.000507 9.517594 9.048381 8.662207 9.299624 8.181191 8.464295 8.970965 8.555935 7.920060 9.161410 8.688050 8.846922 7.952710 8.021474 9.715703 8.525028 7.922761 8.573868 8.798424 9.156878 8.646681 9.370434 8.615963 8.490573 8.429857 9.749668 9.515336 8.942411 8.814155 8.782206 8.648138 7.683899 8.736013 8.395563 7.749492 7.981293 9.493161 8.116452 9.468682 8.618784 8.937707 8.346225 8.604556 7.306291 8.290972 8.480677 8.318583 9.612829 7.927901 8.958361 9.876122 7.799340 8.912701
8.828514 8.694369 9.534565 9.231070 8.298148 9.258896 8.088357 9.216324 8.809725 8.147668 8.711802 8.823517 8.909540 8.669780 9.064539 8.726061 8.999201 9.487325 9.194972 8.491074 8.307506 7.600815 8.772944 8.999345 9.042959 9.492713 7.726595 9.270262 9.357238 9.849997 8.779102 7.963749 9.294364 8.493129 8.503817 8.553671 9.859893 8.369087 9.018919 9.377334 8.695570 8.658562 9.499603 8.334667 10.365913 8.504623 9.337092 7.724504 8.277734 7.994849 8.632281 8.687625 8.870152 8.118411 8.516246 7.601075 7.823567 8.789205 9.399083 8.422909 8.556738
8.799628 8.317979 8.453098 8.675382 8.416396 8.554425 9.795013 8.126541 9.074769 8.207230 9.090744 8.741824 9.695572 8.746502 7.667800 9.008334 8.616793 8.475930 8.710356 8.682658 7.331582 8.359298 9.331001 8.888175 9.355417 8.635255 8.857295 8.628204 9.000103 8.422512 8.791376 9.203416 8.717425 8.460803 8.146647 8.781864 8.811775 9.376901 9.132229 8.276837 8.581042 8.777681 8.471515 8.660441 7.630611 8.698146 8.940295 9.014598 8.331118 9.008676 9.082549 8.589900 8.730303 8.049984 8.123521 8.446761 8.244974 8.535563 8.008988 8.670511 8.750348
8.674631 8.268373 9.139941 8.610173 9.116538 7.703783 8.998263 8.385027 8.559850 8.972145 9.238737 8.943050 9.402294 8.980923 8.426920 8.942327 8.578106 8.522527 9.187003 9.152622 8.748876 8.627764 9.612101 9.378881 7.782908 7.783444 8.287945 9.001179 8.952556 7.893712 9.118161 8.528750 8.508035 8.475377 9.077830 8.509952 8.417578 8.399022 8.311694 8.376321 8.339692 8.735028 9.363215 8.174865 8.087722 8.233660 8.727312 7.723202 8.472312 7.823016 8.411756 8.277040 8.786977 8.492468 9.149888 9.236116 9.532231 8.070438 9.450343 8.049808 8.495877
9.302469 9.491050 8.566931 8.550322 8.385249 7.920950 8.607067 9.061913 9.617330 7.721395 8.722583 9.090649 8.780806 8.754931 8.326514 9.054316 7.851195 8.524913 8.270566 7.954840 8.292832 8.369213 7.453578 8.855061 8.661939 9.308041 8.708282 8.323303 8.389680 8.813304 8.929797 9.183711 8.604978 8.221159 8.857020 8.181550 9.030632 7.803360 9.246451 8.621132 8.150051 8.857259 9.059656 8.894199 8.851356 8.896618 8.596480 8.970902 9.582402 8.588111 8.035593 8.258629 8.293988 8.147768 8.834969 9.105942 8.183077 7.687124 8.632292 7.788762 9.378306
8.624924 8.421900 8.572079 8.958833 8.437170 8.343418 8.431550 9.183900 8.444367 8.903565 9.760145 9.456305 8.638178 8.265075 8.589798 8.270191 9.205644 9.417337 9.149967 8.970334 8.232994 8.315708 8.409213 8.413310 8.516028 8.299905 8.044989 8.430203 8.156737 8.576487 8.186920 7.872641 8.354552 9.043213 8.116861 8.574830 8.218196 8.884272 8.680164 8.600959 9.024944 7.947471 8.178605 9.254817 8.743049 9.874547 8.205780 9.084726 9.216948 7.821364 8.893256 8.479530 9.101989 7.557660 8.211044 9.179888 9.343118 8.310813 8.371179 7.879306 9.602357
8.452745 9.244865 8.912376 8.545872 8.777282 9.036748 9.372493 7.623637 8.530267 8.367663 9.112875 9.380919 8.065109 8.470339 8.368831 9.009931 8.976445 8.739726 8.522470 8.316318 8.714211 8.037296 8.970952 8.790991 9.253778 9.012451 9.389340 9.331297 8.319159 8.742559 8.817430 8.844254 8.706803 8.037600 8.590225 9.192778 8.579575 8.641740 9.089629 8.553226 8.395498 9.099146 8.467482 8.892470 8.914721 8.705438 7.865584 8.998394 8.966753 8.471332 8.919792 8.963825 8.639002 8.662996 9.257437 8.423279 8.740271 8.940396 8.612737 8.496741 8.898364
8.214776 9.296234 8.363384 8.016166 8.313240 8.087486 9.418364 9.006224 9.066756 8.560183 8.844688 8.692929 8.420872 8.208446 9.044496 9.145025 8.458550 9.305450 8.549084 7.899709 9.469134 9.234324 8.377476 8.634288 8.899493 8.397880 8.193361 8.633134 8.468882 8.657348 9.679886 8.737226 8.171842 9.179940 8.935615 9.094895 8.823182 8.834414 8.533206 8.982143 7.923599 8.063284 8.467470 8.044933 8.837797 8.896201 8.114227 9.576409 8.323750 8.626051 8.389802 8.445052 8.287728 8.371444 8.113893 8.106482 9.014621 9.161507 9.247731 8.427786 8.782337
10.400197 8.070983 9.218980 8.588115 8.912570 8.972333 8.230412 8.579131 8.994660 9.669161 8.845729 8.824779 8.239140 8.277371 9.479546 8.790671 8.493248 8.578145 8.653542 8.640285 8.734088 8.896328 8.842371 8.244033 8.031818 9.033642 8.443626 8.481205 8.908346 8.020825 9.335463 7.744310 8.370136 8.716658 8.225446 8.771155 8.264439 9.264719 9.323628 8.187253 7.816806 8.345741 7.966564 8.643861 9.698212 8.275628 8.084015 8.384433 8.768750 9.004476 8.516098 8.078168 8.849488 8.516787 9.394323 8.534366 9.639992 8.047080 7.680357 8.280759 9.242367
8.978476 9.270634 8.129256 9.292249 9.066346 8.025727 7.513798 8.160525 8.180127 7.919317 9.285316 9.244273 8.833692 8.545740 8.930211 8.540353 7.721207 8.685807 9.116627 8.525103 8.193982 9.353664 9.052984 7.854828 7.902638 8.808629 9.471795 8.200149 8.982354 8.641324 8.517839 8.244513 8.628359 8.603572 9.391610 8.699367 8.215649 8.701557 8.442519 9.188092 8.948257 8.281497 8.528616 8.006312 8.586221 9.018623 8.810507 9.154025 8.785205 8.985418 8.774278 8.597527 9.416711 7.970265 8.597925 8.368254 8.429761 8.887916 8.905070 8.325501 8.432772
8.332261 8.342519 8.141719 8.130000 8.996975 9.038110 8.785655 8.610587 8.705859 7.951874 8.850374 9.845647 8.690026 8.984770 8.317012 8.903578 8.874954 8.906586 8.461040 8.582789 8.259916 9.224121 9.379051 7.432156 9.574543 8.839079 8.723053 8.369031 8.798348 9.313012 9.136256 8.477393 8.903357 8.735545 9.260481 8.303484 8.656227 8.082445 9.202238 7.943034 9.405511 7.926972 9.934608 9.125775 8.327102 8.589437 8.619758 8.232603 8.117725 8.288209 9.412042 8.118006 7.808810 8.882701 8.855607 8.277482 8.851589 9.267110 8.894686 8.380702 7.971565
9.041104 8.940928 9.691907 9.304077 8.456768 8.144573 8.254594 9.094242 8.619238 9.839936 8.643632 8.518987 9.957015 8.611799 7.635789 8.251604 8.845567 8.831401 8.037577 8.502951 9.035235 9.417174 9.092727 8.908002 8.345412 8.746192 8.645764 8.964082 8.149848 8.829780 8.807482 8.369579 8.636906 8.978711 8.857025 8.433653 8.200261 9.037459 9.091439 8.343641 8.580768 8.380105 8.196752 8.480158 7.618070 8.447224 7.969053 8.786495 8.509743 8.487203 8.785686 8.837466 7.631497 8.294768 8.159707 8.848883 9.303703 8.449068 8.677432 8.748681 7.928157
8.320482 8.661996 8.713391 8.153248 8.181383 8.770159 8.812275 9.566276 8.157590 9.340805 8.079328 9.335916 8.843372 9.479765 8.634025 8.884544 8.205902 9.170938 8.012152 10.034639 9.006709 8.415688 7.801781 8.399907 9.056193 8.610044 8.667373 8.410809 8.263355 8.767184 9.258409 8.941223 8.997302 8.173381 8.475589 9.498054 8.633659 9.071884 8.193549 8.133644 9.340177 7.600352 8.280686 8.561174 8.559320 8.326996 9.481231 7.918385 8.604094 8.584571 8.788481 8.796813 8.353062 8.356222 7.860559 8.832978 8.163327 8.251823 7.852334 7.790430 8.348597
8.761305 8.207387 7.974045 8.986349 9.272311 9.887717 9.694589 8.473873 8.903219 8.570418 8.957241 8.591298 8.691644 7.873535 8.388714 8.833199 8.775188 8.155974 8.279309 8.243181 8.894470 8.103847 8.157448 8.301680 8.534990 8.590033 7.560780 8.713931 7.543435 8.031370 8.906698 8.765346 7.616270 9.140068 8.749101 8.472794 8.347797 8.630204 8.757373 8.735506 7.821471 8.671520 9.378347 7.819033 8.737822 8.716187 9.157483 8.506438 8.224881 8.442721 7.388929 9.516997 8.414308 8.946541 8.493312 8.840240 8.678526 8.251709 7.658004 8.199433 7.704321
