cenop/data/CentralBaltic/salinity0000_04.asc
NCOLS 400 
NROWS 400 
XLLCORNER 4750000.0 
YLLCORNER 3200000.0 
CELLSIZE 1000.0 
NODATA_value -9999 
[rows 0 to 26 of 400, columns 0 to 60 of 400]
-9999 -9999 -9999 -9999 -9999 -9999 -9999 -9999 -9999 -9999 -9999 -9999 -9999 -9999 -9999 -9999 -9999 -9999 -9999 -9999 -9999 -9999 -9999 -9999 -9999 -9999 -9999 -9999 -9999 -9999 -9999 -9999 -9999 -9999 -9999 -9999 -9999 -9999 -9999 -9999 -9999 -9999 -9999 -9999 -9999 -9999 -9999 -9999 -9999 -9999 -9999 -9999 -9999 -9999 -9999 -9999 -9999 -9999 -9999 -9999 -9999
-9999 -9999 -9999 -9999 -9999 -9999 -9999 -9999 -9999 -9999 -9999 -9999 -9999 -9999 -9999 -9999 -9999 -9999 -9999 -9999 -9999 -9999 -9999 -9999 -9999 -9999 -9999 -9999 -9999 -9999 -9999 -9999 -9999 -9999 -9999 -9999 -9999 -9999 -9999 -9999 -9999 -9999 -9999 -9999 -9999 -9999 -9999 -9999 -9999 -9999 -9999 -9999 -9999 -9999 -9999 -9999 -9999 -9999 -9999 -9999 -9999
-9999 -9999 -9999 -9999 -9999 -9999 -9999 -9999 -9999 -9999 -9999 -9999 -9999 -9999 -9999 -9999 -9999 -9999 -9999 -9999 -9999 -9999 -9999 -9999 -9999 -9999 -9999 -9999 -9999 -9999 -9999 -9999 -9999 -9999 -9999 -9999 -9999 -9999 -9999 -9999 -9999 -9999 -9999 -9999 -9999 -9999 -9999 -9999 -9999 -9999 -9999 -9999 -9999 -9999 -9999 -9999 -9999 -9999 -9999 -9999 -9999
-9999 -9999 -9999 -9999 -9999 -9999 -9999 -9999 -9999 -9999 -9999 -9999 -9999 -9999 -9999 -9999 -9999 -9999 -9999 -9999 -9999 -9999 -9999 -9999 -9999 -9999 -9999 -9999 -9999 -9999 -9999 -9999 -9999 -9999 -9999 -9999 -9999 -9999 -9999 -9999 -9999 -9999 -9999 -9999 -9999 -9999 -9999 -9999 -9999 -9999 -9999 -9999 -9999 -9999 -9999 -9999 -9999 -9999 -9999 -9999 -9999
-9999 -9999 -9999 -9999 -9999 -9999 -9999 -9999 -9999 -9999 -9999 -9999 -9999 -9999 -9999 -9999 -9999 -9999 -9999 -9999 -9999 -9999 -9999 -9999 -9999 -9999 -9999 -9999 -9999 -9999 -9999 -9999 -9999 -9999 -9999 -9999 -9999 -9999 -9999 -9999 -9999 -9999 -9999 -9999 -9999 -9999 -9999 -9999 -9999 -9999 -9999 -9999 -9999 -9999 -9999 -9999 -9999 -9999 -9999 -9999 -9999
-9999 -9999 -9999 -9999 -9999 -9999 -9999 -9999 -9999 -9999 -9999 -9999 -9999 -9999 -9999 -9999 -9999 -9999 -9999 -9999 -9999 -9999 -9999 -9999 -9999 -9999 -9999 -9999 -9999 -9999 -9999 -9999 -9999 -9999 -9999 -9999 -9999 -9999 -9999 -9999 -9999 -9999 -9999 -9999 -9999 -9999 -9999 -9999 -9999 -9999 -9999 -9999 -9999 -9999 -9999 -9999 -9999 -9999 -9999 -9999 -9999
-9999 -9999 -9999 -9999 -9999 -9999 -9999 -9999 -9999 -9999 -9999 -9999 -9999 -9999 -9999 -9999 -9999 -9999 -9999 -9999 -9999 -9999 -9999 -9999 -9999 -9999 -9999 -9999 -9999 -9999 -9999 -9999 -9999 -9999 -9999 -9999 -9999 -9999 -9999 -9999 -9999 -9999 -9999 -9999 -9999 -9999 -9999 -9999 -9999 -9999 -9999 -9999 -9999 -9999 -9999 -9999 -9999 -9999 -9999 -9999 -9999
-9999 -9999 -9999 -9999 -9999 -9999 -9999 -9999 -9999 -9999 -9999 -9999 -9999 -9999 -9999 -9999 -9999 -9999 -9999 -9999 -9999 -9999 -9999 -9999 -9999 -9999 -9999 -9999 -9999 -9999 -9999 -9999 -9999 -9999 -9999 -9999 -9999 -9999 -9999 -9999 -9999 -9999 -9999 -9999 -9999 -9999 -9999 -9999 -9999 -9999 -9999 -9999 -9999 -9999 -9999 -9999 -9999 -9999 -9999 -9999 -9999
-9999 -9999 -9999 -9999 -9999 -9999 -9999 -9999 16.842257 16.972606 17.151550 17.013854 17.439002 17.662519 17.126976 17.448829 16.868837 17.043898 17.741270 17.984348 17.378190 17.887126 16.819572 16.816460 17.741653 17.476815 17.047103 17.268512 17.597576 17.321556 16.574037 16.195830 17.188952 16.951971 16.216831 17.307346 17.456676 16.546749 16.666054 17.370900 17.498206 17.182894 16.433589 16.586474 16.966609 16.597036 16.723553 16.345606 16.587552 17.518108 16.530638 16.896239 16.957723 17.082424 15.671385 17.075778 16.110101 16.291270 16.617201 16.756817 16.351939
-9999 -9999 -9999 -9999 -9999 -9999 -9999 -9999 19.117027 16.720499 18.200254 17.769412 17.192629 17.820204 17.166875 16.816974 17.189895 17.516774 17.551123 17.594583 17.719794 17.797954 17.970045 17.342532 17.516026 17.217866 16.841324 16.366765 17.654975 17.123668 16.785271 18.306311 16.075412 17.112476 17.374877 16.530514 16.270199 17.657680 15.929321 16.225891 16.977630 17.072399 16.099564 17.789657 16.140099 17.047655 16.949570 16.706380 16.326899 17.134795 16.497860 16.290530 16.395741 16.308489 15.670956 16.208929 15.973249 15.835485 16.735682 16.091938 15.568676
-9999 -9999 -9999 -9999 -9999 -9999 -9999 -9999 17.272910 17.165700 17.444525 17.555812 17.364904 17.859996 17.554828 18.333648 17.238974 17.616616 17.288475 16.859160 16.589340 16.673603 17.625816 17.804075 17.364026 16.872637 16.892705 16.777766 17.301939 17.000464 16.593860 17.143712 17.304568 16.935941 16.333496 16.892223 16.221339 16.632695 15.970005 16.741162 17.283345 17.353238 15.733010 16.892921 15.796292 15.888578 17.180627 16.371190 16.899584 16.402150 17.518230 16.582400 15.826569 17.211595 16.232245 16.649901 15.416599 16.599805 16.591267 16.719368 16.650597
-9999 -9999 -9999 -9999 -9999 -9999 -9999 -9999 17.613301 17.892980 17.577759 17.513430 16.814039 17.748035 17.556511 17.629682 16.961564 17.162373 17.340736 17.033227 17.472590 16.548262 16.467137 17.757462 17.300724 16.515095 17.367493 16.033358 16.857419 17.842130 16.887806 17.063799 17.826595 16.025129 16.918348 15.954200 17.024318 17.543483 16.750700 16.928234 17.090781 16.868233 17.246414 15.878705 17.097103 16.082686 17.311906 17.086188 15.352536 16.338278 16.227371 16.299193 16.059704 16.613470 16.231534 16.368512 16.499785 16.802620 16.209731 17.078135 16.899142
-9999 -9999 -9999 -9999 -9999 -9999 -9999 -9999 17.468695 17.761979 16.799486 17.861949 16.521718 18.052834 18.549049 18.143618 16.713252 16.778512 17.722629 17.108230 16.693364 17.973322 17.464478 16.873869 16.900460 16.873143 17.453871 16.719757 17.090591 16.699476 17.598514 16.298085 16.596888 17.806844 17.142929 16.450966 16.401762 16.394394 17.384246 17.231128 17.398220 17.612155 16.584149 16.793219 16.541685 15.517789 16.815462 16.840066 16.682209 16.916775 15.648552 16.372419 17.231438 16.660680 16.868812 16.919036 16.392876 17.068583 16.095667 16.123766 16.111516
-9999 -9999 -9999 -9999 -9999 -9999 -9999 -9999 17.823889 17.154844 18.009300 17.811616 17.675268 18.252421 17.388019 17.143594 17.042276 17.861383 17.567286 16.587649 17.419725 17.888291 17.042649 17.375972 17.794224 16.375714 16.854962 17.127534 16.530674 16.470276 16.199779 17.534977 16.099095 16.700296 16.777494 16.353353 17.545924 16.951773 16.148633 16.007197 16.948544 16.015222 17.481779 17.469248 17.805196 16.940533 16.677150 16.319374 17.607307 16.367246 17.123302 16.815365 16.396480 17.210125 17.108155 16.035359 16.355656 15.992063 15.250351 16.399913 15.869923
-9999 -9999 -9999 -9999 -9999 -9999 -9999 -9999 17.132517 17.276140 17.125842 17.856741 17.029245 17.154636 16.769449 17.252131 17.649899 17.270430 18.030161 17.670325 16.362087 17.277288 18.161090 15.393151 17.163501 16.959604 16.705158 17.157511 16.137970 17.348651 16.886372 16.290818 17.662353 16.592707 16.921964 17.663304 17.253531 18.014046 17.449128 16.503723 16.949958 16.164236 17.414242 16.677654 16.640612 16.112338 16.961131 17.041266 16.110166 17.026440 16.185489 17.257074 15.916562 16.767763 16.119716 16.257917 16.511002 15.585759 15.815768 17.056295 17.003417
-9999 -9999 -9999 -9999 -9999 -9999 -9999 -9999 16.972021 17.128565 17.276285 16.599842 17.302703 17.048074 17.313387 17.965121 17.010554 17.971001 17.152508 16.697596 16.530994 16.358851 16.756724 16.727824 16.600144 16.389083 17.750866 17.000141 17.008546 16.721872 17.707138 16.843126 17.663092 17.074462 15.978778 16.754391 17.519225 16.622726 16.792658 15.910236 16.905557 16.443216 16.799027 17.090452 17.218504 16.749797 17.236715 16.456184 16.605390 15.788819 16.442720 16.292366 15.833512 16.561555 16.527729 16.607241 15.662366 16.288789 15.858598 15.696411 15.779426
-9999 -9999 -9999 -9999 -9999 -9999 -9999 -9999 16.937686 17.372782 18.004027 17.047945 17.548802 17.222496 17.137329 17.984626 16.686690 17.473416 16.978715 17.674845 16.622588 16.627464 17.216841 18.462176 16.909202 17.008283 16.365853 17.065611 16.772443 17.963433 17.068647 16.922882 16.802965 17.124735 16.646973 17.055413 15.963251 16.190950 15.846835 17.286452 17.343041 16.790784 15.932639 17.565512 16.221986 16.555789 16.955274 16.541717 15.802617 16.727864 16.027205 16.027365 16.401690 16.959351 15.911171 16.230655 16.401264 15.971683 16.345541 16.344206 16.017040
-9999 -9999 -9999 -9999 -9999 -9999 -9999 -9999 17.666003 17.120543 17.319378 16.778423 17.120764 18.452014 17.040755 17.213650 17.071568 16.902610 16.796655 18.725397 17.362824 17.212845 17.208243 16.273002 16.181733 16.924679 16.642323 17.149581 15.981727 17.299992 16.791145 17.365939 16.095148 16.567508 16.650273 16.431502 17.174603 16.082522 16.895696 16.979232 16.895970 16.653137 16.700381 17.051576 15.237396 16.481920 16.649198 16.021028 16.874697 16.491931 17.001052 16.210637 16.424555 16.462943 17.272081 16.453863 16.101683 16.220077 16.026569 16.509805 16.591183
-9999 -9999 -9999 -9999 -9999 -9999 -9999 -9999 17.527098 17.708416 16.860465 17.936338 17.214152 17.028318 17.442027 16.812095 17.216062 17.212264 17.315770 17.915511 16.938200 17.017388 18.147961 17.625412 18.365557 16.992372 16.581359 17.146592 17.986982 15.979435 16.797854 16.848550 16.717962 17.211748 15.887301 16.661272 16.308933 16.613155 17.616368 17.546095 16.327511 16.184557 15.962017 17.038147 16.723688 16.303615 16.586858 16.716538 16.871579 15.630256 15.609996 16.627186 16.041072 15.871128 16.197174 16.211938 16.246280 16.500520 16.371279 16.040898 15.521406
-9999 -9999 -9999 -9999 -9999 -9999 -9999 -9999 16.257492 16.294992 16.927789 16.215989 17.255180 17.319897 18.133293 16.506973 16.910566 17.572588 17.515891 17.206187 17.037800 16.659977 16.742844 16.620618 16.506988 17.077071 17.535284 16.606707 17.010586 17.015934 17.310854 17.041383 16.625757 17.051216 17.126931 16.632656 16.584105 15.809473 16.145903 16.618824 16.462784 16.576432 16.438316 15.378290 17.254390 17.392566 15.645279 17.025166 15.539303 15.892161 17.004188 15.694899 16.502864 16.323001 16.416302 16.483246 15.846582 15.153105 16.376365 15.540890 15.963574
-9999 -9999 -9999 -9999 -9999 -9999 -9999 -9999 17.488571 17.735596 17.901755 17.167746 18.002366 17.425285 17.241384 16.828087 16.349052 16.880898 17.787524 16.957520 16.705145 17.814565 17.157314 17.058386 16.082090 17.064672 15.995909 16.075974 16.617792 16.565968 16.585574 16.806940 16.899157 17.261327 17.305460 17.917719 17.020728 17.644000 15.835615 15.988594 17.280773 16.349161 16.307877 16.744021 15.812838 16.370227 17.017856 16.802998 16.552022 17.215163 16.613544 15.990273 16.099019 15.882489 17.207962 16.326249 16.590050 15.983095 15.879523 15.487683 15.587286
-9999 -9999 -9999 -9999 -9999 -9999 -9999 -9999 16.105685 15.983150 16.279367 16.738776 17.171245 17.066860 17.356732 17.793859 17.066698 18.000097 17.214112 16.122934 16.988580 17.978904 17.292385 17.796659 16.981321 17.253235 17.012067 17.070949 17.417651 15.011864 15.822767 16.856828 16.687581 16.226463 17.430763 16.879191 16.632565 16.262272 16.564831 16.341457 17.589128 16.581322 16.991270 17.416141 16.479960 15.480207 16.339051 16.684065 16.487623 16.007332 15.793144 15.813410 16.290151 16.286388 16.459157 16.362385 17.317781 15.441142 16.294843 16.642400 16.512959
-9999 -9999 -9999 -9999 -9999 -9999 -9999 -9999 16.667520 16.718832 17.238937 16.932638 18.504049 18.189357 16.619913 16.980765 16.562396 16.558098 16.637061 16.987547 16.981111 16.773763 16.170264 16.900941 16.281018 16.344410 17.840735 17.033525 16.630890 16.281514 16.638631 16.452839 16.797518 16.057712 15.805444 16.892248 17.268776 16.614805 16.580313 16.649399 16.527887 16.162000 16.223042 15.900835 16.424294 16.575723 16.358691 16.826210 16.695317 16.419830 16.859606 15.228902 16.280841 15.800690 15.868082 15.938743 16.486301 16.316382 15.536385 16.688679 15.869849
-9999 -9999 -9999 -9999 -9999 -9999 -9999 -9999 17.377870 16.663253 17.425493 17.987835 17.197811 17.042968 16.887150 16.381899 16.935650 17.242887 16.492109 16.648811 16.685807 16.979835 16.444670 17.075247 16.615102 17.213518 17.388029 16.237394 17.774786 16.827266 17.071209 15.387258 15.964453 17.035543 16.630862 16.892085 17.315699 17.200596 17.025865 16.838587 17.255282 15.619164 15.841528 16.453057 17.309276 15.570824 16.523966 16.813105 16.301598 16.528039 15.486564 15.449578 16.152576 15.707567 16.095205 15.161723 15.846673 16.196183 16.161292 15.763674 16.100555
-9999 -9999 -9999 -9999 -9999 -9999 -9999 -9999 17.553832 16.823568 17.101376 16.653851 16.828813 17.842586 17.119477 16.708909 16.977415 17.968193 16.700501 17.339520 16.925022 16.406029 16.132384 16.509164 17.757768 16.625999 16.631006 17.302145 16.770314 16.464487 16.163784 17.252896 16.506917 16.325551 16.337174 16.435252 16.985608 17.112435 16.451749 16.218795 16.507155 16.509244 15.860161 15.628234 15.858453 16.569027 16.260271 17.422718 16.263668 16.037533 15.358047 16.378999 16.216101 16.129111 15.806883 15.591276 15.562466 16.670455 15.196973 15.566381 16.225628
-9999 -9999 -9999 -9999 -9999 -9999 -9999 -9999 17.423733 17.458314 16.994829 18.446069 17.334147 17.358622 17.165456 17.612001 17.002656 16.646423 16.839220 16.927171 15.675399 17.014234 17.146359 17.247746 16.244835 16.995793 16.618681 17.125518 16.114824 16.883720 16.584933 16.572442 16.325030 17.590655 16.492748 17.020148 15.928114 16.572106 16.814629 17.095475 16.048728 16.348301 16.147285 16.842379 15.956766 15.617673 15.813745 16.403850 15.759383 15.918732 17.075855 16.366945 16.382891 16.171009 15.731309 16.852959 16.221097 15.796595 15.169611 15.566734 15.833495
-9999 -9999 -9999 -9999 -9999 -9999 -9999 -9999 16.978996 17.076829 16.540248 17.528888 17.210533 16.414700 16.117639 16.667547 17.394003 16.885873 17.723849 15.934239 17.178611 17.108960 17.032976 16.643865 17.327578 17.130908 17.145315 15.567207 16.096210 16.613639 17.630077 16.968209 16.549375 16.914738 17.174924 16.881066 16.569546 16.879481 15.823153 16.112176 16.022492 15.971620 16.989451 16.215361 16.400079 15.667628 16.227744 15.898290 15.509282 16.507018 15.602720 16.295981 15.710432 15.583488 16.010301 16.083733 16.802184 15.671025 15.483969 15.549155 16.497376
