cenop/data/CentralBaltic/salinity0000_05.asc
NCOLS 400 
NROWS 400 
XLLCORNER 4750000.0 
YLLCORNER 3200000.0 
CELLSIZE 1000.0 
NODATA_value -9999 
[rows 135 to 161 of 400, columns 186 to 247 of 400]
10.502579 11.374042 10.874252 10.911236 9.593698 10.533647 11.284804 11.116507 10.078025 10.960755 10.788913 10.439877 10.208150 11.021532 10.222432 10.218068 10.319735 11.035936 10.415358 10.960125 9.719397 10.235886 10.333834 10.021026 9.753164 10.133661 9.659364 9.948389 10.394372 10.775389 10.299885 10.461260 10.118717 9.831428 11.053368 9.858146 10.431574 11.323038 9.928952 10.013260 9.883622 10.592332 8.994934 10.673777 10.206836 9.518247 11.385522 9.811328 9.632450 10.315235 9.361510 9.590849 10.073855 9.910714 10.567682 9.209602 9.347123 10.512569 10.121907 8.994695 9.953093 9.385845
10.830372 10.836208 10.610880 10.302610 10.435824 9.886594 9.944235 9.800132 10.557013 11.343737 9.752753 10.624605 11.275324 10.615361 10.026492 10.520843 10.672073 10.164965 9.925791 10.369597 10.575269 10.550271 10.702777 10.385844 9.951066 10.091772 10.363205 10.934213 10.517696 10.292704 9.600211 10.377506 9.628537 11.058784 10.276699 9.724554 9.652311 10.691182 9.134528 10.482833 10.480168 9.488611 10.713435 10.052866 9.966222 10.783556 9.277938 9.941463 9.969733 10.240912 9.870492 10.102630 10.213761 10.179429 9.108567 9.592080 9.085281 9.581789 9.605851 9.506829 9.731708 10.223535
10.628491 10.840313 10.336936 10.205165 10.002440 10.139641 11.200581 10.847976 9.859129 11.463561 10.700811 9.950360 9.972522 10.259727 9.832455 9.382976 10.371519 9.162392 10.594968 9.539908 9.866069 10.472980 10.273329 11.198801 10.315041 9.893817 9.925375 11.438427 10.650017 9.693735 10.862964 10.118331 9.962894 10.670135 10.451298 10.178509 10.596398 10.257541 9.929802 10.092540 10.536006 11.281929 10.955970 10.891611 9.710038 9.638933 9.345731 10.594769 9.577175 10.572269 10.053243 9.959109 10.077746 10.349971 9.404629 9.937006 9.636395 9.108049 10.269132 9.165213 10.939857 9.484727
9.597577 10.182991 10.213831 11.063742 10.472330 9.722411 10.766565 10.105886 10.303031 11.017719 10.969194 9.719310 10.014416 10.328983 9.682619 9.906720 9.638489 10.531514 10.084748 9.752853 10.645945 11.222119 10.727595 11.091104 10.076880 10.499223 9.383327 9.923436 10.663773 9.915667 9.689540 10.619579 10.207156 10.643211 9.825093 10.637644 10.354274 10.403953 9.306534 9.808193 9.673417 9.704269 9.372350 9.854876 9.856483 10.194441 9.252620 10.383790 9.482727 10.359837 10.031851 9.654144 10.369423 8.977404 9.390130 9.670693 9.317452 10.226967 9.724022 9.426206 9.842094 9.413835
10.285207 10.766744 9.819494 10.664593 10.906670 11.543921 10.654618 10.830369 10.586805 10.504415 10.363494 10.922981 10.496736 10.269068 11.028677 10.185718 10.894831 10.102501 9.349325 10.843106 10.634425 10.263487 11.231629 10.643166 9.924679 9.804016 9.892461 11.137509 9.906893 11.214495 10.310760 10.216103 9.528845 9.584305 9.577909 10.216986 10.414718 10.775248 9.535529 9.458543 8.998423 9.526195 9.396809 10.360475 9.976391 11.010691 9.490100 10.818722 10.260515 11.242295 10.321971 9.747713 10.633038 9.436376 9.284009 9.404956 9.694878 10.469563 9.426084 9.376623 9.860006 9.444888
10.585768 10.888930 10.617286 11.059619 10.590458 10.989410 10.046212 10.844569 9.562337 9.726974 10.265576 10.347538 10.946336 11.617474 10.448902 10.132379 10.749860 10.508649 9.441516 9.773367 11.024490 10.591612 8.820653 9.461135 9.938606 10.218241 10.773800 10.517840 10.246709 9.735214 9.675985 10.330140 9.911281 9.769584 9.430934 9.580035 9.330711 10.742469 9.347808 9.098536 9.761008 10.467855 9.959172 10.143695 9.819972 10.169939 9.367842 9.186855 10.020167 10.228657 9.519163 9.712435 9.790394 9.579937 9.495302 10.028753 9.553186 10.197485 10.126523 10.240266 9.256818 9.400568
10.193501 10.835445 10.082809 10.708093 9.400808 9.947294 10.002089 10.813741 10.122573 10.651915 10.798720 10.239084 9.939694 10.055745 11.159409 10.205664 10.632377 10.726859 10.751651 10.422952 11.207440 9.591677 10.145767 10.459430 9.981935 11.018297 10.344549 10.808491 10.549589 9.881718 10.099531 10.174491 11.068102 9.151398 10.611530 10.804778 9.868221 9.738582 9.686065 10.012491 8.964330 9.734419 9.892157 9.496718 9.922515 9.291309 8.932381 9.298888 9.775135 9.835710 10.222392 9.769474 8.960838 10.785380 10.037160 9.586735 10.223081 9.031085 9.238807 8.962370 9.744107 9.593529
10.661132 10.953519 10.947376 11.118663 10.834081 10.627106 11.151006 11.472861 10.312583 10.601015 10.952249 10.644593 9.993202 11.131284 10.637540 10.033380 10.174067 10.402290 10.588761 10.326377 9.322095 9.863261 10.442882 10.339550 9.675876 10.337961 10.141154 10.207105 10.131620 11.275910 10.839818 9.985549 9.569843 8.901856 9.769205 9.289341 9.331189 10.188584 9.865821 9.222195 11.011872 9.707145 10.439325 9.958947 10.754313 9.263496 10.481574 9.415295 9.581218 9.585911 10.092687 10.091711 8.905308 10.184117 9.426930 8.855364 9.602470 10.084980 9.649085 9.630992 9.795151 9.601197
11.453378 10.148222 10.224220 10.975559 10.471867 9.890791 11.165812 10.622503 10.482781 9.861746 9.826012 10.308899 9.693049 9.668037 9.396554 10.786952 10.852045 10.160739 9.914663 10.080189 10.435246 9.967593 10.568253 10.343426 10.065608 10.064532 10.259562 9.672908 10.515875 11.147345 9.241088 10.641155 10.173335 9.410523 10.450080 10.526607 10.041335 10.410753 9.282673 9.962671 8.939760 10.197190 9.842993 10.436537 8.884132 10.222681 9.797345 9.872104 9.977099 9.410850 9.365948 8.940180 9.544684 9.375028 9.126025 9.721840 11.040350 9.909135 9.417601 9.727861 10.065566 10.160117
10.490100 10.478637 9.915428 11.657267 11.252329 10.844350 9.725036 10.997200 10.686755 10.505026 9.923947 10.321547 10.637943 9.987673 10.194130 10.103063 10.475177 10.751050 10.295017 10.959124 10.304833 10.495290 9.845883 9.786529 9.687877 10.822296 9.778503 9.733780 10.369573 9.515055 10.147185 9.921750 10.666524 10.028349 10.273145 10.364708 10.092549 9.479904 9.372962 9.170432 9.560760 10.033242 9.750006 10.464302 9.581860 9.655010 10.110009 9.334712 10.111425 10.303674 9.874448 9.875994 10.120779 9.710024 10.284083 10.407839 10.239181 9.967137 9.497115 9.489258 8.919122 10.029476
10.336325 10.080192 9.948685 11.032198 10.435457 10.300362 9.970475 10.481424 10.138569 10.329979 10.554590 10.211160 10.798676 10.380604 10.115834 10.873768 10.019701 10.490834 9.695060 10.368324 9.857287 9.942643 9.991779 10.497242 10.123447 10.863719 10.501846 10.552031 10.115860 9.366298 9.935333 10.342422 10.732958 9.250778 9.663001 10.031459 10.115762 9.638951 10.131118 9.850354 10.069610 10.100804 10.048620 9.326088 10.762086 10.138428 10.742798 10.428420 10.540457 9.756843 9.513355 9.904511 9.619317 9.486057 8.934802 9.331255 9.850212 10.290839 9.590826 9.572391 10.127683 10.487916
10.845425 11.375268 10.794920 10.673294 10.463706 11.318081 10.977265 11.107153 10.087098 10.841794 10.365620 10.771715 11.520397 10.376835 10.350633 10.062230 10.983768 10.140679 9.599374 10.486982 9.939432 10.633872 10.864890 10.325926 10.489698 10.098878 9.848426 10.350350 9.893189 10.822800 9.903892 9.383539 10.166328 9.751814 9.367159 10.590279 9.233714 8.916732 9.265542 9.387739 10.352576 9.163047 10.122396 10.225814 9.915222 10.410519 10.006844 10.509255 9.560615 9.487720 9.768353 9.238487 9.471003 9.114319 9.147115 8.460020 10.121132 9.232289 10.352960 9.818608 9.237161 9.517943
9.932454 9.879273 9.799618 10.686731 11.065167 10.252548 9.488073 11.292211 10.511101 10.493336 10.918656 10.925759 10.813151 10.505628 9.892662 9.965753 10.755313 11.132728 10.368834 10.349549 11.176782 10.604721 10.282449 10.016559 10.019323 10.386929 10.283394 9.944537 10.065616 9.697274 9.336702 10.105354 9.832209 10.211238 10.108437 9.564409 9.851257 9.572060 10.774439 9.570081 10.141105 9.668914 10.526475 10.110022 9.938933 10.143352 10.045272 9.505706 10.590832 9.723975 10.042828 9.381213 10.102401 9.147856 9.758597 9.286500 9.289933 9.408161 9.805677 8.705632 9.792943 9.716393
10.741222 10.219929 11.096617 10.461721 9.207202 9.778769 9.717113 10.597185 10.192162 10.152664 9.825923 10.343707 9.404695 9.873713 9.456462 10.387222 9.885717 9.627198 10.199824 10.586014 10.260831 10.393277 10.009516 10.726021 10.358103 9.024722 11.617697 9.870666 10.295294 10.506605 10.902516 11.157432 10.123131 10.078536 9.465539 10.059780 9.597573 9.566339 10.276912 9.700777 9.626499 10.147366 10.332116 10.575642 10.030472 9.221148 9.920207 9.481655 10.342003 9.579013 9.685893 10.406877 8.923542 9.513028 10.013842 9.690489 10.343806 9.411864 9.023865 9.628804 9.272810 8.947258
10.995889 10.170234 11.023169 10.500398 10.286574 11.171716 11.007841 10.116186 10.417667 11.267260 11.297086 10.624747 10.344554 11.128200 10.015739 10.203671 9.927118 9.981251 10.165280 10.160433 10.698041 9.570247 10.063540 10.034669 10.248743 9.799763 10.503669 10.286629 10.485047 10.012142 10.535112 10.935041 10.089617 10.064656 9.519764 9.813876 9.570914 9.884789 9.928705 9.813206 10.106705 9.532294 9.368472 10.003679 9.244809 9.680688 10.088229 10.763808 10.475235 9.576023 9.686792 9.403749 10.488553 9.556318 9.254035 9.807623 10.611798 9.378316 9.899484 9.993606 9.691907 9.004060
9.939626 10.889569 10.797149 11.131456 10.913222 10.434891 10.871168 10.501798 10.949882 10.476674 10.976418 10.210401 10.355280 10.024007 11.273614 10.190261 10.254252 10.150634 10.341046 10.051405 9.539662 9.926933 9.869242 10.117865 9.852559 10.358163 9.335162 9.640449 9.558983 10.098914 9.856448 11.740903 10.704252 9.582233 9.642449 10.317022 9.711175 9.013280 9.968301 9.516749 9.800161 9.434400 9.447952 10.143094 11.141037 9.997992 10.058960 10.870816 8.686879 9.234319 8.875492 9.088265 9.701471 9.476852 9.684870 9.198002 10.199383 10.471557 9.255811 10.244840 9.387251 10.207085
10.816789 10.315915 9.988222 11.175080 11.117617 10.098075 10.463052 9.915449 10.017063 10.043533 10.730535 10.728866 10.095883 9.384971 9.590132 9.433080 9.914661 10.548341 10.870598 9.894665 10.339058 9.468054 10.046613 10.971860 10.999158 10.111704 10.243996 9.304085 9.800802 10.316401 9.965100 9.815426 9.171895 9.562308 10.128428 9.868395 9.996512 9.798957 10.429199 10.251287 10.379673 9.485922 9.867938 10.172929 10.409182 10.078710 9.277466 9.888982 8.891667 9.889574 10.427011 9.993098 9.409866 10.106012 9.736160 9.466988 9.663540 9.625866 9.058603 8.755881 9.743393 9.102014
10.672331 10.074759 9.470206 9.707526 10.295756 11.259461 10.342156 9.871052 10.380527 10.586935 9.998459 10.434055 9.857112 10.327807 10.856926 10.037208 10.205426 10.512846 10.570820 10.544152 9.765459 10.223846 9.444646 10.268832 9.843190 10.539748 11.013935 9.818096 9.860205 9.699920 9.691698 9.585012 9.703722 10.554511 10.317976 10.263568 9.643555 10.067438 10.711332 9.514403 9.524114 9.164112 9.587685 10.333374 8.716550 9.756853 9.649784 9.639335 9.258167 9.519383 9.466625 10.778838 10.124238 9.713415 10.170953 9.510184 9.726435 9.695656 10.185163 9.303399 8.640031 9.732477
10.685642 9.122729 10.592993 11.195093 10.254103 10.495219 10.081060 9.943775 10.014551 11.239703 11.133581 9.544810 10.167458 10.555505 9.688930 11.512594 10.802045 10.171366 10.344474 9.728373 10.080889 8.898849 10.083660 10.211407 10.649096 10.518587 9.989322 9.730739 9.041251 9.193871 10.087557 10.218822 8.958707 10.413669 9.135065 9.879520 9.668996 9.722748 10.115117 10.667434 9.885595 10.059031 10.599279 9.707498 10.120515 10.058102 9.952081 9.314781 9.405568 10.376324 9.718122 10.276635 8.675758 9.336535 10.060133 10.941084 9.828516 10.082776 9.122747 9.735855 9.294086 9.836505
11.378686 10.023373 9.187159 11.044586 10.872686 9.913734 10.126357 8.394073 9.857619 10.719069 10.349338 10.036017 10.753135 9.938764 9.908678 10.083529 9.604026 10.808289 10.973673 10.780338 9.424422 9.332639 10.286364 9.673791 9.087080 9.960586 10.587945 9.312478 10.129877 9.586488 10.270435 9.609484 9.445141 10.126785 9.770309 9.743258 9.976454 10.739765 10.449634 10.253442 10.562412 8.833172 9.674967 9.655957 9.929193 10.149926 9.475689 8.758005 10.079718 8.882475 9.605133 10.675632 10.513941 9.702324 9.037061 9.221485 10.293494 8.839959 9.714840 8.515554 10.008036 9.564885
9.462038 10.148912 9.611240 10.122815 9.808444 10.294195 10.164055 9.866240 9.241249 10.686138 10.391009 10.044399 10.286995 10.249074 10.246532 10.089385 9.673474 9.794994 10.952287 10.207585 9.435827 9.949172 8.861675 9.235899 9.131878 9.356744 9.996979 9.605925 9.784974 9.948444 9.655814 10.528784 8.985576 10.394339 9.328693 10.017290 10.717860 9.419792 10.076930 9.257972 10.114973 9.269858 9.932249 8.990935 9.545319 9.815563 10.382108 9.505469 9.372850 9.075261 9.243280 9.651625 9.772517 9.600672 10.173741 9.716668 9.743410 9.393484 9.257064 9.384646 9.134949 10.099607
9.959967 9.941236 10.643812 10.769701 10.082034 9.931450 9.505001 10.213249 9.730360 10.351621 9.744719 10.242082 9.936752 9.992713 9.918397 9.933292 9.835003 10.373584 9.900967 10.606739 10.380282 10.250126 10.443601 11.077625 9.147295 10.339959 10.484634 9.743928 9.437592 9.270830 9.816648 10.249833 9.567148 9.784519 10.216408 9.184502 9.962023 10.321257 9.726358 10.218489 9.925251 9.666134 9.674118 10.044296 9.288202 9.572397 10.196976 9.261918 9.751467 9.428684 9.333313 9.816482 9.640938 10.257023 10.026493 10.178876 9.365406 9.332035 10.033606 8.736387 9.321337 8.792238
10.589826 10.765752 11.062469 10.231948 10.306132 10.574359 10.918351 9.707413 10.647868 10.794925 10.718352 10.314842 10.288894 9.880941 10.060673 10.754448 10.710237 10.575596 11.260904 9.730935 10.131733 10.203989 10.681172 10.210261 9.917181 10.532478 10.275104 10.152432 10.193885 9.380081 10.069580 9.097217 9.986722 10.641441 9.339818 10.698329 10.336047 9.459020 9.017287 9.970896 10.371157 9.568942 9.742376 9.775892 9.932633 10.059507 9.564726 9.031661 9.978909 10.149030 9.138379 8.832969 9.578258 8.911550 9.771636 9.976603 10.022294 9.087247 9.553413 10.534913 10.390999 9.277542
9.491124 10.935723 10.394510 10.797255 10.342286 10.169799 10.011958 10.631251 9.903628 9.424041 10.659193 10.543473 10.177340 11.071905 9.287149 10.524673 10.226000 10.509547 9.059214 10.582301 10.326678 10.412272 9.518252 10.094020 10.810414 10.405966 10.707498 9.654503 10.442025 10.089397 9.626410 10.482180 9.015557 10.001744 10.543812 10.627181 9.792499 9.985335 10.563547 9.736878 10.310722 9.787786 9.749098 9.949555 10.030837 9.847168 9.713690 10.640947 9.493762 9.888804 9.626341 9.719178 9.023105 9.472282 10.104380 8.971909 9.309299 9.285769 9.873953 10.085003 9.266830 8.401283
9.898896 10.652379 9.927913 11.215668 10.241383 10.648184 10.477108 9.559786 10.564854 10.052842 10.085763 10.461283 9.919151 10.543027 10.546289 9.207395 9.518266 9.989359 9.764057 9.071700 10.665815 10.054747 10.249882 9.646236 10.485006 10.313758 9.143992 10.628947 10.204315 10.794247 10.564609 9.738960 9.545879 9.860068 10.219821 9.523199 9.574833 9.326997 9.769431 10.164232 9.089693 9.928734 10.322494 10.647898 10.088766 8.467982 11.003984 9.618203 9.288214 9.547359 9.731911 9.707189 9.736048 10.719639 9.824991 9.255553 9.181580 9.732860 8.975164 9.936014 9.465378 8.868858
10.590909 10.626965 10.108400 10.711880 10.000353 10.435487 11.240916 10.567459 10.331578 9.383649 9.344083 10.407160 10.174312 10.211726 10.282658 10.040007 10.813852 9.864634 10.437467 10.528468 10.811245 9.341070 9.294212 9.976240 10.437501 9.907257 9.474971 9.293335 10.064623 10.220188 10.068117 9.343559 10.370360 10.276559 9.990222 10.152981 10.489305 9.719554 9.914041 10.356735 9.722693 10.512375 9.497478 9.951062 9.215229 9.056427 11.313025 9.741000 9.703080 10.682560 9.359150 10.213009 10.054432 9.522761 9.045202 9.173811 9.102873 9.418976 8.911903 9.894894 9.396431 8.986249
9.852817 10.585798 10.650068 10.130758 10.017389 10.370897 9.956304 9.287156 10.123936 9.497979 10.813770 9.841674 10.410404 10.054684 10.293671 9.557167 10.246482 9.940067 9.912890 9.550290 9.640817 10.929387 10.372066 10.741558 10.708223 9.256432 9.866739 9.837497 9.448674 9.731761 9.828133 9.652825 10.907597 9.181609 10.135703 9.967957 9.767874 9.505739 10.146469 9.304246 9.548888 8.905244 9.772129 9.770638 9.684567 8.716730 9.986348 9.384902 9.195540 9.138360 9.227743 9.448615 9.447210 9.623308 9.553577 8.806419 9.589693 8.931155 9.382088 9.182130 9.371734 8.426480
