cenop/data/CentralBaltic/salinity0000_05.asc
NCOLS 400 
NROWS 400 
XLLCORNER 4750000.0 
YLLCORNER 3200000.0 
CELLSIZE 1000.0 
NODATA_value -9999 
[rows 162 to 188 of 400, columns 310 to 371 of 400]
8.279617 9.448107 8.866266 8.588667 7.678912 8.265898 8.373975 8.943826 8.596869 8.427017 9.245234 9.145265 8.564891 8.562391 8.448779 8.805726 8.773708 7.916950 8.564617 7.655548 8.016429 7.843661 8.769334 8.103189 7.813669 9.069058 8.353676 9.252376 8.092213 8.757583 7.757845 8.103944 7.737579 8.181336 7.409656 8.526426 8.912039 7.285979 7.826203 7.954516 7.896710 7.550738 7.710776 8.342380 8.767418 6.750423 8.307475 7.726710 7.864856 8.077009 7.275125 7.689180 7.818922 6.602340 7.800905 7.638828 7.719388 6.808837 8.236977 8.566245 8.202282 7.690439
8.474973 8.382228 8.860948 9.290049 8.929392 10.191961 8.319214 8.811747 8.177703 8.502478 8.985894 8.889131 8.700242 9.101067 8.234517 8.187580 8.259155 8.242376 8.806665 8.168020 9.131638 8.331637 6.970211 7.964560 8.209671 7.923145 8.563894 8.016976 8.851189 8.601712 8.541221 9.240649 8.042531 7.374328 7.535657 8.428455 7.840210 7.787730 7.514454 8.528872 8.550683 8.270820 8.928982 7.016418 7.825430 7.881688 8.180903 9.144401 8.266470 7.771270 8.358136 7.671356 7.913595 7.828751 7.742438 6.800483 7.293718 8.600566 7.828848 8.094637 7.387595 8.423498
8.603529 8.213854 7.875315 8.680253 8.210583 8.109864 8.926208 9.754839 8.536855 8.501270 8.155386 8.065948 8.280344 7.897639 7.591996 8.126039 8.046294 7.834886 8.485140 9.357983 8.455083 7.635326 8.111806 8.535133 8.129756 7.690290 8.736463 7.670804 8.027390 9.120930 7.293258 7.422859 8.397330 8.378742 8.151681 8.114795 8.769229 8.253686 8.551530 7.737512 7.289204 7.674494 7.701414 7.920182 8.812158 7.190110 8.126765 7.586691 8.689105 8.086974 7.837820 7.635231 9.712285 8.465522 8.588727 8.597440 7.566355 7.936768 7.416670 7.848762 6.396060 7.634641
9.104167 8.490974 8.268455 8.922520 8.432929 8.650980 7.868551 7.739843 7.956420 8.372068 9.420102 7.963079 9.110559 8.738936 8.047450 7.984839 9.291979 8.957743 7.984897 8.645566 8.235937 8.344219 8.738902 8.455192 8.384174 8.536985 8.725651 8.836147 8.478338 7.583112 7.822864 8.084415 7.705580 8.042821 8.813371 7.998587 7.856262 8.795101 7.975403 8.074627 7.705864 7.471462 7.426032 8.699289 7.998783 7.693064 7.868968 7.498566 8.250859 8.399760 8.324883 8.808777 7.287835 8.983823 9.041855 7.581865 8.107366 7.419988 8.350516 7.900088 8.220692 8.543029
9.001176 8.137510 8.206130 8.120201 7.150578 8.101635 7.542991 7.655630 9.135132 7.757039 8.454953 8.297761 7.975772 7.717951 8.824374 8.748179 8.523113 7.747038 8.462887 7.931570 8.131606 8.505115 8.996857 7.989199 8.206964 8.837897 8.211884 7.169226 8.843932 8.126427 8.124446 8.048381 7.707056 8.786724 8.184277 8.226895 8.235785 8.260592 9.201662 8.068022 8.001956 7.941040 7.446379 8.458570 8.669094 8.391322 7.893211 7.731368 8.818123 8.300414 8.347683 7.569736 7.368925 8.325849 7.328189 7.679163 7.823708 7.085704 8.245486 8.170631 7.884499 8.252480
8.839104 8.766731 9.563885 9.101376 8.956548 8.811997 8.502840 8.297302 9.008124 8.687982 8.604155 7.536091 8.120089 8.693889 7.323640 8.462727 8.497260 7.955001 7.917534 7.962925 9.182317 9.006038 8.512354 8.277367 8.268556 8.448189 8.285053 8.858367 8.503339 7.532199 8.518658 7.822754 7.675835 8.509892 8.171528 7.830138 7.511792 7.699786 7.977459 7.649948 8.641345 7.745965 8.987859 7.712833 7.872010 8.390808 8.120781 8.755749 8.380240 7.721405 8.023390 6.700362 7.560478 7.822981 7.878865 7.152550 8.043870 8.300396 8.528806 8.570603 7.613171 7.824251
8.260812 8.618791 9.395474 7.722199 8.609301 8.458954 8.813104 8.777061 8.074428 8.481969 7.940373 8.510034 8.375121 8.178421 8.556713 8.637129 8.695159 8.364201 8.197406 8.811075 8.643504 8.394421 8.495482 8.939635 8.766396 8.188556 9.752331 8.414901 7.873357 7.869701 7.759122 8.760588 8.719023 7.643220 8.055934 7.933357 7.726938 8.379125 8.037430 7.805753 7.544820 7.622974 7.992455 8.795435 7.958858 7.724218 8.336645 7.629199 8.328211 7.539487 7.578046 8.999245 8.552110 9.025328 7.860452 7.793240 6.984745 8.458991 8.358434 8.303968 8.097546 7.870493
9.036367 8.455511 8.903132 8.616235 8.383722 7.823884 8.937553 9.099004 8.181701 8.258108 9.154649 8.684550 8.832874 8.222741 8.437080 7.735250 7.017401 7.729173 8.564544 8.787680 7.988815 8.280404 8.439641 8.271173 8.556817 7.503241 8.253926 6.517911 7.501219 7.959159 7.818825 7.844368 7.580816 8.157977 7.837914 8.138436 6.834328 8.155064 8.087674 8.623192 8.143533 8.358197 7.926473 8.478210 8.300028 7.912742 7.478185 7.937059 7.721834 8.141230 7.930122 8.080347 7.687803 8.168900 7.776857 7.121422 8.122767 7.938018 7.622885 7.712374 8.014515 7.987223
8.128142 8.274525 8.696449 8.553910 9.203480 8.261008 8.451449 9.064816 8.708124 7.824628 8.142725 7.943686 8.191750 8.183995 8.189738 8.653324 7.249707 9.224891 8.592005 8.482112 8.768636 8.656987 8.157036 8.652536 7.535488 8.409408 8.508691 8.761129 8.813289 8.748221 7.961801 8.776793 7.522531 8.250136 8.194967 7.939863 8.965716 8.816787 8.585570 8.135566 8.549998 8.640194 8.767118 8.228099 8.024972 7.938378 8.638049 8.996017 8.045872 7.990795 6.676044 7.507674 7.870318 8.655359 7.262097 8.625301 8.308730 7.771649 8.082302 7.634646 7.615986 7.812589
8.269824 8.548291 8.674076 8.627917 7.712533 8.656911 8.169202 8.753021 8.774637 7.713499 8.814460 8.730517 9.437180 8.565624 8.316100 8.573268 7.877645 8.690916 8.081739 7.850934 8.399926 7.968408 8.064509 8.379806 8.697654 8.809496 9.167511 8.473468 8.286174 7.499426 8.593565 7.527060 7.944745 8.664771 7.841160 8.359110 8.736368 8.460370 8.268781 8.412975 8.370388 8.229550 8.093105 7.916175 8.152682 7.941556 7.939977 8.392881 7.682467 8.118816 8.002917 7.610790 7.808770 8.519190 8.241048 7.650114 7.721993 8.296441 7.485256 8.769090 8.946451 8.279178
7.490424 8.214510 8.674050 8.449682 7.657556 8.608409 9.187823 8.992995 8.479995 9.092685 8.713245 8.768225 8.198518 9.037588 8.290447 8.747088 8.330067 7.445565 8.871861 7.570510 8.412552 7.720125 9.113948 8.122065 7.497341 8.885351 7.439135 7.418864 9.303995 8.040894 7.950607 7.948431 7.997870 7.715565 8.482874 8.585355 8.109612 7.624115 8.058523 7.435092 8.106078 8.141952 7.968821 7.412369 7.752972 7.515861 7.047492 7.458407 8.158355 8.526992 8.467596 7.209101 8.136445 8.253836 7.562261 7.632470 7.922053 7.520685 8.009176 6.456243 8.040519 7.879078
8.415489 7.897742 7.776128 8.253060 8.193059 7.924103 8.560944 8.040508 8.403025 8.560266 7.776650 7.730374 8.601496 8.198189 8.277367 8.740885 8.844028 9.185804 9.055638 8.194676 8.644957 8.066785 8.859125 9.135595 8.310559 9.301045 9.083446 8.013103 7.972771 8.543950 8.270326 7.569200 8.299308 7.356067 7.482313 7.606914 7.657005 6.930438 7.499571 7.612280 7.045515 8.313542 8.058842 7.911115 8.010001 7.427265 8.566792 7.784046 7.967056 8.116285 8.158171 7.561538 7.728282 8.349099 7.633062 7.396624 7.580884 7.998169 7.513485 8.602142 7.745508 7.529124
8.914450 9.178929 9.279485 9.405220 7.798914 8.083897 8.809954 8.412619 8.097380 9.098193 8.440952 9.030824 7.730067 8.544431 8.525376 8.460806 8.121559 8.510329 8.048359 7.459074 9.026709 8.702808 8.501964 8.282166 8.363276 7.356588 8.210022 8.690092 8.068612 9.214020 8.163665 8.590184 8.948604 8.789736 8.561232 7.655273 9.263530 8.447965 8.612409 8.009222 8.339577 7.216461 7.421818 7.443519 8.648500 8.515351 7.622236 8.278794 6.752134 8.301567 7.979009 7.115185 7.460280 7.611068 8.098569 8.158533 6.484535 8.003818 7.754805 6.890163 7.791239 7.929566
9.525046 8.783172 8.706049 8.244815 8.562083 8.862336 8.524534 9.122103 8.112550 8.520615 7.987019 8.167830 7.951440 8.050730 8.061621 7.523773 8.368903 9.198502 8.381308 8.226178 8.454399 8.165203 8.576409 8.850266 7.761189 8.807401 8.425711 8.786230 8.036715 8.426644 8.994667 9.482564 8.124106 8.472795 7.875505 7.677912 7.594403 8.038280 7.842724 7.476488 7.919615 8.608747 9.007330 7.578007 8.478620 7.368458 7.178043 7.589148 8.006140 7.293540 8.577820 7.760456 8.175443 8.338359 7.997450 7.994243 8.125065 7.845592 7.888111 7.809407 7.519325 7.934172
7.730638 9.549353 9.187674 8.582649 7.831091 8.995345 8.207781 8.740345 8.365391 8.703598 8.250531 8.184328 7.695750 7.707923 9.199979 8.542430 8.713654 8.349731 7.927100 8.166380 8.110256 8.955245 8.391261 8.488751 8.638284 8.214073 8.214289 8.170652 8.154928 8.065343 7.769100 7.467170 7.659172 7.724571 7.829559 7.891260 7.721335 8.953491 8.051765 8.192366 8.654371 7.922354 7.951995 8.349706 7.816830 7.813989 8.139640 8.767443 7.333032 7.462164 8.433167 6.779071 7.571909 7.383471 8.295177 7.404521 7.473208 7.493889 7.379742 8.165234 8.669459 8.287441
9.925175 8.034117 8.431963 7.912158 9.162301 8.461129 7.737902 8.124719 8.166128 8.424086 8.550785 8.368515 8.445279 8.212285 7.510754 8.689270 8.308867 8.028994 8.681782 7.773851 7.724740 8.174352 8.953989 8.158011 8.497483 8.343275 8.505119 8.258851 7.540121 8.487650 8.264440 7.531859 8.078273 8.430656 8.165271 8.155969 8.587790 7.583164 8.526185 7.446536 8.739445 7.997616 8.377784 7.295432 7.936065 7.687041 8.213999 8.247773 7.998038 8.743248 7.725047 7.611035 8.143053 7.865006 7.479348 8.320367 8.255189 8.500073 8.599779 7.660919 7.902499 7.958081
9.534836 8.401936 9.238065 8.033236 7.782344 8.988832 8.646234 8.353751 7.866481 8.314102 8.471254 8.223200 8.514777 8.640312 7.747546 8.410461 8.856058 7.740676 8.070714 8.891629 7.713851 7.819832 8.852003 7.722833 7.700927 8.341927 8.334350 7.630027 7.713570 8.375210 7.201659 8.478472 8.380292 7.532942 7.639836 8.217596 8.220626 7.720502 8.793791 8.440213 7.245998 7.715023 7.848277 6.944317 7.479370 8.513029 7.729332 7.729573 8.644107 8.039714 7.201806 8.090981 8.250182 8.423727 7.318778 7.307689 6.671088 7.249069 7.812279 7.873927 7.728764 7.247949
8.246142 9.455695 8.563077 9.664028 7.951419 8.741522 8.692959 8.260361 8.377359 8.249006 8.509831 8.053294 7.460378 8.702502 8.655874 8.170017 9.036070 9.118903 6.729745 8.196406 8.247629 8.829228 8.035852 8.426390 8.235667 8.893096 7.623393 8.558927 8.992201 8.179876 8.281154 8.540327 7.494963 7.674565 8.548866 6.975329 8.264351 8.335570 8.036134 8.060920 8.552927 7.510266 8.063624 7.515523 7.737087 7.628436 8.325052 8.069203 7.783410 7.186025 8.494148 7.678468 7.693040 7.407250 7.239440 7.326574 7.906581 8.270281 8.334606 7.757833 7.433512 7.665429
8.624126 8.212789 7.638829 7.847705 8.428410 8.293207 8.495246 8.356211 8.638683 8.507773 8.421964 8.240566 8.756857 9.254796 8.658461 7.891096 8.622226 8.620737 9.676805 8.437149 7.697709 8.002645 8.171827 7.684458 7.840949 9.255159 8.502291 9.057612 8.438415 7.797052 9.346214 8.649361 7.557822 8.638549 7.502055 8.153138 8.196657 8.079736 8.350527 8.750159 7.127441 7.478923 7.779139 7.833623 7.725370 7.395413 7.514322 7.778784 7.750148 7.920143 7.974451 8.426863 8.384966 7.391014 8.570943 7.786434 7.586173 8.037495 7.542504 8.087557 7.474729 8.167762
8.465411 8.712963 7.729462 9.088937 8.442777 8.585628 8.769137 7.936405 8.398823 8.381338 8.810626 7.926176 6.945970 8.459705 7.796220 8.603208 7.900941 8.748916 8.885843 8.419664 8.420990 8.470444 7.926018 8.212250 8.552016 8.293231 9.212093 8.386403 8.514676 7.615021 8.256963 7.864868 7.873365 7.927959 7.947800 7.900654 8.258143 8.144536 8.338323 8.698880 8.081547 8.364798 7.322578 8.063096 8.305788 7.170237 8.911350 7.255523 8.215301 7.460645 8.146772 9.320395 7.774496 7.764202 9.005862 7.684143 8.555536 7.731487 7.319943 8.229511 7.593504 7.716378
8.407324 8.333114 8.381699 8.442689 8.922249 8.403435 8.489307 8.854460 8.143174 8.682299 8.120669 8.313104 8.442969 9.107022 7.964734 7.946435 8.430398 8.147565 8.547162 8.670576 8.356715 8.277998 8.127748 8.914402 8.691258 9.160743 8.265261 8.403179 8.564175 7.442694 7.888796 8.050430 8.600814 7.679780 8.556111 7.617580 7.556602 7.715952 8.041518 7.677813 8.315145 8.143364 8.157912 7.454380 8.233578 7.626692 8.363377 7.506114 8.748126 8.405933 8.348366 8.929419 7.887742 7.918716 8.303178 7.686799 7.258019 8.165632 7.754803 8.231973 8.191783 7.560680
8.888668 7.658146 9.096262 8.011503 7.712906 8.090286 8.113598 9.085930 7.960056 7.587371 9.658489 8.389287 7.304341 8.924036 8.793000 7.676627 8.397913 7.927225 8.933203 8.579808 8.740055 8.791331 8.826238 7.804291 9.006695 7.631878 8.924030 8.018262 8.353875 8.226927 8.493118 8.579876 8.943069 8.611459 7.903314 7.972255 8.333554 7.996531 6.804806 7.212852 7.940027 7.747045 8.025545 8.030894 9.107475 7.093734 8.141103 7.336323 7.419369 7.771303 7.688047 7.962136 7.444077 7.985989 7.971997 7.418473 7.923661 8.910049 8.800437 7.697761 7.048742 7.033748
8.435939 9.173839 9.167550 8.813510 8.357282 8.463236 8.653900 8.669475 8.432987 8.463296 8.738955 8.918720 8.099373 8.776463 8.823400 8.721891 8.140170 8.050679 7.591448 7.993933 7.956751 8.289130 9.275783 7.123453 8.595383 8.492611 8.337142 8.493440 8.519359 7.448424 8.100556 7.717972 7.956507 7.954397 7.866657 7.004687 7.720710 7.946423 7.609646 8.791329 8.457458 7.291661 8.018497 7.377172 8.058708 7.910887 7.833050 7.630993 7.642538 7.796974 7.350277 8.506654 8.814214 7.750926 7.179847 8.176731 7.636281 6.994266 8.034866 7.166765 6.825175 7.914494
9.028226 8.840437 8.909679 7.926480 8.516797 8.656749 8.136384 8.815786 8.512643 7.770676 8.241174 9.075558 8.548106 8.567057 7.997694 9.337437 8.863463 8.669529 7.399142 8.092650 8.466591 8.412208 7.899953 8.762173 7.717394 8.441774 8.497461 7.780036 8.790551 9.064944 8.107995 7.828003 7.331682 7.856163 7.457480 7.732675 7.810640 7.373134 8.253973 8.572261 7.767566 6.822154 8.258113 7.795067 8.412376 8.077530 8.265977 7.306447 8.753481 7.324167 8.505035 7.970810 7.565205 7.717998 6.876614 7.921089 7.494619 8.354213 7.339907 7.488783 8.298443 8.074469
8.119414 8.905999 7.806507 8.595996 8.118050 8.236258 8.389000 8.371131 7.540143 8.682282 8.321237 9.294779 8.339335 8.459346 8.652459 8.583618 7.383412 8.667048 7.274731 8.702567 7.727519 8.037408 7.957739 8.402698 7.773489 8.311618 7.922093 8.525748 7.419164 8.687238 8.464743 7.778144 7.964973 7.638301 7.919298 8.818654 8.718320 7.681049 8.953505 8.556709 7.900909 8.057838 7.799906 7.916203 7.418651 7.877752 7.980026 8.059419 7.214461 7.775460 7.980292 7.331045 8.737070 7.764831 7.804836 8.379208 7.976123 8.806705 7.508604 7.335101 7.668068 8.978222
7.141144 9.071806 8.168841 8.722541 9.574304 8.757263 9.055206 7.564804 8.308782 9.089026 7.858450 7.840305 8.243876 7.625043 7.964842 8.565232 8.866385 8.920146 7.613789 7.926036 8.220421 8.651325 8.136136 8.949681 8.549444 7.462102 7.164824 8.360571 7.951067 9.319120 8.507711 8.278395 8.420599 8.636383 8.157460 7.863026 8.084627 8.193224 7.487945 7.753777 7.885830 7.888283 7.718386 7.310233 8.173849 8.009043 8.387077 8.252056 8.068963 8.055546 8.748367 7.520377 7.266262 7.432967 7.392526 7.219865 7.407730 7.321222 7.606262 7.193438 7.955599 8.289169
8.061425 8.756062 8.257276 8.595455 8.597541 7.897906 7.742854 8.673048 8.016558 8.099131 8.657198 8.973133 8.219590 7.326863 8.100638 8.622108 7.826086 7.653983 8.065551 8.386868 8.261783 7.899809 7.720123 8.405967 7.674635 8.534238 8.005747 7.583094 8.745803 6.889673 7.273738 7.750874 7.460499 8.015172 7.887547 7.986286 8.189719 8.709478 8.407894 7.880968 8.246316 8.324914 7.901643 8.287369 8.502883 8.863095 7.322836 7.535944 7.675438 8.299767 8.135066 7.871258 7.538572 6.766244 7.051416 7.585125 7.730019 7.076425 7.967342 8.275437 8.537955 6.993143
