cenop/data/CentralBaltic/salinity0000_04.asc
NCOLS 400 
NROWS 400 
XLLCORNER 4750000.0 
YLLCORNER 3200000.0 
CELLSIZE 1000.0 
NODATA_value -9999 
[rows 243 to 269 of 400, columns 244 to 304 of 400]
9.297753 8.490705 10.983877 9.730172 9.371075 9.441073 9.739106 10.415419 9.721254 9.847671 9.555936 9.488793 9.633572 9.968901 9.552529 9.071409 9.276627 9.886625 8.664628 9.221631 8.854670 9.635714 10.246037 8.904241 9.570207 8.779238 9.623536 9.296174 8.909082 9.197029 9.850050 8.287061 9.092295 9.399883 9.418093 9.621087 9.038096 8.528315 9.054362 9.942450 9.759564 10.077111 8.741918 9.168899 10.250292 9.427647 9.713063 8.752647 8.430144 8.302471 8.532432 8.758439 8.265189 9.098135 8.373501 9.142608 9.529369 8.085798 9.115368 8.815609 9.829176
9.366375 8.837612 9.282842 8.783470 9.852349 8.777841 9.185612 9.963232 9.554037 9.753108 9.491316 8.579573 9.052031 10.501932 9.520249 8.925936 9.652387 8.336983 8.930570 9.284049 9.222590 9.095893 9.229366 8.994066 8.642444 9.159435 8.910382 9.218482 9.265796 9.691170 8.014770 8.800521 9.148544 8.552128 9.506936 8.965718 9.183128 8.843552 9.223570 8.694657 8.653895 9.654468 9.191605 8.884856 8.537640 8.993265 9.090384 8.667511 8.269980 9.465447 8.153764 8.220199 8.937656 9.136368 8.246095 9.462974 8.388304 8.005191 8.034047 9.919865 9.507202
10.132194 9.753489 8.490792 9.936131 9.341044 8.885077 9.446551 9.435662 8.949954 8.833858 9.278769 9.613139 9.077579 8.308495 9.452059 9.509332 8.173100 8.959516 9.083383 8.976913 9.483973 9.637809 9.473446 9.749463 8.995040 9.269415 9.275884 9.408937 10.336817 9.419005 10.368217 8.578785 9.558947 9.544743 8.920499 9.247844 8.937895 8.825828 9.375853 8.889334 8.954539 9.652699 9.423386 9.425618 9.188255 9.165956 8.114695 9.204126 8.462680 9.069221 8.214622 8.886485 9.277000 8.956783 7.537883 9.848410 8.393681 9.799558 8.988269 9.259621 8.509762
9.554212 9.213425 8.770025 9.167449 9.358437 10.836127 9.355148 9.401799 9.962613 9.947055 9.352302 9.482459 9.813960 9.386679 9.776133 8.851016 9.335165 9.809009 8.855969 8.891002 9.687120 8.898451 10.343549 8.491961 9.458861 9.198365 10.080787 8.238863 8.677565 8.627277 8.654141 9.534254 9.089465 9.020397 8.954952 9.429707 9.484369 9.265436 8.981236 9.129640 8.882589 9.224160 9.231267 9.231184 9.011440 9.293350 9.011023 8.627043 9.586087 9.103217 8.353287 8.746521 8.580393 9.205727 9.651998 9.034075 8.565898 8.210414 9.848755 7.897464 8.787101
9.310504 9.321230 9.443550 9.561099 9.844254 9.902879 9.469248 8.735975 9.396743 9.232510 8.305840 9.438836 9.623620 8.659804 9.692302 10.197242 10.160962 8.755835 9.664879 9.339204 9.761773 9.135707 9.322747 9.087451 8.652200 8.780726 8.667465 8.996961 8.632295 9.550009 9.350364 9.809823 9.584507 8.801307 8.935144 9.111026 9.808010 8.300524 8.964798 9.660723 9.503775 9.464195 8.389459 8.689438 9.561785 8.763399 8.894016 8.506952 9.345280 9.049153 8.941396 9.748035 8.992024 10.102418 8.157925 8.705655 8.693900 9.600982 9.216928 8.905489 9.191121
9.446701 8.994582 9.809426 9.143384 9.482105 9.261432 9.959754 9.551889 9.336272 9.647209 9.098392 9.489766 10.092405 9.283708 8.983007 9.085337 9.031488 9.302344 9.527888 8.964840 9.419116 10.397154 9.360509 8.705210 9.390207 9.869794 9.778501 8.470271 9.827766 8.508780 9.429432 9.148554 8.720002 8.909771 8.221788 8.945947 9.570527 9.713110 9.251437 9.863772 9.107458 8.348308 9.249690 9.296531 9.520312 9.403167 8.547557 9.715659 8.702877 8.018327 9.092688 9.495971 8.086520 9.223988 8.257661 8.201199 9.226083 8.297477 8.119098 8.781034 9.315796
9.624249 9.933969 9.260844 9.538461 10.346697 9.538648 9.499867 9.653734 9.907163 8.658075 9.526123 10.597138 8.211918 9.444186 9.910101 10.173388 8.869242 8.131154 9.432230 9.357149 9.905276 8.656234 9.442206 10.118930 9.051825 9.843133 9.576440 9.083860 10.054313 9.379343 8.712326 9.451609 9.995481 9.163361 8.308668 8.589615 8.341348 8.265446 10.299964 9.091459 10.337431 8.196211 9.784121 8.203645 9.211412 8.679045 9.621564 9.237146 8.303747 9.067509 8.766367 9.130059 8.978799 8.575098 8.876088 7.830053 8.163502 9.452848 9.489369 9.234780 8.413335
9.460158 10.138847 9.730468 9.397984 9.285043 9.378337 8.964636 8.461624 10.019126 9.594506 9.729362 9.402472 9.605782 9.048208 9.250607 8.920938 8.899564 8.693603 9.050173 9.434233 9.879815 8.740771 9.389839 8.560957 8.454841 8.571036 9.872321 9.214469 9.414578 8.968601 8.056561 8.562537 9.232527 9.511162 9.878190 9.313004 9.124387 9.163327 9.261170 9.147426 9.728593 8.867260 8.780350 8.876153 8.519851 9.075171 8.914488 9.091134 9.091549 9.653176 9.500525 9.166187 8.923194 8.178345 9.290836 8.999479 9.093831 9.000373 8.415792 8.256934 9.153540
10.136588 10.269202 10.039993 10.256896 9.946292 8.896121 9.607211 9.675527 9.991778 9.099129 8.820301 9.688008 8.379867 8.415080 8.909609 9.310180 9.697543 9.155082 9.003232 9.432284 9.700408 10.060169 9.181054 9.410928 10.095781 9.006295 9.005125 8.647265 9.345941 9.422517 10.246237 8.517785 9.241847 9.349117 9.858664 9.204731 8.795409 9.372771 8.874967 9.475678 8.812440 9.799569 8.422651 9.512352 9.757860 9.144277 8.969373 9.793511 9.592711 8.362745 8.388932 9.570774 8.804362 9.862567 8.888023 8.164220 8.537263 8.765029 9.065605 8.089510 9.866337
9.215976 9.422120 10.284000 10.282413 10.065263 8.900664 9.244425 9.252686 10.741680 9.242574 9.316432 9.289802 10.247968 8.633692 8.537535 8.889147 9.043744 8.731036 8.810165 9.131099 8.856850 9.570598 10.119048 8.952872 8.399919 9.272107 9.294428 9.297515 8.499930 8.691066 9.814610 9.452042 9.807168 9.433746 8.911788 9.322394 8.450777 9.219991 10.074937 9.616596 9.284436 10.425106 9.305634 9.021182 9.531634 8.637445 9.025462 8.325877 9.849579 9.119293 8.457430 8.658398 9.054451 8.118944 8.370078 8.536855 8.927175 8.700361 10.014849 9.160870 8.842503
9.859502 9.427431 10.010469 8.590444 8.766052 9.667485 9.695739 8.481452 9.685695 9.459995 9.720334 9.283464 9.096464 9.684266 9.363526 9.745502 9.152738 8.783241 8.466364 9.331875 8.609949 8.972938 8.870157 9.887642 9.964631 8.707552 9.230504 9.458327 9.747188 8.545620 9.753730 9.949052 9.253156 8.868695 8.709117 8.541658 8.290467 8.978977 9.201213 9.533190 8.999802 10.054217 8.864446 8.331612 9.170636 8.718637 7.797281 9.046830 8.790760 8.673066 9.666583 9.326286 9.414784 9.004777 8.980356 10.208293 8.776018 9.159331 8.364600 8.497341 8.783766
9.741988 9.364881 10.075628 8.831399 9.133081 10.437146 8.798963 8.763253 8.825151 8.706538 9.901335 9.580612 9.643666 9.070598 9.199592 9.642749 9.267511 9.114569 8.894499 8.729762 9.241939 9.395185 9.442182 8.961188 9.812531 8.472399 9.252981 9.463521 9.622288 9.536885 9.305186 8.708033 9.693861 9.385918 9.026484 9.096334 9.141641 8.415703 9.010150 8.793064 9.513651 8.641044 8.835994 8.778188 9.503215 9.362317 8.688118 9.395046 8.719941 9.468037 8.589138 8.887732 9.411177 8.706945 9.239512 9.295810 8.880276 8.940135 9.561443 8.316798 9.132043
9.291721 8.486176 9.786089 8.995969 10.080476 8.976902 8.088259 9.933368 9.998617 9.688658 8.725930 9.393805 9.743541 9.297400 9.607950 9.188983 9.640005 9.198331 9.327977 8.185668 9.070329 9.307251 9.200759 8.578649 9.652447 8.719210 9.164587 8.664190 9.105534 8.491795 9.327055 8.135392 8.506036 8.877643 8.070899 8.948772 9.094581 9.232827 9.558383 9.234437 9.390677 8.775482 9.362300 8.906766 8.461784 8.772162 8.982530 9.150822 9.004976 8.603983 8.610398 8.295085 9.377033 9.374518 9.050408 8.496604 9.748829 9.006529 8.510495 8.676860 8.101125
9.820949 9.793451 9.114854 9.234479 9.986434 9.296738 9.774009 9.629748 9.549245 8.682988 9.285540 9.343148 9.300416 9.429064 9.380322 9.339546 8.264797 9.151237 8.784652 10.249272 9.158517 9.655673 8.610833 9.983584 8.982772 9.683378 9.741697 9.476948 9.374248 9.391780 9.047304 9.854295 9.331290 9.303906 8.813683 8.960039 8.182143 8.409285 9.883697 9.058817 9.453538 8.797286 8.712908 9.378172 9.917109 9.734674 9.508325 9.188269 9.191993 8.877452 9.059367 8.771816 9.077212 10.061839 8.566532 9.240611 8.832217 8.792503 8.874277 8.303098 9.536056
9.010808 9.749160 9.383092 9.647940 9.204724 10.319208 9.439986 8.452988 8.556004 9.810401 8.763493 9.386276 9.869715 8.658624 9.225000 8.635442 9.235829 9.631798 9.081961 9.639151 9.714330 8.805274 9.425907 9.588475 8.248927 9.214444 9.508687 9.123047 9.558771 9.277121 10.097511 10.087272 8.319281 9.351587 9.032221 8.295805 9.483375 8.585719 8.683304 9.799120 9.080655 8.738611 8.763857 9.212376 8.701048 8.982364 9.432200 9.839286 9.875776 9.253090 9.437684 10.025069 9.522657 9.273220 9.408248 8.608327 8.697238 8.129057 8.740374 8.639482 9.550159
10.236917 10.423402 9.196222 8.897706 10.453654 8.743250 9.001770 9.828031 9.426153 9.496461 9.087130 9.347532 10.105764 10.140401 9.543290 9.030150 9.692038 9.731413 9.252848 8.655973 9.079544 9.302409 9.865648 8.793780 9.637092 8.247588 8.847690 9.362837 8.288963 9.547974 9.301386 8.184317 9.051735 9.697342 8.920361 8.457475 8.651318 10.121679 9.704239 8.570603 9.755730 9.130790 9.021575 9.085282 9.122378 9.397480 8.216823 9.554904 9.406833 8.790939 9.302013 8.548797 9.269995 8.138595 9.761390 8.871015 8.696842 8.744610 8.321142 9.176713 8.858840
9.424176 9.983925 8.575451 9.895097 8.325879 8.589611 8.309835 9.818782 9.271558 8.679802 10.036752 9.086176 9.977154 9.077342 8.880927 9.789866 9.149697 8.476584 9.992473 9.558880 9.581160 9.828506 8.802924 9.439169 9.587710 9.954996 9.640285 9.700791 10.054862 9.395771 9.376694 8.895984 9.398697 9.262526 9.149749 9.947032 9.442870 9.314228 9.042123 8.146127 9.604888 9.103396 9.003406 9.116785 9.177081 9.081077 9.259210 9.491924 9.208730 8.619817 8.671711 9.050036 9.289002 8.440611 9.900436 9.461767 8.253501 8.834413 9.273328 8.727385 8.843411
9.674857 8.914295 9.522089 9.906656 8.574179 9.263735 9.305226 9.539769 9.641291 9.096649 8.898941 8.922028 9.064746 9.795379 9.377279 9.196147 9.573329 8.796104 9.023243 9.518939 8.579488 8.932028 8.886411 9.163436 9.545764 8.709071 8.566499 9.454255 9.636685 8.549757 10.093070 9.317989 9.260364 8.723882 8.571825 8.842555 9.792825 10.080337 9.264309 9.365163 9.600213 9.433534 8.933326 9.058328 9.778784 9.018178 8.534689 8.394289 9.073880 8.467469 8.226685 9.723637 9.193596 8.347090 8.986623 8.516408 9.092661 9.078360 8.770183 9.606889 8.586888
9.693843 8.612591 9.602102 9.721265 8.938549 8.897905 8.514090 9.344275 9.352431 9.398534 8.288854 9.993658 10.055889 8.624824 9.445960 9.322954 8.967509 9.212583 8.024801 8.491530 9.921618 9.398862 9.481063 8.965792 9.086530 8.993598 8.522675 9.027580 9.253635 8.360546 9.654799 8.892022 9.614232 9.757934 9.578510 9.831238 9.090931 10.081645 9.996435 8.820463 8.725352 9.325014 9.194831 9.248326 8.830798 9.077778 8.162169 8.792137 9.499823 8.630324 8.531262 7.049782 8.697964 7.982274 9.115891 8.110221 8.947526 9.444130 8.162980 8.157638 9.046274
9.595598 9.166783 9.149362 9.028950 9.200255 8.960921 9.617986 9.133178 8.893232 9.144708 9.548630 8.714473 9.586779 9.507770 9.127539 8.896020 9.208292 9.546763 10.086644 9.116986 9.545319 8.472400 9.345935 8.900056 8.902670 9.160182 9.475076 9.410885 8.999623 9.805029 9.162633 9.453381 9.915212 8.474805 8.690155 8.564597 8.906292 8.767032 9.388265 8.723632 8.416018 8.093019 9.319322 9.449228 8.855844 8.691294 8.655531 9.169829 9.144495 9.463762 8.238172 8.513245 9.315016 8.967080 9.039064 9.103661 8.898914 8.500028 8.558054 8.307548 7.705746
8.885154 9.460052 9.563682 7.872928 9.489447 9.033844 7.921128 8.756162 9.504938 9.194035 9.587238 8.799767 8.759304 8.657023 8.554042 9.367654 9.836691 7.594372 8.709322 9.389721 9.140363 10.085533 8.575522 8.520213 9.169747 9.183659 8.875554 9.107119 8.867757 9.631799 8.373308 8.364536 8.495832 8.296127 9.672866 10.088361 8.988284 8.557308 8.731520 9.131136 8.454881 8.379249 8.924258 9.753567 8.735816 8.729042 8.795090 10.069533 8.676054 9.325912 9.034684 9.256067 8.405739 9.377517 9.164496 8.831667 8.745633 9.540278 9.172072 8.810071 9.196434
8.343398 9.656407 9.363117 10.500242 9.023378 8.859864 9.082011 9.318819 9.717406 8.696989 9.175310 8.787901 9.374049 8.908133 9.387096 9.276884 9.901490 9.585186 9.242780 9.081997 8.674170 9.272538 9.224352 8.270910 9.838319 8.990351 8.489598 8.866510 8.631025 8.961822 7.698715 8.664706 8.991385 9.022253 9.284319 10.156577 9.001268 9.868439 9.585350 9.174050 9.352821 9.177077 9.949177 8.813408 8.719768 7.905417 9.241355 8.877403 8.924898 9.144022 8.764797 8.546729 8.485693 8.757080 8.546545 9.509385 7.836852 8.501658 8.894786 7.697112 9.486209
8.648466 9.020763 8.178574 9.420094 8.212488 9.250956 8.972560 10.062123 9.827821 9.205052 9.294829 9.149400 10.157915 8.510665 9.224564 8.823070 9.820688 9.280851 9.660898 9.397875 9.386887 9.420602 8.769189 9.637251 9.245885 8.821569 8.651779 8.922188 9.383145 9.479049 9.396252 9.927667 8.578741 8.248576 8.977989 9.264723 8.453396 8.475023 9.319413 9.439683 9.124917 8.471524 8.230640 9.095813 8.787048 8.974979 8.940461 9.463023 9.781833 8.445596 9.227355 8.901853 8.812820 8.897670 7.934521 7.874758 7.999439 8.682776 8.335445 9.065103 8.813459
8.902598 9.312421 9.063549 9.457412 9.397758 9.741630 9.145125 9.585577 9.486369 9.544321 9.055087 8.726129 9.377034 8.996095 8.825442 9.550715 9.294184 8.885291 9.015198 10.130918 9.650617 9.420474 8.956703 9.160290 9.689012 8.228237 9.192296 9.732126 9.163813 9.129782 9.168885 9.519765 10.091523 8.777178 9.353895 9.302465 8.960852 8.622631 8.960921 10.242739 8.833098 8.615799 9.500675 9.145494 8.519317 9.684100 9.220890 10.128536 8.189433 8.738747 8.964369 10.000201 8.215445 8.533494 8.957421 8.985531 9.337238 9.096909 7.883667 8.206752 10.012999
9.974707 9.523555 8.033899 9.759649 9.717552 10.066469 8.943328 9.347403 9.133258 8.610982 9.352450 9.808328 9.368611 8.777442 9.015973 9.741949 8.831608 9.745303 8.947324 8.656248 9.571194 8.926735 7.929669 8.620542 9.375439 8.360890 9.721991 9.081011 8.678451 8.862647 9.315343 9.383835 8.816548 9.315138 9.683859 8.566984 8.894763 8.907387 10.136480 8.920520 8.908147 9.665075 9.182463 8.676890 9.016046 8.432968 7.846887 9.305151 8.252078 8.510202 9.357275 8.992634 8.687793 9.012741 8.834995 8.688209 8.897714 8.051462 9.237589 8.023827 9.547154
8.598520 9.074307 9.681041 9.321535 9.140696 8.804193 10.363836 8.976377 8.842428 9.726457 8.596567 8.968433 9.700340 9.848601 8.908229 9.811988 8.946614 9.542478 8.330139 9.349349 8.112482 9.527164 9.176056 9.623102 9.822822 8.305434 8.378100 10.116485 8.402288 8.117664 8.529690 8.602490 9.055557 8.786113 9.101194 9.560181 9.060770 8.108022 9.606853 8.826242 8.557959 8.293315 7.901312 8.980510 8.914209 8.514647 9.069898 8.902833 10.034070 8.854991 8.340481 9.646269 8.930162 9.051360 9.155960 8.967205 9.278471 8.768322 7.576353 8.917983 8.531943
10.086624 9.106237 10.000316 9.844382 9.264095 9.325390 9.397015 8.949413 8.478971 10.070096 9.222850 8.734140 8.189498 9.454104 9.243486 8.371920 9.945596 9.116290 9.437323 9.795261 8.694106 8.797312 10.221128 8.564871 9.374062 8.645231 9.152874 8.765730 9.690766 8.710220 7.962106 9.386756 8.241704 8.493598 8.890814 9.174031 9.022927 9.372832 9.537202 9.268155 8.717554 8.640669 9.702944 9.098477 9.784976 8.789511 8.718954 9.371025 8.814252 8.671262 8.419898 8.833565 8.327672 8.431076 9.177368 9.115549 8.885209 8.872406 8.020960 8.908755 8.962326
