cenop/data/CentralBaltic/salinity0000_10.asc
NCOLS 400 
NROWS 400 
XLLCORNER 4750000.0 
YLLCORNER 3200000.0 
CELLSIZE 1000.0 
NODATA_value -9999 
[rows 297 to 323 of 400, columns 305 to 365 of 400]
9.895185 8.282694 8.496924 8.471381 9.325058 7.636339 8.738912 8.698361 8.284816 8.870293 8.354055 7.269262 8.451637 9.350734 8.228651 8.620706 8.963794 8.134326 8.803556 9.640287 8.982435 8.119791 8.485522 8.222793 7.660388 8.443515 7.819301 7.902387 9.589870 8.565669 8.699314 8.652026 7.394377 8.185697 7.404171 8.698002 8.486565 8.072872 8.229009 8.188773 7.833294 8.583903 9.414517 8.735104 8.551381 7.498952 8.775101 8.652002 8.088495 7.835383 7.633684 7.731420 8.303078 8.158041 7.833819 8.112681 7.530170 7.557540 7.419732 7.843045 9.016986
8.864573 8.143520 8.636363 8.927402 8.612505 9.833685 8.757016 8.434144 8.532541 9.058796 8.606830 8.026920 8.133266 8.568087 8.089741 9.938377 8.109223 8.520744 9.440630 8.285557 8.892808 8.627662 9.208724 8.082543 7.905452 8.870240 8.206746 6.598225 9.070326 8.968615 8.435270 8.194190 8.153300 8.591036 9.176820 8.563449 8.429030 8.214325 8.092770 8.168632 7.726630 9.093023 7.800068 7.616196 8.268953 8.482415 8.781022 7.512956 8.786024 8.242487 9.113363 8.681827 7.503529 8.223489 8.291766 8.478220 8.833374 8.342141 7.039818 8.347271 8.931154
8.606159 8.743164 9.430635 8.009864 7.963913 8.664041 8.798526 8.788345 8.659839 8.241224 8.880446 9.540483 7.951274 8.590365 8.410415 8.248027 8.619438 9.386180 8.036165 8.729873 8.075759 8.900112 8.604276 8.046274 8.831028 8.981582 8.448486 8.885820 7.463334 7.913180 8.654852 8.198321 8.886474 8.856892 8.522478 9.318797 8.016802 7.719916 8.219621 7.949096 7.955300 8.022742 7.593172 8.600516 8.018973 8.311726 8.984367 7.985422 8.152910 7.898953 8.536841 7.870326 7.698451 8.054193 7.054417 8.060733 8.556442 8.491677 8.644291 7.738543 8.736842
8.964739 8.753996 9.079658 8.604599 7.118725 8.569242 7.988818 7.488598 8.225242 8.989646 9.585195 8.293118 8.161086 7.615223 8.772644 8.789094 8.502641 9.260250 8.485702 7.961438 8.451742 8.063204 8.074581 8.129660 9.435119 8.137246 8.624189 8.057318 7.645623 8.427928 8.438324 8.859617 8.421091 8.802876 9.121193 8.668538 8.851071 8.202910 7.721131 8.348551 8.402300 8.418254 8.480835 8.174292 8.345488 8.155093 8.415207 8.589091 8.018777 8.446109 8.510987 8.111322 8.571507 7.826704 8.638028 8.805358 8.540046 8.213719 8.031514 8.037183 8.377800
8.936203 7.921383 8.456759 9.012666 8.069885 9.016716 8.676877 8.303679 7.942159 9.397346 7.669648 8.566825 9.864465 9.107524 7.669596 8.566762 8.673536 8.124702 8.333184 8.612023 7.480285 9.101102 8.960305 8.414990 8.985526 8.068363 7.542090 8.842621 8.555737 8.465512 7.876954 8.467877 7.979504 8.662489 7.379137 8.863288 9.002040 8.351947 8.844500 8.654160 9.024613 8.284979 8.854316 8.048859 8.413047 8.501025 8.181558 8.282428 9.123084 8.673068 8.114469 9.168936 7.315457 7.874601 8.808542 7.900878 9.175459 8.541770 7.900343 7.856721 8.048045
7.978420 8.585783 8.762038 8.811784 7.857431 8.638195 8.155190 7.406831 8.579371 8.056347 8.258664 8.200532 8.670378 8.629797 8.864107 8.776413 9.564749 7.828313 7.819611 8.900192 8.313226 8.558293 7.858847 8.128049 8.811882 8.279299 8.572210 7.891138 8.643873 8.938468 8.739000 8.953441 8.360872 8.976344 8.223997 7.756226 8.393967 8.705046 8.650678 9.124502 8.584503 8.389891 8.801290 7.100732 8.027208 8.912237 8.740365 8.719722 8.205203 8.436076 7.799155 8.963052 8.632075 8.631155 7.914988 7.812514 7.484096 8.740993 7.938348 7.738904 7.940055
8.689291 8.418989 8.671325 8.069142 8.720937 8.550406 8.319915 8.830091 8.268233 8.507126 8.579255 8.664548 8.272422 7.961512 8.503691 9.283887 7.999181 8.708210 7.755027 7.899698 8.324838 8.888209 9.516734 8.234893 8.883247 7.757407 8.687532 8.660698 7.033133 7.952972 8.452442 8.170616 8.303991 8.667599 8.355705 8.757152 8.837648 8.527698 8.404130 8.209002 7.999456 8.133795 8.450127 8.305403 8.065052 8.886204 7.419579 8.278644 8.019563 8.267781 8.930501 8.324091 8.778211 7.821420 7.394939 8.283103 8.221416 8.035483 8.638885 8.138894 8.673396
9.561076 9.109863 8.500667 7.881542 8.371862 8.599392 8.887485 8.346889 8.444563 9.310067 7.749645 9.273217 8.485655 9.133115 7.568652 7.915409 8.893956 7.932825 8.644039 8.462065 8.342557 8.969551 8.626918 8.714581 7.615121 7.846052 8.054294 8.403923 8.148892 7.933496 8.652109 8.966590 7.542488 7.754319 8.417822 7.845219 8.813924 9.956847 7.783412 8.915304 7.617218 8.436484 8.758198 8.576884 9.099978 7.730834 8.155816 8.692917 8.150548 7.635141 7.735226 8.044093 8.970427 8.267308 7.416349 7.220549 7.805221 7.836912 8.454796 8.539924 7.868713
9.441248 9.512234 9.081479 8.259265 8.407231 8.177184 8.712377 8.440195 8.760795 8.228617 8.109493 8.233473 8.830340 9.547331 8.204139 9.097471 8.318857 8.611703 8.670446 8.131309 8.178405 8.903776 8.336884 8.914336 8.132122 8.151432 9.217551 9.141868 9.841900 8.737107 8.357837 9.318576 9.135367 8.092675 7.537032 7.380715 8.991876 7.634629 8.301902 8.301935 9.197044 7.952207 8.929031 8.085307 8.087999 8.004576 7.955262 8.853470 8.309615 9.176541 8.047350 8.579934 8.222349 9.070201 9.195407 8.854198 7.799863 7.742341 8.871412 7.539363 8.401302
8.850824 9.213342 7.366930 7.602889 8.476309 8.856898 8.373921 8.971241 7.992820 8.489982 8.452694 8.703442 8.872971 8.212134 8.676772 8.652088 8.354160 7.835931 9.292046 7.617152 7.991597 8.965347 8.615236 7.838847 8.919238 8.419623 8.961532 8.090252 8.409383 8.823596 8.374085 7.974958 8.742896 7.803154 8.802216 8.742488 8.421868 7.789214 8.952674 8.342652 7.929928 9.165899 8.207176 7.597357 8.906931 8.452239 8.471040 7.320773 8.229710 9.049890 7.591662 8.359800 8.566041 8.152065 8.880187 8.950680 9.466754 8.277013 9.129899 8.660761 8.195652
8.187555 8.732492 8.042792 7.491352 8.718559 9.219634 8.841395 8.751502 7.967892 7.483902 8.018711 8.004919 8.234580 9.230275 7.864008 8.586512 9.037500 8.037803 8.355855 8.466118 9.096737 8.407196 8.073840 7.473307 7.977543 7.764302 8.917959 8.781771 7.797425 9.368859 7.913890 8.598675 7.921672 8.193751 8.442657 7.714158 8.442799 8.266907 8.212400 7.266002 7.666448 8.039602 8.217033 8.604675 8.263598 8.187376 7.769126 8.875326 8.685554 8.346706 8.470372 7.857626 9.298593 8.745916 8.106685 7.567406 7.331585 7.670528 8.169304 8.660889 8.026806
8.746511 8.469992 8.915502 8.769610 9.828702 9.337603 8.214964 8.257185 8.617328 7.733186 9.024547 7.966315 8.172547 7.815406 8.418215 8.568930 8.512872 7.928592 8.494132 8.842254 8.712919 8.143739 7.627152 8.592734 8.378484 7.772829 7.708957 9.071721 8.958132 8.631714 7.732609 9.124971 7.954472 7.287021 8.520728 8.502156 8.432962 9.279590 8.052840 8.237152 8.322619 8.028671 8.707035 7.829240 9.072480 8.311541 8.728123 7.397361 8.230471 7.719859 7.481542 9.632492 8.365690 7.720830 8.464459 9.402179 8.235775 8.727555 7.960239 7.526136 7.661920
8.481481 8.146026 8.467022 8.884597 8.088977 9.291731 8.404728 7.919804 8.676187 9.312970 7.955521 8.447565 9.373539 8.044257 9.136342 7.476318 8.255988 9.098390 7.859524 8.029696 9.039667 8.147836 7.274033 9.378150 7.482152 8.195531 8.777288 7.591407 8.649075 8.000347 8.249468 8.651768 7.844676 8.854892 8.070542 8.612039 8.085171 8.109858 8.990107 7.715255 8.819109 8.424429 8.912248 8.473419 8.044383 8.911888 7.940744 9.302015 7.708777 8.701501 7.855706 7.794649 8.870923 7.968197 8.867587 7.935649 8.073900 7.823647 8.137966 7.791726 7.873186
8.872843 7.812957 8.775611 7.592021 8.793218 9.132686 8.886695 8.940296 9.326108 8.480984 7.256208 8.764552 8.070599 8.212025 7.554084 8.499751 7.791956 8.130704 9.220731 8.527169 8.429053 8.457643 8.288711 8.124929 8.229466 9.014052 7.980060 7.978167 8.764487 8.425954 7.573417 8.091648 9.272901 7.716412 8.477333 8.447840 8.637011 9.081640 8.551940 8.873168 9.261068 8.389390 7.607666 8.593273 7.932770 8.983295 7.571721 8.325355 8.090037 8.515357 8.327307 8.729751 8.074292 7.620967 7.951346 8.338397 7.626819 8.107531 8.275202 9.228959 7.897435
7.550908 9.193845 8.527000 8.686145 8.047347 9.679432 7.680576 8.995449 8.992682 8.270231 8.753433 9.380277 9.646388 7.587430 8.127142 8.313548 7.965155 8.510912 9.244197 8.369451 8.277877 7.568930 8.633411 8.374394 8.146851 8.149475 8.467076 8.460359 8.967659 7.968640 7.888103 8.541630 7.821040 7.270426 8.119319 8.926389 7.628203 8.834666 8.405245 8.092463 7.295922 8.937011 9.641134 8.997041 8.727946 8.513169 8.320903 8.619441 8.019653 8.422325 7.338947 7.752937 7.679146 7.322368 8.198192 7.871122 8.634409 8.139652 7.801218 8.032391 8.801542
7.747950 8.857887 8.602719 8.705909 8.729415 8.451560 7.836921 8.399854 7.932128 8.330194 8.570451 8.689873 8.614189 7.722313 9.045023 8.487366 8.073466 7.483471 7.847525 7.564315 8.230209 8.588172 8.855316 8.139601 8.527753 7.917474 8.762341 7.697146 8.111476 7.293369 8.491178 8.291446 8.934546 8.501655 8.319964 8.485759 7.781288 8.982555 7.503773 7.737383 7.720488 8.644362 8.186478 8.478757 8.316724 8.682189 8.147074 8.341907 8.563182 8.272202 7.856474 7.379636 8.563868 7.712759 8.450791 7.122982 7.321532 8.651965 8.462345 6.967551 8.281447
8.649212 8.029770 8.496268 8.189921 8.436188 9.207375 8.725956 9.272196 7.811726 8.453115 7.083883 8.246715 9.050434 8.212442 8.396009 8.463453 8.948494 8.435659 8.949739 8.822136 7.761803 8.341257 9.190695 7.805419 8.276678 8.154508 8.367629 9.022217 8.876882 8.482663 8.482759 8.178438 8.144440 8.075035 8.352424 8.184551 8.278937 8.641859 8.164403 7.837834 8.358034 8.881587 9.220548 9.030780 8.391058 8.702976 8.323139 8.557278 7.837648 8.281673 9.249285 9.176707 8.287003 7.612146 8.739578 7.630865 7.850654 8.073030 8.643777 7.533171 7.873729
8.711385 8.322258 8.752726 8.821931 9.008466 8.783110 8.809486 9.243322 8.584027 8.427959 7.142864 8.226945 8.551020 7.865481 8.504131 7.794701 8.493202 8.487809 7.960576 8.801444 8.607470 7.831904 8.556203 8.166192 8.917890 8.243162 8.466174 8.333116 8.629312 7.714409 9.211169 7.788149 8.382700 8.730111 7.998629 8.291955 8.017778 8.288554 9.471013 7.771117 8.544479 8.204506 8.333660 7.889686 8.144628 8.487350 8.791875 7.558732 7.272699 8.075180 8.462507 9.248096 8.927739 7.619827 7.834734 8.119845 8.505938 7.957977 8.214984 8.037303 6.893397
7.739030 8.376110 8.392548 9.163997 8.158811 8.256240 8.903471 9.220939 8.614852 8.550606 7.861764 7.287992 8.339043 8.030099 8.474518 8.149427 7.748673 8.495461 8.990273 9.035557 8.462881 7.738940 8.655592 8.311108 8.361104 8.402119 8.626749 8.630093 8.451163 7.717807 8.826631 9.123917 7.795496 8.396255 7.575289 8.886603 8.320456 8.992614 9.275295 7.851989 8.085796 8.545337 7.635055 8.049348 8.443156 7.312485 9.077901 8.049375 7.490653 7.471019 7.654488 7.811208 8.080542 8.095427 7.666208 8.329497 8.459266 7.727924 7.466008 8.743234 8.311095
8.853070 9.198969 8.480656 8.368494 8.498998 8.809662 8.117214 8.333957 8.188945 7.656708 8.338235 9.079919 8.392610 8.785656 7.958851 8.815353 8.558751 7.959777 7.822576 8.472956 8.071457 8.753394 7.762993 7.071390 8.240484 8.823456 8.698493 7.930649 8.518757 8.527412 8.669341 8.780431 9.408858 7.869960 8.919077 8.055708 8.183629 8.090746 8.135626 8.475974 8.817091 7.750925 8.289945 8.654735 8.587505 8.261673 9.237611 7.930975 7.512810 8.079983 8.934448 8.150247 9.203177 7.455484 9.116417 7.925394 8.097966 8.477191 8.377895 8.398620 8.412621
8.198458 9.391943 8.434040 8.621630 8.667245 8.590434 8.622241 8.268407 9.092709 8.362405 8.070342 7.674905 9.242003 8.631298 8.569820 7.722581 8.490766 8.477019 7.716909 8.387517 8.927956 8.559724 9.093285 7.626683 8.323097 7.800532 9.000518 7.814293 8.276743 7.888249 8.598178 8.458628 8.988095 8.348726 8.754270 9.044941 7.969435 8.405930 9.023968 7.822702 9.006877 8.367758 8.022626 8.695981 8.572839 7.690224 8.572481 8.171431 8.549173 7.775718 8.708305 9.294069 7.651624 7.474849 8.480711 7.968946 8.101244 8.202690 7.607053 8.175930 8.406464
8.657825 7.659769 8.456042 8.049711 7.967788 8.971599 8.806892 8.344410 8.542593 8.765575 8.247081 8.438136 8.583634 8.155617 9.062939 8.469132 8.194832 8.554294 8.175909 8.755372 8.829066 8.808974 7.713051 7.771086 8.380928 9.087671 8.786365 7.825962 9.246748 7.500000 8.394112 8.035251 8.803063 8.356787 8.949053 8.816946 9.064988 8.872483 8.338719 8.685096 7.872754 8.667997 6.489648 7.658488 8.881672 8.661578 8.846451 7.778030 7.294567 8.763946 8.573980 8.954082 8.373546 7.810792 8.587799 8.087473 8.353383 8.275382 8.207140 7.691656 7.734153
9.359103 8.442513 9.615158 8.513651 9.106335 8.705120 8.269528 8.646363 8.038319 8.500962 8.951126 8.376083 8.228492 8.161868 8.865835 8.144789 8.071487 8.837064 8.342724 8.120926 8.255527 8.794025 8.436778 8.657317 8.336262 8.565049 8.813193 7.816173 7.506275 8.206150 8.901521 8.651149 8.285306 8.430872 8.200282 8.397047 8.380343 8.594873 8.409155 7.592063 7.122126 9.036807 8.757059 8.309132 7.700983 8.077863 8.709071 8.478480 7.583216 7.874261 8.103480 7.979619 8.099344 8.815812 8.297806 8.107417 8.419731 8.047807 8.134718 7.848216 8.165802
8.339330 8.559991 9.236421 9.107580 8.216455 8.519242 8.721966 9.118251 9.224135 8.159916 7.965989 9.121111 7.385920 9.072363 6.460450 7.692715 8.435413 8.588618 8.415604 7.577371 8.942527 8.346528 8.622717 8.467273 8.222874 8.520769 8.402663 8.714336 9.175188 7.879266 7.511217 8.434226 8.263416 8.288254 8.024476 8.340707 7.929946 8.151769 8.363201 7.348810 7.221653 9.259065 8.104784 7.202575 6.931770 8.241110 8.679404 8.612068 8.246010 6.990047 8.327058 8.203601 8.361167 9.242604 7.484330 7.798120 8.649928 7.905068 7.870976 8.461950 8.824554
8.832758 8.944346 8.961085 7.905387 7.840599 9.817628 8.767429 8.561565 7.701614 8.688730 8.816899 8.137607 8.156099 7.233472 7.541551 8.052331 8.514885 7.797110 9.172842 8.655682 8.744865 8.394478 8.198473 7.514277 8.357651 9.397659 8.226336 9.248702 7.996340 8.448953 8.678084 8.815195 8.655373 8.574227 9.140784 9.541281 8.293938 8.064428 7.341990 7.683199 8.387522 7.507645 7.628597 7.952795 7.966891 8.259826 8.600119 8.619237 8.071623 8.360764 9.060062 7.546993 8.481338 7.499447 7.664517 8.433836 8.459742 8.750445 7.125988 8.458054 8.683124
8.829079 8.491477 8.301443 9.509073 8.734439 8.541219 9.198022 7.845131 7.721284 8.686644 8.439284 8.167429 9.009924 8.443849 8.883887 8.121827 8.797521 8.524955 8.531449 8.807922 8.394836 7.982817 8.388931 8.204688 8.684739 8.261482 8.611460 9.336023 8.105159 8.440237 8.804302 8.849666 8.425750 8.452347 8.076319 7.760339 7.585036 8.557517 9.158661 9.064390 7.362328 7.891795 7.564779 8.387983 9.076557 7.372151 7.522219 8.575491 7.997795 8.799130 8.677148 7.885612 8.019279 9.226931 8.000123 9.392713 7.619275 8.670759 7.842255 8.084201 7.999774
8.570780 8.318630 9.168119 8.956991 8.076953 7.784131 8.689911 7.560216 8.408930 8.975851 8.422833 9.289530 8.866077 8.220632 7.836350 8.859083 8.923939 8.034049 8.698905 8.328407 8.605581 9.035874 8.534865 8.456785 8.098477 8.147276 8.706093 7.342812 8.913909 8.187425 8.946484 8.040739 8.028015 7.993649 8.738298 8.324426 7.718747 8.797200 8.854263 7.492994 8.459872 8.605105 8.992792 8.274232 7.673880 7.551506 7.662176 8.108723 8.343719 8.408823 8.716594 8.885167 8.342896 8.263626 8.253052 8.271443 8.108074 7.560412 7.837170 8.232966 9.123032
