cenop/data/CentralBaltic/salinity0000_04.asc
NCOLS 400 
NROWS 400 
XLLCORNER 4750000.0 
YLLCORNER 3200000.0 
CELLSIZE 1000.0 
NODATA_value -9999 
[rows 297 to 323 of 400, columns 122 to 182 of 400]
9.766408 9.606152 9.821371 10.821824 10.335391 10.421416 9.130193 10.022501 8.763235 10.398378 9.233047 10.193663 9.492428 10.132302 9.887778 9.502265 9.454057 9.717642 9.868553 9.499323 9.751664 9.464039 9.204393 9.266050 9.154675 9.740308 9.288331 9.783469 9.018636 9.104291 9.538921 9.249474 9.911278 9.044046 9.725947 10.154774 9.387038 8.771940 10.298085 8.603240 9.780370 9.466416 9.712934 9.708386 9.094353 9.263962 9.798005 10.213549 9.662051 9.323062 9.399041 10.463416 8.747025 8.740208 9.445200 9.932141 9.006229 8.722608 9.772512 9.351938 9.637809
10.656053 9.237463 10.270367 9.268109 9.595314 9.741163 9.908397 10.161241 9.822030 9.493226 9.050106 10.378401 10.713468 9.974780 10.332809 9.846763 9.895362 9.924400 10.013211 10.567957 9.567117 9.947847 10.247120 10.597462 10.160443 9.108373 9.868285 9.444261 9.752651 9.256440 9.502033 9.160343 9.763320 9.134281 9.145983 9.140022 9.110228 9.260595 9.271952 9.050139 8.911899 9.834232 9.468569 9.938542 8.878031 9.522159 8.978343 9.310282 9.233161 9.721993 8.888465 9.641748 9.420200 8.544704 9.681038 9.064059 10.520181 10.277176 9.510209 8.767153 9.894289
9.737674 9.723847 9.944589 9.842405 9.405572 10.047242 10.193257 9.477261 9.274541 8.720812 9.590121 8.917837 10.615643 10.258309 9.188504 9.376764 9.746795 10.358487 8.809368 9.680102 9.032966 9.525922 10.072395 9.124717 9.713947 9.860738 8.968486 9.159209 9.395880 9.828044 9.466070 9.923162 8.822740 9.098586 9.606414 9.926915 10.655571 8.863271 10.047405 9.317767 9.778483 10.245188 9.747349 9.926584 9.637578 9.086790 9.165778 9.928930 9.832722 9.716070 9.135468 9.961050 9.237681 9.775758 8.803619 9.147386 9.579202 8.944272 9.266054 9.159601 10.334054
9.685091 9.371085 10.158040 9.772845 9.513647 8.994996 9.862491 8.671172 9.605828 9.480938 9.755481 9.252444 9.460997 9.543075 9.602787 9.323624 9.259762 10.184806 10.489946 9.044161 9.534100 10.604201 10.302994 9.144663 10.164941 9.164560 9.299601 9.832131 9.415831 9.095107 10.334408 9.347855 9.681118 9.608809 9.101680 9.702440 10.866293 9.298924 9.174781 8.659979 9.432888 8.654559 9.346494 9.771014 9.132667 9.336037 8.610487 9.953273 9.637972 9.617302 8.968950 8.992789 10.181395 8.455041 7.761038 9.998354 9.209222 9.468363 9.567407 9.294625 9.522547
9.318591 10.065129 9.890020 10.015194 9.218508 9.767055 10.656682 10.493123 9.652753 8.924334 9.058626 9.281666 9.650131 10.482725 9.668366 9.795196 9.966984 8.750840 9.648158 8.998985 9.982088 10.012780 9.856966 10.236148 9.807511 9.681165 9.798170 9.767394 9.671978 10.010252 9.127095 9.544897 9.250707 9.116530 10.120468 8.961295 9.249366 8.880664 9.007259 9.615931 9.557408 9.838237 9.909109 9.253735 8.725385 9.884147 8.716269 8.843936 9.797288 8.883176 9.393690 9.221568 9.131888 9.112356 8.731822 8.301238 8.631336 9.225558 9.208764 9.695879 9.210737
9.912894 10.328689 9.373070 9.359410 10.621499 10.396860 9.328069 8.772985 9.928052 9.892702 9.332152 9.584292 10.125206 10.130982 9.852536 10.049417 9.308314 9.884312 8.648154 9.785067 9.101522 8.741811 9.727579 10.326171 9.620016 9.305732 9.423273 7.897958 9.392529 7.804018 9.533466 9.736801 9.497549 9.381526 8.993507 10.083365 8.925187 10.383342 9.904507 8.787764 8.751784 8.937891 9.242598 9.868240 9.511345 8.892040 8.832907 9.894475 8.921204 9.245300 9.498009 9.620613 9.203772 9.082136 8.423029 8.792211 9.804276 9.901577 9.043727 9.112538 10.419550
10.139306 9.852716 9.660789 9.464372 9.028912 9.309402 9.223513 9.694282 9.859288 9.100476 9.544975 9.648227 9.525339 10.041919 9.923799 8.866068 9.777111 10.322308 9.304433 9.722481 10.188254 9.416160 9.859850 9.523313 8.722697 10.380251 10.313764 8.687233 8.471395 8.618027 9.327853 8.961384 9.861362 9.979627 10.448148 9.124037 9.560007 10.206372 9.476755 9.330302 8.781981 8.939306 9.105503 10.663309 9.627251 9.402049 8.919585 9.221851 9.709903 8.910885 9.155494 8.644248 8.571808 8.917864 8.696626 9.229673 9.882352 9.809636 9.227058 10.094915 9.852617
9.396557 9.462384 9.924683 10.388921 10.546848 9.068410 9.546180 9.625275 9.675583 9.856898 9.393620 10.085195 9.510714 10.035171 10.630489 9.244046 9.992479 9.379042 9.289983 9.554914 10.526063 9.927758 9.071082 9.746384 9.080222 9.536254 9.493985 9.274873 9.238508 9.506096 9.217330 10.034068 8.956524 9.466488 8.596700 9.142566 9.589451 8.704610 9.768136 9.422075 9.582562 9.122671 10.003988 9.205531 8.911838 9.793924 10.463139 9.914318 9.235700 9.940100 9.429412 8.983168 8.718398 9.440017 9.840871 9.804948 9.228141 8.282599 9.271701 8.454767 10.031913
9.312923 9.611861 9.326215 9.891413 8.911843 8.633746 9.125672 9.627042 9.178228 9.200655 9.882542 9.224977 9.460257 9.737896 9.554471 9.050927 10.449010 9.357448 10.290752 9.150616 9.825245 8.458929 9.417492 9.965957 10.197646 9.899836 9.513508 9.397668 8.661670 9.565375 9.643924 9.101573 9.302245 9.304601 9.459487 9.747114 9.391044 8.770295 9.376427 8.836524 9.529437 9.337995 9.261383 9.672926 9.635558 8.819711 9.676273 8.301440 8.956648 10.239465 9.472066 9.411610 9.799192 9.807199 8.691521 8.819104 9.449062 8.998422 9.108633 9.679547 9.216912
10.781794 9.270645 8.986847 9.134117 10.098274 9.315586 8.557583 10.017521 9.381422 9.844105 9.851748 10.177180 9.738511 9.662748 10.346184 10.284335 9.526302 8.325262 8.935853 8.786922 8.779823 9.794348 9.395231 9.750889 9.629840 9.729766 9.217232 9.215710 10.029052 9.739128 10.490491 10.097103 9.924148 9.342492 8.855034 9.020410 8.806273 9.601193 8.843138 9.827407 9.627909 9.424482 9.155202 8.920845 9.145359 9.666300 9.796880 9.640404 10.147443 8.301532 8.940488 9.019128 8.796876 9.295596 9.896417 8.528291 8.672433 9.823654 8.754311 10.007672 9.356575
9.274428 9.080413 8.272171 9.470836 9.322736 9.639948 9.054717 9.446151 10.149472 9.725414 8.838606 9.103432 9.048526 8.936592 9.176178 9.194290 9.556698 10.804951 8.877193 9.579783 9.966555 9.764207 9.685678 10.080777 8.869847 9.292866 9.536407 9.526365 8.316353 9.848500 8.207698 9.194441 9.282901 9.487315 9.301545 9.363989 9.236669 9.383605 9.312235 8.789919 9.456356 9.623789 9.025950 8.746872 9.120998 8.714123 8.299166 10.354826 8.684678 9.243621 8.446777 9.447774 8.696794 9.706686 9.733366 8.522296 8.984303 8.469120 9.490426 10.413859 10.131921
9.210753 9.209416 9.111609 9.659191 10.320256 9.953452 9.349928 9.438891 10.017255 10.041457 10.176707 9.929930 9.702490 8.852149 9.386690 8.794577 9.963727 9.293322 9.495328 9.667494 9.318607 8.958637 9.634597 9.526495 8.514094 8.696452 10.232321 8.721658 9.840802 9.222083 10.876618 9.569267 9.904498 8.734459 10.562176 10.666256 10.176766 9.087578 9.133556 8.662664 9.687456 9.151042 9.930474 9.533667 9.284345 8.519258 8.321772 8.997077 9.230308 9.698788 10.063858 9.515815 8.730154 9.224654 9.377377 9.897049 9.030767 9.346303 9.238176 9.643862 9.682676
8.976723 8.837859 9.815671 9.437543 9.713731 10.017789 10.235866 9.297822 9.213929 9.434556 9.677878 10.267177 9.653402 9.315164 10.659236 9.951138 9.277223 9.331514 9.340228 9.159391 9.644505 9.186986 8.964188 8.830825 9.262444 9.670702 9.051797 9.905027 8.734360 9.239200 9.174831 8.966589 9.820382 9.106342 9.546601 9.656918 9.655947 9.245430 10.138331 9.818231 9.744623 9.422429 9.583021 10.065315 8.659267 9.006779 8.228173 9.721468 9.648940 10.655900 9.157092 8.860245 9.226398 10.255253 10.087400 8.353349 9.463166 9.107246 9.000065 8.729408 8.739441
9.656788 9.473370 10.654733 10.006295 9.324181 9.827894 10.452085 10.671778 9.588763 9.454611 8.577458 9.237642 10.108684 9.621969 9.623762 8.558570 9.049534 9.914246 10.205087 9.636181 9.238756 9.133053 8.952423 10.067799 9.262058 8.768407 9.114040 10.914325 9.673160 9.037759 9.091989 8.891245 9.771142 10.017370 9.271571 8.646121 9.592973 10.194584 9.569456 9.149954 9.027620 9.423129 9.931802 9.911914 7.960590 9.631472 9.440054 9.077093 9.571561 10.177138 9.285204 9.260631 9.365259 9.188009 8.557544 8.879727 9.302487 9.038820 10.163352 8.115733 9.021233
10.469879 9.137766 9.141197 8.985777 9.876922 8.632623 9.877713 8.628665 9.285945 9.127417 8.735004 9.986330 9.035883 10.176962 8.367694 9.320469 9.022613 9.008844 10.197480 10.145209 9.321228 9.138859 9.526170 9.237568 9.361158 9.982668 9.527754 9.539767 9.120053 9.016401 8.829131 10.340115 9.016245 9.227478 8.392350 9.253645 9.156663 8.498262 9.196570 8.620008 8.915619 9.184250 9.426589 9.668072 8.852006 9.312203 9.221912 9.449135 9.278880 8.933322 8.749650 9.666166 8.959320 9.576159 8.479585 9.793342 8.919142 9.354659 8.183972 9.364779 9.532487
10.038903 9.590784 9.444238 9.736748 9.317339 10.482774 8.756297 9.817100 8.553323 9.038950 9.542762 9.246695 9.453835 10.219522 9.558295 9.585374 8.648793 10.163267 9.451068 10.246856 9.922338 9.868184 9.700066 9.652237 8.714783 8.858717 9.081948 8.947902 9.110533 9.641599 9.412886 9.024466 9.762980 8.861215 8.670591 9.564937 9.423296 9.505575 9.500348 9.342005 8.772580 9.289243 9.358106 9.204697 9.709914 9.689918 9.240855 9.779507 9.361407 9.129394 9.870980 9.990539 9.328805 9.237707 9.689781 9.434004 9.353905 8.643567 8.352722 8.432905 8.964307
9.229466 9.455167 9.038588 8.534115 9.402623 9.333863 9.542886 8.317033 9.848332 10.067557 8.201113 9.422724 9.385058 9.127416 9.887389 9.173188 9.399775 9.605798 9.717374 9.640569 9.061308 9.222834 9.885314 9.076952 9.449801 9.873733 8.658172 9.204366 8.835809 7.719722 8.316076 9.911800 9.669849 8.087462 9.702797 9.786320 9.174534 9.438658 8.299564 10.117839 9.050480 9.574070 9.736573 9.052560 8.860968 9.628985 9.396063 8.526521 9.075718 9.045713 8.973356 10.395338 8.776161 9.568014 9.002799 8.781838 9.052932 8.171060 8.963693 9.987715 9.712934
9.283148 10.100517 9.113362 9.325668 9.521558 9.985120 9.200335 9.812151 10.289226 9.442069 9.725787 8.919550 9.462291 9.298889 9.332408 8.634072 8.933052 10.285396 9.051537 8.358614 8.419373 9.058374 8.739345 9.347396 9.457495 9.702463 9.450365 10.390938 10.085165 9.296667 9.948619 9.372828 8.782089 9.983873 9.409056 9.525276 10.072376 9.706006 9.930695 9.256626 9.662115 9.563099 7.415793 9.240626 10.026267 10.226538 8.334795 8.800864 9.506235 8.868584 9.100167 8.009473 9.384609 8.845286 9.141042 9.110565 8.882428 9.081835 8.780847 8.996657 8.491433
9.138974 9.244750 9.268413 9.865795 9.482643 8.920071 9.360767 9.521619 9.929667 9.203442 9.766943 9.032205 9.063935 9.687906 9.645984 9.754386 8.730826 8.793716 9.044980 9.096030 9.665600 9.114074 9.479733 9.821536 10.050589 8.692565 9.761774 10.840910 10.062773 8.562364 8.836751 10.284387 9.471614 8.959726 9.434578 10.048867 8.515143 9.654095 9.688009 8.822272 9.535081 9.034130 9.381064 9.701479 9.089206 8.692086 9.664105 9.505028 8.541600 9.504923 9.521398 9.275320 8.768101 10.071447 10.050900 9.211130 8.385126 8.888604 8.877353 9.019912 9.322781
10.162951 9.036670 8.741197 9.439218 8.772527 8.516813 9.736623 9.356839 9.758086 9.085238 8.709447 9.019155 9.686763 8.816144 9.642708 10.445570 8.826541 10.523320 9.332671 9.314513 8.703501 8.736878 9.092497 9.220078 9.457218 7.960332 9.090824 9.355680 9.535519 9.347955 8.818922 9.494572 9.059310 9.054829 8.791952 8.417036 9.730000 9.427566 9.435576 9.362997 9.725808 8.972456 8.968366 9.578386 8.633068 8.658198 9.299918 8.844960 7.980348 8.768363 10.463391 9.032532 9.716934 9.307695 10.137240 9.122944 9.056190 8.810167 9.680862 8.685285 9.136762
9.104869 9.142759 10.064687 8.845216 9.551863 9.218129 8.764678 8.782833 9.967411 9.550998 9.555206 9.276996 9.677584 10.175334 9.219872 8.965537 9.767020 9.086950 9.260055 10.097116 9.709193 8.127238 9.610015 9.740016 8.807026 8.213883 9.083338 9.217458 10.185165 9.332884 9.748192 9.213644 8.850244 9.805030 8.559860 8.925971 8.990260 9.622656 9.135287 8.669711 8.966305 9.629135 9.113995 9.304391 9.341477 8.976479 9.431262 9.303438 9.146443 8.222899 9.405633 8.902678 9.685408 9.195831 8.810234 9.343792 8.903495 9.134348 8.199165 9.432204 8.879612
9.831567 10.204764 9.274916 9.727230 9.755488 9.705595 9.893798 8.791371 8.546270 8.936581 8.893181 9.871412 9.388875 8.579880 8.819827 9.677506 9.138661 8.971858 9.867560 8.355153 9.315082 9.265096 9.182818 9.058464 9.764285 9.122750 9.936600 8.544044 8.927257 9.211367 7.661240 9.376579 9.210887 9.264838 8.958840 9.006189 9.701581 8.259597 9.078574 9.405458 9.856036 9.226769 8.938941 9.207051 8.203393 9.691773 9.024670 9.806193 8.131832 8.294868 9.243427 8.728107 9.396203 8.559341 9.341698 9.820144 9.257764 9.231867 9.537555 9.023901 9.203636
9.275380 9.644613 9.934628 9.815870 9.289682 9.116094 9.012456 9.756883 8.373124 9.120898 9.421599 10.033506 10.192555 9.064819 9.846368 9.498167 9.215349 9.136755 9.060256 9.647752 9.082468 9.664025 9.929048 9.098109 9.418519 9.544143 9.888786 9.758256 8.900853 8.761619 9.050801 10.342780 9.019098 8.891856 9.773107 8.595390 10.467070 9.345499 9.406625 9.278671 8.732212 9.914660 8.477322 9.617141 9.104336 8.937026 9.221527 8.380529 10.057311 8.928099 9.830901 8.971963 9.271028 8.690773 9.200204 9.199067 9.708309 8.749958 9.341239 9.655845 8.989054
9.340963 9.790370 9.773086 9.111980 9.562925 9.021372 10.102146 9.172660 9.990693 9.549214 9.903566 9.598694 9.642638 8.993594 8.613087 9.224593 11.130098 9.816342 9.545540 9.407365 8.438915 10.203102 9.684867 9.435313 9.426186 9.090328 9.157126 8.177052 9.475457 8.656779 8.460605 9.621475 8.953078 8.742782 9.306351 9.685334 9.355115 9.853364 8.926434 9.696892 8.889856 8.854434 8.569426 9.027555 9.599215 9.255704 8.571265 9.381899 8.827258 9.421912 9.307452 9.066046 9.570215 9.667265 9.274011 9.343053 9.743906 9.093762 9.187699 9.091803 9.833485
9.753918 9.159850 9.617092 8.715276 9.633075 9.700883 9.576822 9.246719 8.672427 9.736388 9.681959 10.024685 9.242453 9.804670 8.194191 9.330691 8.360570 9.983590 9.167004 9.532138 8.695617 9.351556 8.938394 9.519641 9.554090 9.258786 8.876485 8.343193 9.327000 9.147498 8.891921 9.512065 9.171285 9.342445 9.041427 9.696960 9.252744 9.053019 9.899882 8.511886 9.610444 9.743183 8.778563 8.813595 8.602238 9.198615 9.395794 9.255019 8.755086 9.485805 9.820932 9.174943 8.936149 9.496488 9.845968 7.830456 9.114374 8.913058 8.970397 8.619739 9.164456
9.038993 9.424074 9.560973 9.204358 9.203536 8.701473 8.679449 9.106061 8.150641 9.650967 8.861968 9.368313 9.525769 9.057847 9.357627 8.919015 8.946937 8.444770 9.257645 9.369841 9.390160 10.008416 8.292460 9.477028 8.850503 9.669663 9.959882 9.895610 9.299257 9.606624 10.560957 9.313496 9.419238 10.081852 10.049739 9.159660 9.027925 8.781632 9.241975 8.257193 8.178132 9.671783 9.372694 8.619320 8.986882 9.423082 8.908108 8.688571 8.780698 8.694826 8.286483 8.906763 8.225450 8.498407 8.257955 9.283040 9.320020 8.482154 8.792187 8.932956 8.961871
10.434763 8.347582 9.327909 9.277466 9.420759 9.628352 9.289169 9.515970 9.003903 9.310935 8.950540 9.371193 10.172920 8.999157 9.129071 8.928618 8.874945 9.344468 9.366044 9.283346 8.409074 8.785745 9.677871 9.624374 8.855848 9.289172 9.595448 9.881778 9.173772 8.890538 9.478960 9.635937 9.313837 10.156434 9.502410 8.854727 8.977165 8.838911 9.231731 9.676982 9.846174 8.567133 9.590662 8.859122 9.431629 8.999863 8.919511 9.928100 9.030181 8.916745 9.183884 9.832356 10.258879 8.453715 9.142684 9.423130 8.661411 9.540973 9.516289 8.611796 10.265391
