cenop/data/CentralBaltic/salinity0000_05.asc
NCOLS 400 
NROWS 400 
XLLCORNER 4750000.0 
YLLCORNER 3200000.0 
CELLSIZE 1000.0 
NODATA_value -9999 
[rows 324 to 350 of 400, columns 186 to 247 of 400]
8.371096 8.137320 8.899573 8.174893 7.973009 8.481390 7.745316 8.115588 8.107931 8.093591 8.769660 8.901594 9.648896 8.705764 8.911715 8.422578 8.282728 8.571004 7.900837 8.854367 8.581866 7.612313 7.686556 8.357037 8.345727 7.453950 7.764658 7.447269 8.562496 8.736753 8.014913 7.474144 7.941230 7.401707 8.464774 7.820113 8.049165 7.993615 7.291767 7.696116 7.609182 8.124022 7.772984 8.358449 8.656709 6.911193 8.384902 8.332679 7.099097 8.189385 7.454524 6.980328 7.358050 7.996276 8.583477 7.941614 7.440586 8.463364 8.502669 7.571189 8.656584 7.826857
7.559796 8.306397 9.149553 8.519133 8.016371 8.569101 8.352792 7.967359 7.861736 7.361975 8.763419 8.036017 8.374136 8.058545 8.213573 7.903632 7.525895 7.361888 7.568411 8.602960 8.199744 8.364044 8.453879 8.354785 9.002257 8.092982 8.087066 8.085956 9.060572 8.573261 8.532831 8.458596 7.782591 7.997348 8.130573 7.615452 8.549312 8.054189 7.728250 9.273775 8.341534 7.870975 8.216234 8.514242 7.222653 8.467906 7.783317 7.554812 7.107476 8.259789 8.045285 7.611194 8.660358 6.952550 7.950530 8.122341 7.885485 6.681569 7.521785 8.454088 7.846000 9.076054
8.410763 9.084548 8.673507 8.025624 8.491768 8.922767 8.311139 8.667841 7.624585 8.345653 8.373690 8.150491 8.193280 8.033437 8.653980 7.876075 8.302169 8.301961 7.548138 8.371926 6.775893 8.505547 8.573193 8.505813 9.187852 8.101004 8.717178 7.974829 8.079523 7.738282 7.896476 7.236746 7.948352 7.999861 8.633378 8.053978 8.397960 8.630880 8.293289 7.394222 8.162522 8.084912 8.484638 8.509210 8.093845 8.078874 7.577548 7.766145 7.400793 7.645369 7.875887 8.281042 8.572629 8.032817 7.980841 8.146271 7.738569 8.443760 8.108663 8.129154 7.745632 7.506924
6.918049 8.380685 7.762257 7.857340 8.479448 7.941079 8.085991 9.007676 8.346850 8.045520 8.502190 9.283962 8.433677 9.032818 8.146942 7.939433 8.730500 8.768897 8.520870 8.667047 8.042297 8.724011 8.118679 7.641251 8.796625 8.670793 9.104935 9.636021 8.003473 7.652624 8.157037 7.572216 8.878919 7.703599 7.991488 8.521262 6.405151 7.490558 7.917427 8.323996 8.911514 8.016442 7.437331 8.353438 8.302904 8.135869 8.287003 8.339155 8.027246 7.815610 7.244120 7.486286 8.537666 8.384611 8.304676 8.014262 8.036492 8.774688 8.437729 7.764902 7.831315 8.747596
7.980636 8.405339 7.767989 8.059929 8.199311 8.779598 7.972673 8.973552 8.529336 7.524339 8.105222 7.457773 7.939983 7.537815 8.500315 7.316996 9.401841 8.688282 7.819798 8.368075 8.212446 8.278222 8.633831 8.398278 8.622770 7.737440 8.529260 8.602547 7.259000 8.530596 7.911900 8.354831 8.759218 9.488000 7.798641 8.789010 9.223289 7.777602 7.820922 8.949154 8.069187 7.818667 7.969790 7.927145 8.303808 8.366400 7.710501 7.791374 8.478992 8.585034 8.170118 7.726199 8.165023 9.005873 7.914068 7.550607 7.564915 8.110223 8.208198 8.029994 8.265010 8.443343
8.002053 8.416471 8.985583 8.683319 7.742543 8.741647 7.057923 7.342319 8.393569 8.805952 7.812236 8.115757 8.208025 8.427645 7.812108 8.490671 8.321404 7.822145 8.666446 8.457839 8.810265 8.192402 8.498500 7.865603 7.876157 8.163260 8.218324 8.159728 7.830558 8.248945 8.701703 9.377632 8.330388 7.854841 8.582897 7.568864 8.433822 8.837729 7.845403 8.925534 8.340926 7.647297 8.298019 7.751162 8.906360 7.709265 8.434563 7.471966 8.180762 8.258138 8.059328 7.252404 7.917885 7.986700 7.884260 8.168443 7.733035 7.595819 8.277703 7.925857 8.688030 8.144652
7.858735 8.013141 8.017082 9.060000 8.569723 8.405760 7.942270 8.763327 8.109795 7.839960 8.987566 8.073088 8.950394 8.022921 8.146855 7.706690 8.528469 7.927912 9.403458 8.563190 7.911152 8.761466 8.556982 8.509296 7.691968 8.648103 8.418734 8.808089 7.824973 7.637260 8.393992 7.845552 8.217048 9.379443 8.813145 7.145841 7.978147 8.191057 7.879746 7.557130 8.371282 7.314587 8.568536 7.893459 8.393484 7.790512 7.999290 7.894218 7.680807 8.687290 7.924516 8.607727 7.840325 8.641861 7.941944 7.166911 7.855045 8.212920 8.099515 8.483557 7.729953 7.994128
8.889664 7.509538 6.947631 7.810951 6.974199 7.851579 7.320041 8.062646 8.039390 8.357420 8.298034 7.808243 8.340838 7.816094 7.576974 7.929026 8.000637 7.435171 8.537243 8.340650 8.049184 7.885628 7.411776 8.148569 7.663682 8.978173 8.125836 7.467008 7.839919 9.020242 7.857982 9.012057 7.407502 8.095089 7.416287 8.589353 8.423610 8.196124 8.095287 8.024727 7.409475 7.189546 7.726903 7.648814 7.821017 7.724983 8.728966 8.019329 8.316688 8.920050 7.625628 8.114621 8.030482 8.458205 7.989715 8.724795 6.890170 8.188358 7.924675 8.294717 7.192934 8.907799
8.021929 9.060149 7.899357 7.943036 8.772086 8.160759 7.687750 8.658115 8.590661 8.203343 8.328034 7.762426 8.894975 7.919827 7.582727 8.680317 8.609240 8.015836 8.164905 7.591704 8.517121 7.399951 7.924055 7.911971 8.893007 8.344136 9.014857 9.200243 7.462314 7.575631 8.493237 7.835674 7.621163 7.942484 7.936026 8.302337 8.443712 8.459468 8.607139 7.358230 8.700254 8.055595 8.672015 7.373831 7.897294 8.635154 8.286673 7.196498 7.271262 8.740497 8.464841 7.898336 8.817987 8.327268 8.981015 8.050346 7.837215 8.062850 8.115869 7.852049 7.157863 8.269061
8.542354 7.864717 8.434315 8.261150 8.757338 7.584792 8.365030 8.379991 7.543848 8.928666 7.976613 8.370566 8.632284 7.873678 7.861303 8.219644 8.152334 7.890446 8.219186 7.911214 8.918556 7.990669 8.259641 8.035763 8.423454 7.918432 7.870364 8.238701 9.009601 7.976085 7.976617 8.243496 7.270769 8.610566 8.499631 7.179208 8.624282 8.645464 7.561723 7.890098 9.065699 8.548052 7.767067 8.092307 8.146365 7.545318 8.240545 8.426075 7.916174 7.214216 9.005702 7.814258 7.882501 7.844916 8.513239 7.686800 8.812546 9.100410 7.607026 7.918025 8.583903 7.996172
7.881627 8.690010 7.567353 8.497081 9.246561 8.767544 8.648113 8.162992 7.880116 8.627833 8.720067 8.157539 9.026770 8.909159 9.004184 8.209004 8.394517 7.964510 7.566959 8.746700 8.542924 7.452179 8.371936 8.367908 8.059349 8.666222 8.882315 7.420607 7.886663 7.980399 8.131500 7.446198 7.937542 7.976664 8.286771 8.865248 8.756850 8.515175 7.566256 8.266962 8.539376 7.832759 8.510284 7.849009 8.903869 7.583951 8.218149 7.263965 7.038574 7.637959 7.759963 7.642767 7.443968 7.824914 8.074628 7.793186 8.635279 7.526692 7.771114 8.310706 8.358091 7.803537
8.733539 8.222802 7.775679 8.675043 8.572197 8.208155 9.042467 8.178912 8.033610 8.761203 8.185908 8.430069 8.581590 8.512314 7.745357 8.210453 9.526545 8.013220 8.476101 9.069169 8.301325 7.886420 7.035647 9.029621 8.574819 8.639830 8.588659 8.112841 7.981733 8.018525 7.525443 8.877575 7.501200 8.084599 8.733142 7.662961 8.137517 8.545296 7.500158 8.056270 8.016866 8.077622 7.986705 8.662198 8.973254 7.879161 7.816151 8.670130 7.949757 8.073209 8.506801 7.901565 8.088955 7.590338 8.756652 8.254661 7.723566 7.474700 7.966985 8.507819 7.753280 7.500904
8.336216 8.545712 8.153101 7.510316 8.204837 8.641247 8.708697 8.782732 8.429186 8.744738 8.318188 8.483854 8.136481 8.571839 8.781646 8.390907 8.335011 7.109675 8.015863 8.333383 7.652145 7.725278 8.058887 8.232423 8.457894 7.164692 8.478185 7.271677 7.919919 7.564562 7.942492 7.888716 8.233183 9.010123 8.274512 7.829381 8.162918 7.136677 8.327838 8.493338 8.075704 7.858908 7.783086 8.044186 8.402431 7.935718 7.794802 6.975876 7.978916 7.714339 7.789242 8.704734 7.628266 8.428452 7.775786 8.317757 7.676643 7.061749 8.488289 8.010993 8.529004 7.012828
7.808551 8.480400 8.840624 8.498068 7.995483 7.538172 8.221556 7.163922 7.265433 8.333716 7.717584 7.908457 8.397220 9.132709 9.384481 9.711618 8.412085 8.214589 8.046721 8.218273 7.711906 7.677144 7.681331 7.822041 8.254003 7.754051 8.506549 8.482779 8.287047 7.914666 8.454587 7.678093 8.339797 9.020409 7.364997 7.427822 7.798430 8.382931 9.019723 8.325754 7.503008 7.550470 8.773377 7.962389 8.511690 8.063541 7.572519 7.912615 7.891330 7.689822 7.583136 7.686183 7.929438 8.170193 7.874323 7.557882 7.027588 8.102944 7.972503 7.171453 7.462967 7.922620
7.872523 7.255964 7.594185 8.281862 8.073006 8.356664 7.289129 8.542249 7.585696 7.685057 8.705409 8.884932 8.252603 8.305667 7.182354 7.499960 7.846020 8.372634 8.532222 8.759225 8.677378 7.629150 8.149597 8.776536 7.483944 8.866875 7.816519 7.929761 8.121703 8.347130 7.951969 8.270066 8.626144 8.688747 8.194424 7.476063 8.672977 7.374620 8.107001 7.764866 7.734788 7.562792 8.316200 7.476901 8.329643 7.805985 7.832588 8.415764 7.869161 7.941377 7.214376 7.413861 7.503761 7.993178 8.104194 8.181669 7.536087 7.506334 8.054625 7.321695 7.648018 8.577107
7.957771 8.244548 7.760021 8.109666 8.558670 8.224989 7.126027 8.170397 8.361964 7.211617 8.460455 8.729430 7.995379 8.614147 8.357555 7.799696 8.216176 7.836642 7.759648 7.574596 7.491559 8.392442 8.492051 7.635931 8.296196 7.552034 7.685594 8.013456 8.267292 7.481626 8.072360 7.986207 8.556935 7.566950 8.401292 7.631709 8.218630 8.405704 8.982508 7.685885 7.545211 7.671136 8.029085 8.440267 7.773724 7.804913 7.507818 7.460926 8.140360 7.428096 8.590805 7.225428 8.572549 8.088427 7.630496 8.412328 8.881136 7.960459 8.351462 8.137130 7.116983 7.954853
7.856433 8.299005 7.605789 7.827663 7.345252 8.953435 8.426322 8.526832 8.158724 7.994368 7.902741 7.203779 8.191698 8.818056 8.954945 7.430708 8.244517 8.269559 8.373487 8.866111 7.449442 8.007860 7.994687 7.846905 8.150850 7.591020 8.071429 7.194646 8.478398 8.944127 7.955689 8.376047 7.921754 8.035924 7.742062 7.449212 6.857322 8.308513 7.921493 8.299173 8.111715 8.167861 7.823557 7.234524 7.888912 7.639889 8.133732 8.088694 7.416284 7.905294 7.151687 7.943522 8.006433 7.954742 8.052393 8.555134 7.348089 7.395792 7.491591 8.640998 7.736205 7.625161
8.177804 8.200019 8.840226 8.280972 8.157696 8.732833 7.911713 7.909195 8.372797 8.731304 7.626330 9.054919 8.040537 8.074362 8.631690 8.263879 7.358368 8.305986 8.182911 8.036550 7.777032 7.624633 8.049400 8.699357 7.811121 8.005890 8.242511 8.669960 7.689433 7.790235 8.519438 8.426826 8.161989 8.521419 7.591785 8.346677 7.553488 7.795144 7.135574 8.024833 7.642981 8.816102 8.476296 8.600882 8.109709 7.141439 7.746267 8.062763 7.691462 8.577612 7.705335 7.982090 7.901486 9.011248 7.854926 8.477130 7.546384 7.743670 8.560935 7.383290 7.826213 7.263390
8.061794 7.497261 8.562059 8.476601 8.963370 8.988729 9.167913 9.262425 8.655673 8.266619 8.244609 7.223961 8.073237 7.797656 7.410856 8.407627 8.710980 8.463426 8.244982 8.005575 7.649884 8.556332 6.931764 7.006245 7.893495 7.611957 8.270775 7.487003 7.620041 8.736755 7.453771 7.233848 8.315716 8.178589 6.961467 7.825032 7.602257 6.852460 7.356535 7.344062 7.477498 8.599364 8.030486 7.727493 7.796978 7.695425 8.018808 8.497318 7.399070 7.883649 7.930882 8.067402 8.490415 7.686528 7.903832 6.997480 8.020392 7.214807 7.070361 7.854543 8.060835 9.356486
8.060810 8.843336 9.162692 8.488482 7.140425 8.376926 8.123570 8.323344 8.966102 7.249149 7.957355 7.781571 7.799977 8.197030 6.578121 8.714248 7.773022 6.316042 7.663313 8.874332 7.373795 8.115551 6.979747 7.317870 8.427765 8.754720 8.133109 8.482657 7.956261 7.914914 7.695115 7.815286 9.312114 7.225817 7.942364 7.772569 8.152486 7.473821 8.063208 7.559998 8.059512 7.799849 8.254223 8.712563 8.435562 7.713953 7.982024 7.894766 7.989470 7.395194 7.360472 7.480096 8.351183 8.090513 8.455992 8.539127 8.310704 7.088399 7.798975 7.919125 7.419814 7.900538
7.029434 7.654873 7.896695 8.089268 9.028064 8.777638 7.723044 9.071220 7.814575 7.994481 8.317487 7.772971 7.996791 7.952731 8.480952 7.654714 7.675372 8.472223 8.065211 8.431943 8.058668 7.284206 7.747590 7.170254 8.095443 8.407412 8.376412 7.798253 7.387293 8.757280 7.316977 7.428411 7.523056 7.869277 8.396390 7.900144 7.844772 8.280067 8.406760 7.092642 7.965633 7.890068 7.049654 7.837574 7.865741 8.332243 7.001933 7.594669 7.464365 8.311202 7.880060 8.369512 7.616289 8.592038 8.113349 7.857183 7.210658 8.110709 7.711728 7.378552 8.000461 8.386293
7.790280 8.199257 7.754225 7.532957 8.405821 7.994679 8.522405 9.190228 7.159060 7.588967 7.841287 8.078604 7.705698 7.511121 8.536733 8.623459 8.277866 8.090294 7.809601 7.707523 7.790760 7.271911 8.642371 7.864642 7.336471 8.155814 7.870742 7.971781 7.199317 7.595203 7.890197 8.213433 7.777532 8.218007 7.428325 8.484533 8.925226 8.416213 8.135707 8.109430 6.451013 8.069862 7.964821 8.013166 7.817171 8.426165 8.330623 8.283703 8.064152 8.075758 8.122687 7.853182 7.972099 8.338025 8.358230 8.519333 7.761772 7.837810 7.347841 7.233550 8.302367 8.085866
8.128450 7.850952 8.910275 6.915319 7.600314 7.440243 8.212951 8.556296 7.515534 8.698008 7.073140 8.018346 7.920885 9.004412 8.277667 8.289746 7.886123 7.786460 8.077408 7.722824 8.167948 8.161324 8.435336 7.525234 8.585909 8.245163 8.215376 7.533542 8.095432 8.089835 8.116330 7.924046 6.361648 7.026297 7.480062 8.662504 7.651439 8.397740 7.181418 8.390143 8.019570 7.957483 7.680704 8.254763 7.728602 8.025234 7.645334 7.627710 8.510178 7.749130 7.057430 8.093042 8.170057 7.038504 6.742580 7.706244 6.931388 7.860069 7.365755 7.826378 7.319984 8.722915
7.395421 8.415159 8.400294 7.404581 7.665603 7.848861 8.156521 7.690519 8.389436 8.704442 7.600944 8.501457 8.667626 8.844505 7.921415 8.645053 7.792518 7.774933 7.649015 8.311373 8.112750 8.229420 7.766371 7.790594 8.578838 7.160791 7.908997 7.711035 8.253109 7.999199 8.413493 8.844969 8.378740 9.063244 7.147913 8.287879 8.732842 8.106040 8.433775 8.649340 8.039561 7.968747 8.464629 8.020353 8.348332 7.804010 6.789416 7.546348 7.443221 8.108648 8.406299 7.487581 8.823742 8.493868 8.459741 7.554764 7.913502 7.966381 7.893840 7.759409 8.352447 7.918108
7.805867 8.414745 8.513367 7.968371 7.898640 7.938157 8.507992 7.442490 7.571335 8.352297 7.671657 7.733456 8.080941 8.046740 8.393333 7.668510 7.461873 8.039786 7.898893 8.410157 7.768868 7.975296 8.232008 8.035458 8.916358 7.716772 6.866703 8.935046 7.935982 7.220847 7.884525 8.296223 7.842299 8.075479 8.274091 7.278273 7.947999 7.410289 8.144647 7.673603 8.092503 7.363076 8.148500 7.522852 7.871624 7.648363 7.914330 7.736103 8.427258 7.921670 7.647782 7.967119 7.967335 7.318679 8.269093 7.876227 7.924668 7.246508 7.235673 8.124298 7.801870 8.164795
7.347408 7.864411 8.017078 7.784575 8.378471 8.139569 8.784954 7.480612 8.059548 7.772820 7.909869 7.569341 8.447871 8.048321 8.035246 9.104799 7.918276 8.092115 8.399485 7.592145 7.719123 7.826789 8.262509 8.077018 7.896033 8.494715 8.066232 8.710629 7.811152 7.843768 8.977697 7.556914 8.401494 7.788022 7.325489 8.270669 7.771109 7.893139 8.512958 7.611168 7.782296 7.717686 8.401907 7.932490 8.099059 7.477416 8.570591 8.152520 8.279528 8.373916 8.724160 7.533866 7.491205 7.883280 6.816924 7.969039 8.690239 7.574005 7.958838 7.569288 8.427607 7.692324
8.202677 8.026142 8.239901 8.117275 7.887211 8.176789 8.199243 8.046411 8.109890 7.448847 7.451525 7.815624 8.897997 7.933485 7.060655 7.338000 7.448712 8.614782 7.793824 7.649874 8.149490 7.767862 7.894010 8.754759 7.799071 7.834854 8.327581 8.021887 7.751399 7.577997 8.546820 7.698909 8.626284 7.950375 8.768588 7.925907 7.341928 7.985322 7.357055 8.042288 8.102447 7.571858 7.506032 7.708131 7.282903 7.821158 8.083465 8.048328 8.284369 8.023800 8.522390 6.827151 6.984248 7.684202 7.786865 7.080456 6.996486 7.183066 8.537442 8.849605 8.920076 8.395250
