cenop/data/CentralBaltic/salinity0000_10.asc
NCOLS 400 
NROWS 400 
XLLCORNER 4750000.0 
YLLCORNER 3200000.0 
CELLSIZE 1000.0 
NODATA_value -9999 
[rows 243 to 269 of 400, columns 305 to 365 of 400]
8.859379 9.605130 8.880845 8.295395 8.201721 9.178844 9.453627 8.632527 8.594886 8.580956 9.468085 9.670383 8.820118 9.244752 8.439375 8.926157 8.817884 8.487476 8.370958 8.164008 8.011983 9.053145 8.199203 8.388294 8.159446 8.556627 8.331215 8.813884 8.376404 9.420875 8.946884 8.879455 8.265033 8.206998 7.835386 8.298586 8.934956 9.303563 8.574261 7.962462 9.416527 8.726312 8.526960 8.654011 8.684749 8.086768 8.777702 8.658391 8.122305 8.277927 8.253547 8.623281 8.657613 8.484069 8.853553 8.019462 6.944762 9.014010 8.811816 8.458814 8.085764
8.915679 8.516307 9.778267 8.187450 8.517971 9.198671 9.348009 8.775924 8.780978 8.358852 8.952983 9.448841 8.054888 8.922654 9.040077 8.231289 8.596700 7.854054 8.244855 8.807462 8.936258 9.075759 8.308132 9.400125 8.843029 7.944529 9.296988 8.627053 7.664126 8.976349 8.882517 9.065029 8.616231 9.255742 8.147603 7.835316 8.320782 8.400741 8.560706 8.366732 8.154862 8.675444 8.459633 8.064983 8.545838 8.207896 8.909579 8.439482 7.901532 9.435264 8.284846 7.845393 9.013588 8.531804 8.415759 9.022372 9.291315 9.466356 7.898726 7.810515 8.707386
8.965097 8.255234 9.165440 9.006673 8.674850 9.514455 7.804318 9.139834 8.589272 9.600845 8.316743 8.703777 8.761323 8.471442 8.620980 7.154910 8.484211 8.711662 8.543732 8.601882 9.153081 8.513748 8.921859 9.178924 8.617951 10.093509 8.981148 8.407571 8.414848 8.911382 8.512288 8.491400 8.810260 8.643455 8.453773 9.061072 8.220602 7.519304 8.009619 9.539962 8.105780 7.725253 8.398197 8.318932 9.320550 8.500241 7.877849 9.120861 9.169301 8.465861 8.525433 9.407460 8.918312 8.471107 8.051113 7.874243 6.872654 8.623041 8.389096 8.049654 8.094272
8.728367 8.821430 7.723966 7.469217 8.845973 9.099702 9.604783 8.034381 8.786575 8.894568 9.384544 9.105627 8.810304 9.639536 8.780419 8.991268 9.010655 8.289124 8.482897 9.055500 8.888752 7.971841 8.552833 7.673929 9.171723 8.821725 8.423341 8.475394 8.744644 8.574809 9.391789 8.911744 8.575152 9.103683 8.475435 9.171454 8.503841 8.511689 8.592605 8.698914 8.858088 8.457090 8.670561 9.048126 8.022087 8.287852 8.774519 7.634575 8.714150 7.565283 8.410122 8.369459 8.570163 8.091002 7.977693 8.450264 9.734390 7.940530 8.980043 7.650285 8.082863
8.073238 8.959507 8.422607 8.851373 8.843867 8.790520 9.239835 8.526003 8.336842 9.139894 8.426103 9.906841 9.375189 8.439204 8.312294 9.037521 9.495619 8.338201 8.414455 9.053294 9.592220 8.483635 8.290823 8.917203 8.448948 9.156653 8.934066 8.747458 8.915063 8.310030 8.834206 8.235261 8.325874 8.697791 8.113564 8.597768 8.464499 8.723906 8.377603 8.263728 8.599326 8.572070 8.372470 8.785475 9.287153 8.880904 8.514199 8.527464 8.580891 8.711889 9.040051 8.538948 7.827269 7.707871 8.333837 9.061313 8.394814 9.212905 9.322420 7.885473 8.878277
9.231377 8.273723 9.686713 9.016142 8.368087 8.385750 8.604167 9.128333 8.710163 8.533954 8.532803 8.908677 9.543761 8.886461 8.054766 7.915289 8.834205 8.200198 8.757275 8.285786 8.457369 8.287693 8.222181 9.010293 8.866233 9.178865 8.962711 8.461536 9.279985 8.507483 8.347107 8.099976 8.360707 9.195099 8.358828 9.077852 7.854326 8.349636 8.970044 9.375422 8.700077 8.420417 8.590693 8.661009 8.869514 8.631436 8.580624 8.341195 8.904622 8.343467 8.530130 8.220696 8.881836 8.491766 8.127531 7.818208 8.250948 9.166992 8.135162 7.988631 8.936361
8.426365 8.589358 8.374151 8.487047 8.974675 8.361699 7.980610 8.573521 8.568754 9.414849 8.526995 9.270644 8.482499 8.954695 9.064242 8.443449 8.888946 9.374167 8.053606 8.500105 7.622830 9.152856 9.331265 9.455050 8.765699 8.522031 8.315677 9.587100 8.851548 8.850713 9.409803 8.271425 9.386497 7.919185 7.554669 8.495578 8.549717 8.364651 8.284820 8.651282 8.877632 7.769071 8.557776 8.319757 8.399491 8.935768 8.986602 8.725148 8.832839 7.580570 7.885219 8.736153 7.858826 8.423735 8.586720 7.959501 8.476620 7.557107 8.516394 9.081835 8.369791
9.236482 8.970062 8.646923 9.172456 8.026055 9.300381 9.181171 9.196478 8.958920 9.574753 8.424557 8.200012 8.211015 8.387357 8.212302 9.347340 8.795054 9.942826 8.773649 9.042417 7.982875 8.518265 8.912915 8.467703 8.026462 9.117274 8.358539 8.478162 9.120143 8.570925 8.869447 9.446029 8.420543 8.146967 8.257818 9.013583 8.094390 9.766189 8.419137 8.358900 8.296487 7.744513 8.463990 7.854600 8.316583 8.223508 7.762637 9.352338 8.221770 8.587424 8.607709 7.940809 8.721595 8.854966 8.468277 9.050030 8.086764 8.846550 8.245964 9.055685 8.410039
9.194899 8.391644 8.359693 8.416780 8.523885 9.464195 9.289191 8.319525 8.400770 8.055697 9.702512 8.156132 9.238689 9.221061 8.591975 8.782309 9.429629 8.458529 8.699060 8.574895 8.363851 9.273472 8.920042 9.419405 7.431654 8.386724 8.479006 8.787759 7.841118 8.424977 8.880562 8.043400 7.853764 8.914633 8.833959 8.283699 8.183130 8.637152 8.580281 9.193697 8.540871 8.720492 8.698452 9.138677 8.180667 8.623329 8.501053 8.119446 7.983001 8.139670 8.728691 8.426755 8.088772 8.009949 8.500080 8.190337 8.946338 7.950209 8.917315 8.828079 8.334316
8.721973 8.594978 9.161011 9.097259 9.101277 9.044689 8.447017 8.370825 9.583573 8.807943 8.459360 8.355664 9.288824 8.999705 7.771084 9.273410 9.127547 9.334929 8.973853 9.368688 8.397412 8.360180 8.449649 8.816793 8.941860 8.382795 8.667844 8.050897 8.325370 9.049323 8.397657 8.563416 9.100458 8.565331 9.323414 8.332365 8.252410 8.988542 8.449974 9.073124 8.937973 8.520926 8.693900 8.952743 8.629788 8.080105 8.326454 8.391463 8.098943 8.834635 8.649017 8.677418 7.836611 8.573257 8.234813 8.382401 7.942839 8.207349 8.157798 7.895411 8.402394
8.888672 8.165532 8.725394 8.480831 8.689021 8.495625 9.101670 8.704413 8.416108 8.906080 9.007874 8.991803 8.676921 8.419417 8.630519 8.413650 8.259346 8.082162 8.977535 8.578592 8.728089 8.889402 9.439568 9.020998 9.172971 9.663488 9.442610 8.161403 8.269335 8.976506 8.509467 7.825480 8.910105 8.299533 8.471028 8.358326 8.409899 8.494695 8.831111 9.396124 7.987939 7.828889 8.991767 8.641778 8.951371 7.357935 8.431652 8.377760 8.242383 7.669768 8.556354 8.711506 8.166618 8.196312 8.561619 8.102903 8.414941 8.447364 8.260400 7.709577 8.110419
7.953406 8.660324 8.669606 9.157939 9.042351 8.428277 7.994077 9.130087 9.702438 8.389067 8.526478 8.604124 9.549815 9.202668 8.282200 9.450728 7.956683 8.464315 9.448063 8.992220 7.745143 8.861769 8.291217 8.468446 8.089968 9.084594 8.050953 8.260849 8.110716 8.212012 8.465240 8.056876 9.658406 7.992118 9.482172 8.836921 8.384885 8.582613 8.791057 8.904495 8.723005 7.880538 8.084477 8.600508 8.989902 7.960546 7.961143 7.577519 8.886418 8.237478 8.472634 8.903325 9.250130 8.386121 8.245584 8.687830 7.908820 9.172851 8.646174 8.316412 7.517666
9.130845 9.223716 8.995203 10.296767 8.003190 9.217365 9.488159 9.654377 9.133336 9.563192 9.141885 8.658775 10.002502 8.823431 9.664066 9.296982 7.942488 8.736244 8.363155 8.791501 8.249882 8.415470 8.320318 9.217600 8.088625 8.291338 10.020612 8.662148 9.493281 8.360365 7.503718 7.806739 8.827928 8.408667 8.165545 9.691560 8.631244 8.829262 8.477779 8.195573 8.225951 8.582398 8.912294 8.489944 8.658580 8.738777 7.959560 8.292952 7.726834 9.178251 8.972679 8.057182 7.927045 8.927545 8.149222 9.229840 8.286445 9.050004 8.115017 8.915657 8.867267
9.066323 9.252318 9.183662 10.179451 8.781911 8.854329 8.823206 9.089935 8.725150 9.548369 8.499096 8.451776 8.389114 7.762201 8.773288 8.678236 9.068862 8.734322 8.420481 8.099402 8.384646 8.418422 8.381556 7.712604 8.719117 7.872971 9.083592 7.860311 8.383521 8.514603 9.026861 8.183388 9.328633 10.020833 8.155703 8.678778 8.468000 8.280091 9.007825 8.384838 9.062932 8.575470 8.587441 8.590531 7.558713 8.909905 7.751192 8.669032 7.291104 8.293238 7.749083 8.726557 8.319824 8.364294 8.839711 8.693680 9.532051 7.790057 8.586060 8.280706 6.894605
9.428890 9.631241 8.494217 8.467902 8.539934 9.512213 8.911744 8.608282 8.862609 8.929936 8.374628 8.415023 9.459828 7.947342 8.306902 9.526367 9.278028 9.826416 9.022055 8.711598 8.089659 8.070941 9.231574 7.893934 10.426199 7.329647 8.746039 8.479985 9.110587 8.208253 8.712870 9.194073 8.751023 8.836532 9.062107 8.328816 7.764261 8.747107 7.883917 8.494445 7.982270 7.356151 8.561237 9.189456 8.924710 8.558202 8.858485 8.971725 8.433871 7.186739 6.984286 7.879152 7.764833 7.867736 8.150260 8.111103 8.102688 8.119564 8.900079 7.760327 8.206326
8.427816 8.696141 8.076250 9.179065 8.514253 9.042404 8.949557 8.957510 8.617450 8.323274 9.619239 8.432065 7.987324 7.958945 9.002310 8.231472 8.717090 8.221597 8.735780 8.094388 8.827540 8.304290 8.448306 8.667641 8.449379 9.404924 8.437128 8.234490 8.669133 8.210649 8.400006 8.905218 9.090851 9.360126 8.994746 8.288818 8.618663 9.122061 8.797205 8.482937 8.350933 7.697944 8.257329 8.452847 8.571648 8.324089 7.352695 8.403904 8.667815 8.659437 9.241593 7.625990 8.033987 8.261146 9.108980 8.191613 7.809511 8.871869 8.602820 8.195243 7.976236
8.989323 8.690454 8.802002 8.945361 7.978133 8.298532 7.811448 7.619266 9.322490 9.049238 8.711716 9.050321 8.238483 8.405055 7.960990 9.004182 8.604249 9.003083 8.624256 8.145766 8.683230 8.689503 9.386010 7.862869 8.542663 7.811235 8.338708 8.959598 8.640085 8.520570 8.332607 8.193927 8.636135 7.565457 7.895736 9.389982 8.733523 8.495083 8.962606 8.241043 8.717397 8.901654 8.078349 8.504632 8.054385 8.767989 8.832653 9.424964 8.653983 9.164063 8.121578 8.271154 8.629911 8.134583 8.334432 8.454654 8.086588 8.395034 7.967859 9.067538 8.841276
9.109203 8.634998 9.740648 8.813536 8.621372 9.457058 8.410691 7.933832 8.282872 8.690348 9.827837 8.307763 8.433608 9.552394 8.562314 9.590971 8.522427 8.982607 8.624492 9.140168 9.638057 9.041227 8.480267 8.908176 8.267931 8.074467 8.896321 8.490187 8.334704 8.141948 8.629011 8.149611 8.667454 8.543195 8.678669 8.690417 9.295029 8.469633 8.314267 8.640704 7.833131 8.722486 8.140270 8.563781 8.832734 8.063092 9.250330 8.226758 8.466180 8.669386 6.832971 8.065589 7.840709 8.296599 7.796442 8.166097 7.670792 8.428215 9.249029 8.776738 8.582979
8.508042 7.931459 9.536927 9.118066 8.363170 8.551157 8.887568 8.721233 8.597646 8.886901 7.815926 8.417968 8.886396 9.058411 9.290364 8.414196 8.456185 8.793394 8.456268 8.452904 8.475183 8.364130 8.261337 8.998222 8.793569 8.908874 9.209187 8.877007 8.632363 9.148224 8.331636 7.605660 7.948538 9.156260 8.500070 8.973380 8.795960 7.717821 8.060729 8.719781 8.959240 9.007004 7.373555 8.959982 7.618946 7.728534 9.119646 8.597350 9.815367 8.659626 7.996832 8.575014 7.767481 8.769195 9.383393 9.103403 8.633908 8.254319 7.350744 7.728661 7.681380
9.947675 8.945307 9.737928 9.496534 9.534490 8.781212 8.153991 9.225486 9.062864 7.740826 7.938605 9.247938 8.834323 9.101638 8.771515 8.171858 7.933121 8.774194 8.112638 8.066642 8.938355 8.861944 8.684444 8.534985 8.740083 9.671436 8.369582 9.544610 8.862402 8.884311 9.241021 8.657230 8.807839 7.985479 8.304178 8.055741 8.077197 7.679286 9.439009 7.676147 9.211567 7.906050 8.617763 8.341354 8.439916 8.908146 8.231821 8.487369 8.155640 9.127562 8.862947 8.943414 8.144049 7.629638 8.470376 7.604006 8.300130 8.801026 7.889676 9.028266 8.191127
8.173260 9.389132 8.456186 8.838378 8.711968 8.261425 8.547149 9.227570 8.986021 8.173075 9.317311 8.830197 8.208922 8.980303 9.151020 8.291550 8.433762 8.787625 7.418645 8.974948 8.330639 7.749657 8.987924 9.841192 8.494951 9.678288 9.443900 8.753263 8.801486 9.137818 8.411598 8.566655 7.583973 7.992319 9.074617 8.763479 8.583583 8.314457 8.304920 8.755445 8.909033 8.659516 9.165615 8.098345 8.612390 8.615330 8.428180 7.901356 8.755484 7.864895 8.841818 8.295884 8.314180 8.539730 8.014035 7.822430 8.621881 8.648136 7.705072 8.859278 7.681741
8.268711 9.112496 8.051789 9.716274 9.176294 9.286565 9.267703 8.562271 8.207940 8.654770 8.904405 9.196013 8.920030 8.668721 8.334520 9.609859 8.416823 8.531733 8.408783 8.525277 8.705523 9.182872 8.131854 8.450973 10.152567 8.767462 8.829159 8.129515 7.788610 9.369249 8.376000 8.293643 8.261034 8.017947 9.201801 9.218072 7.033557 8.587859 8.908447 8.860840 8.622662 8.163665 7.851058 8.754766 8.154582 8.505797 8.676949 9.091261 8.392770 7.728052 8.419186 7.476462 7.667148 8.241493 7.486143 8.075111 8.768523 8.369490 7.855056 8.213469 8.030817
9.205922 8.785333 8.590139 8.357637 8.217081 8.251111 8.448947 9.028889 9.150396 8.902025 9.185513 9.048081 8.592452 9.443605 8.614285 9.071046 8.581235 8.477363 8.388194 8.260882 7.924783 8.501942 6.940590 8.662753 9.836182 8.330184 7.925779 8.932959 8.740996 8.303510 8.854291 8.290529 7.812617 8.382467 8.877954 7.917920 8.394356 7.871575 8.076432 7.924418 8.197341 6.779451 8.771372 8.503406 7.650527 8.463951 8.548125 8.701168 8.673526 7.057415 7.589547 8.662882 8.321374 7.915110 8.766799 8.517802 8.107499 8.089297 8.471961 8.500322 8.302893
9.025600 8.671922 8.864913 9.361888 8.813753 8.482451 9.133132 8.573657 9.051476 8.635154 9.063790 9.333689 9.060878 8.193193 9.171484 7.922387 9.012989 8.604262 8.724900 8.341490 8.820443 7.885212 8.446728 7.814884 8.444548 9.145162 8.402436 7.395268 7.896287 9.060380 8.905627 8.143026 8.336586 7.991572 7.820836 9.303433 8.776931 8.192263 7.623586 7.950661 8.301284 8.428548 8.216715 9.132916 8.056867 8.924372 9.054502 8.412730 7.887912 8.407793 8.089448 7.855618 9.567783 8.665873 9.160473 9.024443 8.480234 8.308945 8.085385 8.595255 9.086726
8.918345 9.359568 8.746492 9.203879 9.312887 9.000519 8.322810 8.379833 8.388242 8.710796 8.694917 8.726563 8.921716 8.594286 8.473180 9.286702 8.247325 8.318206 7.900457 8.527453 8.620581 8.084826 8.215653 8.318008 8.810907 7.849112 7.816943 8.686080 8.889312 8.108189 7.919937 8.156998 8.948617 9.436482 8.287115 8.653590 8.110846 8.314397 8.687491 7.751744 7.563260 8.553534 8.220912 7.957264 8.158243 8.438730 7.566418 8.098394 8.000045 8.509126 8.480437 7.820986 7.296494 8.676012 8.114402 8.349414 8.885784 7.948235 8.095611 9.091882 8.433291
9.329271 8.511584 9.025000 9.219361 8.560423 9.357566 7.767231 9.404468 8.344248 9.383129 8.396043 8.496668 9.203930 8.220713 8.096430 7.819849 8.597627 7.438995 8.538732 9.119047 8.445416 8.395603 8.391843 8.998682 7.802019 9.297567 8.778598 7.958409 7.968176 8.192116 8.292828 8.002549 8.709130 8.436620 7.881506 8.117480 9.086305 7.718149 8.155237 7.476906 8.731227 8.008192 8.987556 8.272213 8.351433 9.528537 8.498966 8.288226 8.295310 8.901790 9.336659 9.168987 7.695897 9.357028 8.335915 8.414194 8.118514 8.461341 7.965600 8.526953 7.595958
8.335966 7.827228 7.860209 9.383485 8.877032 9.126852 9.085980 8.853655 9.048439 9.484563 9.706058 8.306118 8.473474 8.240702 8.464569 9.090154 8.518286 8.897225 8.782019 9.157758 8.761097 8.363299 9.012305 8.468240 8.042901 9.594726 8.530559 9.217091 8.377189 8.194997 8.498387 8.139207 8.990157 7.754460 9.451580 9.193385 8.226592 8.155149 8.710274 8.362478 7.808146 7.990162 7.839016 7.773921 8.772914 8.609442 8.696302 8.584881 8.737706 7.569061 8.606683 8.289287 7.899668 8.264753 7.980634 7.266620 7.690590 7.540535 7.646803 7.692497 8.764161
