cenop/data/CentralBaltic/salinity0000_05.asc
NCOLS 400 
NROWS 400 
XLLCORNER 4750000.0 
YLLCORNER 3200000.0 
CELLSIZE 1000.0 
NODATA_value -9999 
[rows 81 to 107 of 400, columns 0 to 61 of 400]
-9999 -9999 -9999 -9999 -9999 -9999 -9999 -9999 14.333987 15.258531 14.078048 15.427261 14.157362 14.142274 14.320173 13.835595 14.268170 15.150545 14.863556 14.974082 14.369848 14.402428 15.275003 14.049247 14.418661 13.627269 14.800914 13.881220 14.494514 14.530696 14.344351 13.642915 13.910744 12.978523 14.689938 13.665008 14.497569 15.345708 13.958184 14.303971 13.818289 14.398950 13.413048 13.288675 13.513544 14.049380 14.736208 13.679292 13.430142 13.846857 14.528128 13.741191 14.212555 14.370028 13.599879 12.987737 13.475112 13.875537 13.991987 13.502513 13.152575 12.912069
-9999 -9999 -9999 -9999 -9999 -9999 -9999 -9999 15.313751 14.281252 13.268157 14.634874 14.039420 14.757834 15.292083 14.547843 14.341651 14.201679 15.090534 13.907317 14.399661 14.116284 14.794535 14.845140 14.362088 14.076764 14.934723 14.600109 14.662045 14.152006 14.744679 13.527636 14.478687 13.913418 13.639110 14.911137 14.311612 13.620516 13.495245 14.195270 13.746049 13.119659 14.180402 14.244094 13.435702 13.354431 14.060742 14.476343 13.471366 13.292506 13.277062 13.790476 13.502073 13.744137 14.074360 13.314713 14.397571 13.668852 13.143878 13.395994 13.519073 13.798350
-9999 -9999 -9999 -9999 -9999 -9999 -9999 -9999 13.665200 13.959061 16.119268 15.410816 14.015450 13.725277 14.349517 15.541423 14.111938 14.707683 14.535376 14.593934 14.202374 14.113847 15.324313 13.796819 15.024267 14.556475 13.576998 14.240517 14.872457 14.240721 14.210174 14.557632 13.214506 14.020211 14.102820 13.303043 14.396579 14.036025 13.485621 13.613112 14.813137 13.887808 14.158260 14.530055 14.234954 14.465641 13.413649 14.135455 13.495229 14.267576 14.558064 13.822537 13.652501 13.933471 13.683045 14.141024 12.591429 12.940128 12.313647 13.040573 13.924933 14.303827
-9999 -9999 -9999 -9999 -9999 -9999 -9999 -9999 14.375599 14.564466 14.596571 14.253979 14.630377 13.877715 15.389474 14.864991 14.820990 14.141963 13.573464 14.312619 14.866707 13.950260 14.841007 13.984867 14.955042 14.440638 13.937213 14.057009 14.380743 14.961199 14.609787 13.572680 14.073814 14.846411 13.704589 14.055114 14.064690 13.732416 14.608273 13.566669 14.563999 13.896273 13.588914 14.025604 14.258521 13.684582 14.118507 14.413755 14.271447 13.169024 13.877080 14.306189 12.642452 14.203164 13.618480 14.518187 13.486800 14.223987 13.735929 13.145154 13.922654 13.044290
-9999 -9999 -9999 -9999 -9999 -9999 -9999 -9999 14.753789 14.331691 14.924034 14.193575 15.201647 14.204492 14.825297 15.268736 15.299788 15.194985 14.900151 14.432412 13.785274 14.630472 13.871458 14.146451 14.863305 14.311061 14.025450 13.085206 14.265592 13.296007 13.810276 14.828322 14.104803 13.637980 14.457555 13.752244 13.068886 14.045294 13.941915 13.842590 14.962819 13.618882 14.698708 14.325622 13.893700 13.970114 13.736458 14.243056 14.193319 13.582346 13.429713 13.904683 14.522192 13.516475 13.803873 13.870966 13.758871 13.744344 13.832920 13.844594 14.285831 13.137063
-9999 -9999 -9999 -9999 -9999 -9999 -9999 -9999 14.725641 14.426178 14.638103 14.059987 13.381424 15.096856 14.241149 14.481022 13.840137 13.931519 14.353516 14.510933 13.795659 13.506013 14.631440 14.890586 14.280195 14.199655 13.687869 14.225576 14.535120 14.366494 14.499214 14.662445 14.266813 14.291533 13.870188 13.437224 14.514958 13.706636 13.940821 14.122267 13.679813 14.256102 14.096798 14.107597 13.078369 13.642532 13.361904 13.814610 14.229218 14.370588 13.854762 14.359877 13.562411 14.315090 13.923186 14.037921 14.311205 15.083834 12.890816 14.187002 14.040956 14.289269
-9999 -9999 -9999 -9999 -9999 -9999 -9999 -9999 14.134288 14.380090 14.726364 14.189328 14.077293 14.180633 14.215038 14.029373 15.024957 14.884139 13.867823 14.078920 15.148005 14.589825 13.916791 14.030697 14.196316 13.772233 13.813363 13.958894 14.264794 13.416615 14.754752 13.920523 13.327631 13.850291 13.822545 13.759812 13.951743 13.978209 13.490938 13.746668 13.442201 13.442453 12.851953 14.005328 14.223148 13.994374 14.189480 12.845614 13.229180 13.239864 14.122789 13.011906 12.963057 15.181885 13.615344 14.599001 13.480270 12.914923 13.444656 13.179430 13.920713 13.718013
-9999 -9999 -9999 -9999 -9999 -9999 -9999 -9999 15.065638 14.527635 15.448379 14.782487 14.457581 14.245723 14.824059 15.071161 13.697860 13.641683 13.454624 14.481184 14.591790 14.341511 13.959041 14.184190 14.395400 13.776233 15.301325 13.708535 13.857972 13.889950 13.536438 14.382344 14.030142 13.980431 13.596310 14.573586 13.344642 15.246441 14.115749 13.471408 13.714796 13.894399 13.841679 14.230042 14.097430 13.311254 13.812171 13.795156 13.886936 13.623940 12.964933 13.513610 14.588673 14.186789 13.386040 13.671214 13.098596 13.942099 13.332842 12.767922 13.119795 13.862349
-9999 -9999 -9999 -9999 -9999 -9999 -9999 -9999 14.401689 13.906408 15.141387 15.033959 14.604886 13.908854 14.316986 14.195368 13.825693 15.049242 14.358851 14.438671 14.512256 14.381396 13.957810 14.174608 14.278381 14.537902 13.057489 13.572676 14.209868 13.887373 14.332145 13.916464 13.648231 14.559922 13.602828 14.229226 14.021219 14.584223 13.424495 13.929481 14.190560 13.491159 13.749551 13.823523 13.566654 13.194885 13.147704 13.294233 13.301700 14.315844 13.916655 13.709429 14.485479 13.799194 13.655593 13.537147 14.249365 13.453262 13.687712 13.276253 13.113643 13.843120
-9999 -9999 -9999 -9999 -9999 -9999 -9999 -9999 14.839545 14.168655 14.038276 14.187894 15.178299 15.272885 13.737451 13.221643 14.169913 14.409510 13.662896 14.481848 14.057419 13.967747 13.139808 14.192617 14.142159 14.482708 13.466565 14.949968 13.817523 14.431612 14.331296 13.847770 13.915777 15.026217 15.000941 13.861410 14.246638 14.278667 14.111612 14.462730 13.813956 14.337806 14.072909 13.453979 13.713562 12.919702 12.315168 13.505184 14.055296 13.958084 13.343311 14.094151 13.433955 13.039838 13.104725 13.811979 13.254614 13.016640 11.987816 13.874919 13.064233 12.951282
-9999 -9999 -9999 -9999 -9999 -9999 -9999 -9999 14.560612 14.730478 14.371637 13.949903 13.690296 15.142932 13.881360 14.094230 13.709132 14.385092 14.139175 14.486690 14.252088 13.614823 13.791976 13.436250 14.006377 13.837694 13.922271 14.513811 13.799021 13.237638 14.213726 13.973575 14.526533 12.668380 13.623930 14.109268 13.772059 15.004676 14.409782 13.577041 13.591064 13.617125 13.754207 12.969964 13.627267 13.556851 13.505121 14.334784 13.186315 14.141081 13.526241 14.310760 13.042122 13.434475 13.362681 13.413197 13.831069 13.645209 12.807551 14.454968 13.341281 13.699827
-9999 -9999 -9999 -9999 -9999 -9999 -9999 -9999 14.416461 14.463906 14.668408 14.042385 14.735722 14.461178 14.232375 14.307811 13.802595 13.501136 14.682419 14.297338 14.204020 14.127065 14.672115 14.051015 14.318522 13.835744 13.926485 14.116004 13.456568 14.186539 13.020809 12.893641 14.204152 14.104997 14.867647 14.010474 13.427904 13.850372 13.178047 13.606393 12.849114 14.300156 14.144392 13.627297 13.899468 13.717492 14.038257 12.774398 15.139336 13.424600 12.421701 13.435411 13.869301 13.513115 13.491348 13.256947 13.211576 13.048183 12.999802 13.116776 14.134597 13.060053
-9999 -9999 -9999 -9999 -9999 -9999 -9999 -9999 14.153025 14.571240 14.148533 14.622563 14.310269 14.283912 14.265970 14.601367 14.686818 14.030099 13.651182 14.299011 13.177852 13.199454 13.861941 14.917681 14.164723 14.744132 12.745472 12.739159 14.217663 12.706222 13.262866 13.203773 14.027440 14.025599 13.866897 15.162742 13.790531 13.671768 13.661757 12.987067 13.900010 13.390573 13.294719 14.558879 13.864630 13.895289 13.942976 13.560533 13.550788 13.448335 13.236261 13.380789 13.119745 14.158877 13.938553 13.416135 14.203364 13.685125 12.980416 13.280382 12.671684 13.444132
-9999 -9999 -9999 -9999 -9999 -9999 -9999 -9999 14.095519 13.590826 14.572905 15.118415 13.974141 13.606999 15.007379 13.992301 14.575121 14.432157 14.695747 14.169403 13.199360 13.839499 13.831973 14.063099 14.207838 13.795951 13.869755 13.737819 14.405939 13.633149 12.544561 13.917956 13.195014 13.418685 13.884894 14.624915 14.072677 14.258205 14.289551 13.634515 14.022815 13.758293 13.969019 13.930069 13.840565 13.304122 13.732062 13.335114 14.498500 13.221570 12.604628 13.904867 12.646574 13.595626 13.254421 13.657671 12.670947 14.012547 13.373653 13.768929 12.676974 13.876982
-9999 -9999 -9999 -9999 -9999 -9999 -9999 -9999 13.967946 14.170541 14.705576 13.828933 14.715729 14.805840 14.129646 14.133540 15.011562 14.026564 15.003749 13.824993 14.066233 14.080041 14.110782 14.249505 13.312844 14.102836 13.819910 14.395403 13.969782 13.404229 13.397601 13.066604 13.434126 14.617867 13.934739 14.430042 14.005386 14.700543 13.750532 13.904186 13.058790 13.362386 14.276477 14.281862 13.990505 12.648914 14.110406 13.691201 12.617047 13.138028 13.532302 12.971803 12.899099 13.661349 13.902813 13.628360 14.186041 13.096162 13.185780 14.376162 13.576300 13.905856
-9999 -9999 -9999 -9999 -9999 -9999 -9999 -9999 14.389369 14.349591 14.196457 14.797364 14.517482 13.743973 15.126617 14.293419 14.388664 13.748678 14.235190 14.249907 14.480604 14.236825 14.556332 14.817942 14.539953 13.731796 14.476444 12.620720 14.172439 14.331171 13.962103 13.733771 13.218237 14.244841 14.252301 14.145993 12.984320 14.096343 13.754188 14.472410 14.097895 13.127390 13.678546 14.689832 13.358565 14.285566 13.920464 13.714376 12.518524 13.830196 13.365343 13.145643 14.234799 13.846248 13.665979 12.763792 13.339364 13.824323 13.692917 12.889883 13.445302 14.414033
-9999 -9999 -9999 -9999 -9999 -9999 -9999 -9999 14.529809 14.295375 14.238619 14.398343 14.315518 14.914727 14.201482 14.022585 13.691050 13.782489 14.591898 13.831271 13.167292 13.674354 14.482276 14.046497 14.569798 13.122275 14.268391 13.611394 15.858008 13.295373 13.958887 14.122544 13.845084 13.801035 12.988125 14.170842 12.796290 12.793353 13.159995 14.661079 13.982997 13.728768 13.834460 14.371410 14.394608 13.381362 13.200033 14.316695 13.383676 14.127783 13.409697 13.078754 12.983117 13.127402 14.144808 13.351081 12.997446 13.846046 13.255945 13.227500 13.172021 13.279947
-9999 -9999 -9999 -9999 -9999 -9999 -9999 -9999 14.715251 14.655301 13.287760 14.078794 13.887007 14.367409 13.920174 13.315746 14.624395 14.154815 13.250156 13.524622 14.591610 14.802137 14.569603 13.802822 15.579515 14.232140 14.495269 13.135973 14.149260 13.255076 14.233475 13.901521 15.078329 13.867752 13.666571 14.396488 14.520390 13.266506 13.436085 13.690363 14.346385 12.947267 13.491141 13.948514 13.505656 13.915044 13.329909 13.196756 13.765281 14.160132 13.628012 13.202098 13.683811 13.752691 13.320480 13.975779 13.186672 13.731691 12.972026 13.392058 14.151900 12.671222
-9999 -9999 -9999 -9999 -9999 -9999 -9999 -9999 13.355510 13.258621 14.897758 13.903593 13.243060 14.213078 14.721021 14.222438 13.923696 13.876486 13.503207 14.187563 13.087575 13.909825 13.527228 13.415174 14.408500 13.841502 13.857257 13.769388 13.737989 13.420152 14.216715 13.553261 13.350196 13.835999 14.216506 14.099238 13.486669 12.649724 12.942971 14.334882 12.913559 13.921801 13.685029 13.511156 12.941688 12.589007 13.646024 13.634305 12.859892 13.504372 13.224021 13.748964 13.928238 12.239763 13.627356 13.637718 13.555318 13.615569 12.433357 13.592291 13.606807 14.372621
-9999 -9999 -9999 -9999 -9999 -9999 -9999 -9999 14.030150 13.496378 13.616243 13.554332 13.402177 13.808395 14.276181 14.302875 14.339875 14.744032 13.669123 14.584731 13.609081 14.229711 14.748487 13.436930 13.535264 14.530667 13.958052 14.360784 14.508518 14.095012 13.285787 14.888530 12.883676 13.637848 14.092952 13.623888 14.046085 14.033498 13.537566 14.485773 14.433686 12.829386 13.365973 14.241886 14.540074 12.830636 13.450830 13.291953 12.512439 13.994593 14.147287 14.047844 13.784789 13.943766 14.194177 13.755834 12.896039 13.295200 14.294122 12.798781 12.564835 13.548456
-9999 -9999 -9999 -9999 -9999 -9999 -9999 -9999 14.959084 13.958168 14.274657 14.361015 13.837316 13.934631 14.767052 13.401815 13.717895 13.639000 14.101551 13.851746 13.835898 13.426501 12.948735 14.375139 14.398672 14.508457 13.219797 12.968773 13.627873 14.170637 12.947690 14.270676 13.483893 14.336015 13.489349 12.704629 13.373591 13.858995 14.125298 13.053842 13.934903 14.225480 13.971336 13.697542 13.050588 13.937399 13.178455 14.183983 12.143668 14.723752 13.885552 13.326167 13.748588 12.903745 13.773495 12.449951 13.073012 13.576785 13.950952 13.644788 14.406339 13.024848
-9999 -9999 -9999 -9999 -9999 -9999 -9999 -9999 13.799322 13.783353 14.432282 14.464516 13.627484 13.668776 13.971764 13.713050 13.743720 13.413735 13.958408 14.213843 13.593012 13.483365 14.393368 13.386252 13.216089 13.351078 14.096272 13.737197 12.969395 13.523175 13.215561 13.365772 13.207452 13.192917 14.060581 14.094309 13.014758 13.612748 14.364067 13.076708 13.714634 14.009412 13.774609 13.175691 13.606263 13.654275 13.616564 13.155154 13.225657 13.959582 12.969235 13.168191 13.317142 13.092115 14.360314 13.443685 13.663021 13.302181 13.408888 12.376131 13.534718 13.006591
-9999 -9999 -9999 -9999 -9999 -9999 -9999 -9999 13.211499 14.459765 13.468014 14.684852 14.503883 13.378672 13.293736 14.042278 14.276842 13.046609 13.236271 13.681182 14.995720 13.533699 14.683719 13.975089 13.696845 14.017457 14.215188 14.174329 13.593984 14.343811 13.470869 13.737068 14.017064 13.536710 14.129748 14.790960 13.424039 13.219128 13.869084 13.676032 13.677367 13.951755 14.354259 13.148038 13.929248 14.189139 12.560207 14.230798 13.291072 12.763738 14.083467 13.631996 14.204684 13.170030 13.475245 13.205280 13.566989 14.096444 14.292807 12.641769 13.631521 13.565323
-9999 -9999 -9999 -9999 -9999 -9999 -9999 -9999 14.179180 14.600147 13.539342 14.752547 13.071794 14.696359 13.856004 13.544209 13.995415 14.402408 13.688424 13.312709 14.596443 14.216392 13.880612 13.738931 13.507776 13.664381 13.702452 13.250584 13.672138 14.269046 13.572605 13.318009 14.179977 13.721388 13.005291 13.336238 13.423936 12.787539 13.828534 14.081599 13.981432 13.599304 13.989530 12.795696 12.932143 13.757434 13.416754 12.282502 13.217776 12.711235 13.314859 13.647712 13.382642 12.219282 12.789069 13.138402 13.751199 13.258885 13.786562 13.487258 13.310771 14.011228
-9999 -9999 -9999 -9999 -9999 -9999 -9999 -9999 13.843495 14.786846 14.018092 13.921362 14.048984 13.732361 14.528795 13.881735 14.365955 13.686190 14.658023 13.514378 13.812529 14.479048 14.105382 13.409640 13.950678 13.692308 14.513187 14.194428 13.658171 12.654606 13.645276 14.169246 13.753414 13.696248 13.397964 13.439393 14.671286 13.853076 13.551482 13.827425 13.497876 13.453479 13.415398 13.465327 13.228096 13.493060 13.538042 12.772730 12.653144 13.554233 13.282431 12.748780 13.605198 13.835695 13.259437 13.303286 12.868027 13.168799 13.527365 13.182781 12.398265 12.892651
-9999 -9999 -9999 -9999 -9999 -9999 -9999 -9999 13.130231 13.879758 14.478822 14.513405 13.669451 13.887659 13.671115 14.448472 14.392637 13.510618 13.891722 13.216067 13.620772 12.669999 13.808272 13.674684 13.484058 14.049438 13.857246 13.471362 14.111224 13.761310 13.974392 13.616217 14.432287 13.371744 13.977724 14.598170 12.400974 13.714975 12.664695 12.796241 13.647553 12.826179 13.804312 13.513972 13.217595 13.333242 13.223732 13.986372 13.862093 13.330029 12.893301 12.897254 13.902907 12.614442 13.328473 13.089299 12.555312 13.161751 12.302242 12.800311 12.756525 12.967509
-9999 -9999 -9999 -9999 -9999 -9999 -9999 -9999 14.065824 14.062931 14.311446 14.440470 13.552632 14.522273 14.638228 14.927595 13.920154 13.926401 13.793730 13.357229 13.886969 13.023894 13.945316 13.136873 13.656371 13.597308 13.459100 13.534036 14.237057 14.292679 14.371434 14.555979 13.088023 12.907384 13.587202 13.420560 14.980666 13.829963 13.476241 15.232103 13.044127 13.739878 13.391914 13.256115 12.814495 13.851414 13.826754 13.100855 13.009759 13.135277 13.354826 13.500001 13.716921 13.299099 12.655462 13.338453 13.725868 13.626208 13.255963 14.151649 13.180107 12.998861
