cenop/data/CentralBaltic/salinity0000_10.asc
NCOLS 400 
NROWS 400 
XLLCORNER 4750000.0 
YLLCORNER 3200000.0 
CELLSIZE 1000.0 
NODATA_value -9999 
[rows 243 to 269 of 400, columns 0 to 60 of 400]
-9999 -9999 -9999 -9999 -9999 -9999 -9999 -9999 11.152192 12.307028 11.074530 12.291761 11.342367 11.951468 11.476313 12.049721 11.092575 11.566043 11.361172 10.943379 11.029833 12.298852 12.141959 11.684631 11.770943 10.571010 11.360696 10.974265 12.376987 12.446219 11.890118 11.147764 12.023988 12.561860 12.145152 11.152160 11.674579 12.223229 12.092700 11.286388 11.611167 11.485582 11.867012 12.473881 12.186230 11.559707 11.210318 12.147825 11.587345 10.962770 11.386249 11.563382 11.008521 11.834676 11.613683 11.844765 11.435019 10.697188 11.455948 11.086852 12.150089
-9999 -9999 -9999 -9999 -9999 -9999 -9999 -9999 12.654641 11.935784 11.600919 11.946245 12.073713 11.651369 12.329164 12.443029 12.009657 12.584243 10.450842 12.157202 11.766630 12.038286 12.338198 11.991761 12.060744 11.281492 12.408662 11.283828 11.846708 11.599491 11.567438 10.128278 11.804403 11.284688 11.916486 11.377798 11.377949 11.300235 10.981145 12.154596 11.458587 11.093990 11.505730 12.047498 11.830506 10.971472 11.483594 11.948676 11.089657 10.959846 12.252523 11.914475 12.034019 11.941797 11.944991 11.618725 11.736784 11.001994 11.535353 10.132381 11.649223
-9999 -9999 -9999 -9999 -9999 -9999 -9999 -9999 11.256012 11.571583 10.898383 11.317882 11.666851 11.736111 11.280735 12.495956 10.703604 11.605189 11.918318 12.279109 11.992414 12.317552 12.064412 11.475584 11.607342 11.395205 11.213955 11.447519 11.474145 11.439035 10.937854 12.375134 11.713991 11.753738 12.360195 10.764197 10.464030 11.307809 11.549153 12.147706 11.504054 11.207140 11.536345 11.113687 11.821681 11.455449 11.647345 11.997579 11.353399 11.246070 10.440992 10.605922 11.479760 11.416818 10.178843 12.043016 11.572801 12.258628 11.968272 11.995185 10.012679
-9999 -9999 -9999 -9999 -9999 -9999 -9999 -9999 11.534276 11.684803 11.385824 11.192335 11.669170 12.263079 12.472216 11.388114 12.343239 11.569945 10.381682 12.197744 12.108364 12.401284 11.939465 11.353727 11.680654 11.354108 11.111477 11.437250 10.798774 11.926800 12.444316 11.574586 11.449991 10.660574 11.616511 11.241754 12.237460 12.376386 12.234150 11.891590 12.091254 11.755060 12.237540 12.254726 11.160383 11.428545 11.083114 11.376316 10.946136 11.155902 11.521090 12.135002 11.044804 12.337291 11.825145 10.853578 11.208872 11.629216 10.599613 10.729773 10.649349
-9999 -9999 -9999 -9999 -9999 -9999 -9999 -9999 11.997197 11.183612 11.114993 12.287099 12.076992 11.797389 11.319839 12.773369 11.669363 11.760527 11.746693 11.568861 11.238852 11.917075 12.519096 11.742539 11.905426 12.238829 10.602147 10.944971 11.501505 11.881770 11.446240 12.230832 10.870550 11.332517 11.417393 11.352450 10.860462 11.602806 11.579022 11.861938 10.822238 11.566184 11.844323 11.089032 11.999592 10.096181 11.542231 11.475140 10.764598 10.759682 10.495383 11.820557 11.014144 10.776392 11.144201 11.767077 11.865961 10.484684 10.949505 10.851279 10.970014
-9999 -9999 -9999 -9999 -9999 -9999 -9999 -9999 11.877319 11.847480 11.434922 11.262109 11.703648 12.472174 12.177447 11.985942 12.288271 12.026206 11.163914 10.785858 12.194816 11.730280 12.010746 11.975748 11.567464 11.901297 12.462242 10.897154 11.627794 11.659352 11.130929 12.283111 11.136555 11.818750 11.672128 12.008858 10.835232 11.355109 10.854956 11.279713 10.460325 11.386651 11.524820 12.131164 12.220349 11.247654 11.613969 11.323057 11.456917 11.644688 12.381434 11.070593 11.310224 11.375105 10.703854 11.112468 9.935454 11.168674 11.533743 11.395579 10.966014
-9999 -9999 -9999 -9999 -9999 -9999 -9999 -9999 11.909999 11.264306 10.914362 12.179541 11.633568 12.472703 11.453391 10.931185 12.305658 11.746176 11.327948 11.837877 10.844652 11.432003 11.543898 11.811904 11.439696 11.699685 11.760861 11.308010 11.070323 11.608639 10.238212 11.362183 11.374378 11.576027 11.750859 12.752035 11.866074 11.427084 11.154712 11.558689 12.185856 11.481179 11.991599 11.255394 11.718518 11.205380 10.790264 11.835565 11.420407 11.825498 11.069358 10.947609 11.293086 11.172958 11.270646 11.280230 10.577169 10.166044 10.722492 11.704937 12.472655
-9999 -9999 -9999 -9999 -9999 -9999 -9999 -9999 11.957254 12.687648 12.096102 12.930697 10.992468 12.123326 11.104707 11.108409 12.771876 11.250043 12.158176 11.140783 11.145373 12.023069 11.017722 11.502234 12.062495 11.607464 11.339153 11.790405 11.464686 10.105353 10.707743 11.498938 12.447234 12.171188 10.829603 11.337928 11.581433 10.943610 11.247358 11.719224 11.170628 11.653828 11.765139 11.591432 10.629128 11.283197 11.318504 11.376020 11.348272 11.591561 12.138181 11.615511 10.421925 11.454307 11.230015 11.630102 11.773570 11.809582 10.768274 10.797365 10.418024
-9999 -9999 -9999 -9999 -9999 -9999 -9999 -9999 11.959371 11.285290 11.921555 11.375030 10.851430 12.538790 12.320014 11.936028 12.006303 11.609659 12.744758 11.713787 11.259822 11.174788 11.365455 11.224173 11.425397 11.074692 10.263651 11.920585 10.745909 10.826920 11.557528 11.576047 11.539514 11.714486 11.958610 11.237885 11.032460 11.319495 11.547195 11.822102 10.790352 10.538226 10.637970 11.269431 10.981334 11.346460 12.019271 11.608143 11.003073 11.019822 11.487085 11.330921 11.126613 11.904760 10.959665 10.699315 11.302596 11.646792 10.929889 11.177723 11.117975
-9999 -9999 -9999 -9999 -9999 -9999 -9999 -9999 12.100077 11.835279 10.998966 10.930437 11.285295 11.500167 11.374117 11.995803 13.060815 11.968591 12.242748 11.940514 12.155895 10.980777 11.149424 11.164162 11.340739 11.044230 11.460274 11.995632 11.958245 11.768562 11.914250 11.539464 10.714936 11.338939 10.806385 11.075718 11.146191 11.228496 10.696821 10.725601 11.808123 12.588212 10.704752 11.687124 10.866414 11.531943 11.242742 11.052300 10.715384 11.997512 11.523622 10.450363 11.527108 11.359756 11.067028 11.437700 10.745793 11.531195 11.591186 11.354439 10.264235
-9999 -9999 -9999 -9999 -9999 -9999 -9999 -9999 11.810522 11.530110 12.029407 11.369422 11.752254 11.328380 12.284012 11.891632 12.060285 11.661043 12.087833 11.463536 10.549217 11.484370 10.911108 11.089438 11.387699 11.623418 11.896332 10.749797 11.161266 11.654281 10.628682 11.730966 11.325026 11.498389 9.934990 12.057109 11.384386 11.523058 11.638922 11.210189 10.574934 11.133964 11.381143 11.928731 11.013410 10.485440 11.598247 10.528654 11.282637 11.206995 10.630896 12.019465 11.067638 10.438918 11.621685 10.573290 10.585054 12.032428 10.614437 10.573904 11.264388
-9999 -9999 -9999 -9999 -9999 -9999 -9999 -9999 11.373493 11.284022 11.688702 11.377937 11.253241 11.765282 10.537347 11.093414 11.844120 12.331899 11.689022 11.681685 11.177856 10.919314 11.184613 11.631413 12.260776 11.199576 11.057296 11.784050 11.866147 11.293389 11.573831 11.268249 11.102491 11.810069 11.271793 11.722940 10.737110 12.205954 12.272878 11.936309 11.775307 11.332829 11.545325 11.278792 10.801978 9.559751 11.015980 11.338837 11.699864 10.808175 11.202659 10.896332 10.856769 11.028965 10.544046 11.120906 11.260051 11.795780 11.243017 10.729257 11.158834
-9999 -9999 -9999 -9999 -9999 -9999 -9999 -9999 10.902886 12.074499 11.383332 11.949243 11.488075 11.937819 10.770300 10.702215 11.747695 11.123074 11.384676 11.085480 12.229782 11.456191 12.457700 11.345306 11.343607 11.678274 10.467917 11.373021 11.627274 10.535607 10.890625 11.471454 11.385036 12.422170 11.380152 12.131379 10.999851 11.243360 10.932340 12.137995 10.873731 11.510408 11.129822 11.668984 11.085038 11.313612 11.129891 11.327486 11.324270 11.807874 11.953758 10.628188 11.001940 10.527914 11.254050 10.884512 11.826890 10.601880 11.100306 10.306025 11.456269
-9999 -9999 -9999 -9999 -9999 -9999 -9999 -9999 11.160430 11.252545 11.424532 11.080991 11.517199 11.359712 10.625444 11.163674 12.097721 12.257198 11.045165 11.145219 11.935200 11.202486 12.025299 10.898053 11.190080 12.248711 10.257847 11.444421 11.647338 11.566857 11.929749 11.369931 10.470291 10.867767 11.942669 11.208882 11.650653 11.439110 11.299605 12.044923 11.367490 10.911051 11.007948 11.076733 11.494981 11.457641 11.441380 11.388832 10.548818 10.832506 10.382552 11.551257 10.897732 11.616131 11.364108 11.546590 11.662246 11.344403 10.189464 10.526994 11.906083
-9999 -9999 -9999 -9999 -9999 -9999 -9999 -9999 11.468792 11.919748 11.080607 11.113857 11.095703 11.011783 12.288641 11.216328 11.727125 11.512400 11.616463 11.832661 11.577483 10.347444 11.444580 12.012500 11.221445 11.457279 10.985840 11.160879 12.003069 11.547817 10.690619 11.541000 11.174426 10.694727 12.098460 11.694593 11.083907 11.253044 11.402618 10.469135 10.960214 10.482482 10.896655 11.525060 10.140190 10.661157 12.051433 10.645521 11.324045 11.280405 11.367780 10.466638 11.526860 12.188232 11.050407 11.060418 10.722741 11.304567 11.312859 10.820427 10.730566
-9999 -9999 -9999 -9999 -9999 -9999 -9999 -9999 11.346001 11.971439 10.540417 10.542463 11.443761 12.029035 11.300946 11.004779 11.996039 10.840576 12.310112 11.857236 11.426498 11.598064 11.285394 12.881486 12.028905 11.386963 11.836396 11.098794 11.365903 11.187036 11.685689 11.043061 11.839357 11.924699 10.071989 10.206380 10.666646 10.963089 11.243230 11.113357 11.919828 11.326289 11.091642 10.852698 10.701835 11.782267 11.396451 10.844192 11.167952 11.384886 11.573259 10.758365 10.923678 10.387723 10.724318 11.531396 10.716356 11.495986 11.130369 10.426391 10.378417
-9999 -9999 -9999 -9999 -9999 -9999 -9999 -9999 11.226574 11.356709 11.889386 11.187865 11.664879 12.547974 11.456540 12.283267 10.729950 11.574203 12.198546 11.135452 10.831396 10.856539 10.811193 11.241483 10.954306 10.888342 11.405491 11.143866 11.398600 11.191028 11.532591 11.207741 11.216061 11.624699 10.688333 11.278826 11.677137 11.158380 11.115711 11.396830 11.572932 11.365917 11.576940 10.818600 10.898830 11.121824 11.073034 11.606461 11.132885 11.455901 10.811942 11.241416 11.364157 10.689548 10.552643 11.462159 11.503446 10.579879 10.759621 11.341914 11.721512
-9999 -9999 -9999 -9999 -9999 -9999 -9999 -9999 11.150734 11.196328 10.961444 12.304397 10.843142 10.832569 12.037216 10.490574 12.255558 10.588538 10.283120 11.696952 11.517640 12.007670 11.292272 11.243072 10.804650 10.875835 11.236495 10.373663 10.435636 10.930978 11.548027 10.991042 10.790202 11.684685 10.653654 10.967290 10.966904 11.672521 11.283293 11.726048 11.102814 11.832440 12.046526 11.218165 10.282069 11.377428 10.816748 10.827076 10.805130 10.835125 10.926087 11.038607 11.179306 11.297699 10.937219 12.154088 11.541730 10.431798 11.559581 10.488682 10.756686
-9999 -9999 -9999 -9999 -9999 -9999 -9999 -9999 10.988081 12.161548 11.718272 10.449547 11.113813 10.339320 10.839814 11.021978 11.084655 10.695031 11.191822 10.118704 11.843976 11.641104 10.848676 10.946647 11.824742 11.235568 11.336936 11.181816 11.028792 10.815079 11.569528 12.529381 12.068381 11.206700 11.297949 10.682322 11.469360 11.965043 11.218875 11.342285 11.300617 11.163360 11.030462 11.483700 12.661371 10.494764 12.137180 10.798646 11.301329 11.552151 11.576205 10.419773 10.300798 10.757123 10.263528 10.850544 11.087851 11.278508 11.041876 10.036169 11.745513
-9999 -9999 -9999 -9999 -9999 -9999 -9999 -9999 12.147752 10.522112 11.469629 10.816619 11.235378 11.560910 10.222022 10.853338 12.188356 11.816681 10.980940 11.266154 11.653287 11.127861 11.335009 10.348832 11.606128 11.749247 11.540888 11.214588 10.498385 9.847885 10.949793 11.721050 11.127197 11.837978 10.940777 11.530638 10.904096 10.594904 10.633586 10.973947 11.264759 10.594971 10.650603 10.319621 10.559727 11.390938 11.032909 11.280439 11.074538 9.965726 10.416334 11.132128 11.105944 11.624392 10.811009 10.697794 10.654417 11.717718 11.444352 10.340992 11.919911
-9999 -9999 -9999 -9999 -9999 -9999 -9999 -9999 11.447971 10.967331 11.571066 10.636702 11.065375 10.699225 11.144634 11.808670 11.104859 10.961854 11.231984 11.186787 9.880289 10.870256 10.932946 11.042738 11.502693 10.483102 11.763512 10.632217 10.612391 11.045765 10.637077 11.317863 11.478630 11.111517 11.593014 10.236066 10.782969 11.029396 10.799089 11.742530 11.002174 11.738066 12.004884 11.663870 11.210462 11.852416 10.706830 10.436988 11.167882 10.396677 10.408183 10.999571 11.212032 10.836811 11.212073 11.222213 11.048136 11.158618 11.096475 9.694937 11.595452
-9999 -9999 -9999 -9999 -9999 -9999 -9999 -9999 10.549264 10.982820 11.300333 11.737424 11.246871 10.890188 11.013752 10.925166 11.581669 11.656270 10.906199 12.528959 11.507176 11.598466 10.964614 10.983107 10.668250 11.246026 10.918013 11.222192 10.999898 11.618774 10.755767 11.523980 11.149740 11.786835 11.396821 10.958393 11.747415 11.104698 11.193857 11.606406 10.702457 10.724783 11.148274 11.566606 11.814078 9.941557 11.534501 11.325642 11.821019 11.153882 10.915563 10.578673 11.653123 11.067229 10.729232 9.813054 11.256520 10.607112 10.619993 11.404626 10.811709
-9999 -9999 -9999 -9999 -9999 -9999 -9999 -9999 11.059305 11.794307 10.620236 10.741540 12.087810 11.041831 11.330723 10.486917 10.462139 11.857205 10.805642 11.476283 10.818797 11.290333 11.869026 10.581744 10.727246 11.169838 10.601781 11.038492 11.601057 10.761973 10.741663 11.218861 11.039481 11.256688 11.021959 10.879663 11.030729 10.883622 10.542289 10.977557 11.458755 11.476060 11.390950 10.499808 10.384331 10.530161 10.147820 10.343060 9.681199 11.620549 11.389641 11.227524 10.714330 10.768374 11.047211 11.072493 10.849340 10.958747 10.979817 11.638367 10.384465
-9999 -9999 -9999 -9999 -9999 -9999 -9999 -9999 11.070328 11.425844 11.045412 11.595873 11.418431 10.968859 11.311771 10.506010 11.171202 11.904028 11.589132 10.919127 11.379075 10.801982 10.641319 11.908442 11.218313 9.788840 12.274713 11.639312 10.634027 10.508265 10.945043 11.755856 11.446996 11.558150 10.887395 10.800279 10.805037 12.003299 10.503220 11.041113 10.827544 9.630840 10.453424 11.359406 11.412956 10.846969 10.623486 10.773051 11.061888 10.802403 10.459543 10.273504 11.301405 10.553125 11.731387 10.372753 10.587727 11.017320 10.942942 10.165460 10.678842
-9999 -9999 -9999 -9999 -9999 -9999 -9999 -9999 11.225931 11.883761 11.892638 10.823348 10.843611 11.986951 10.667734 10.954372 10.697556 10.162465 11.000523 11.426779 10.946937 10.991425 11.768871 10.819371 11.011098 10.951450 10.997842 10.610440 10.577967 10.968995 11.461242 10.403016 11.071480 11.063355 10.748562 11.674874 10.731657 10.798411 11.427264 11.058538 10.626810 11.353805 11.491918 11.621240 11.057102 10.627958 11.347480 11.460778 11.532683 10.752454 10.494246 10.871957 10.872596 10.847209 11.003572 11.174476 10.596555 11.085101 11.252504 10.892278 10.898747
-9999 -9999 -9999 -9999 -9999 -9999 -9999 -9999 10.946917 11.093553 10.833360 11.332518 11.132623 10.934935 10.890092 11.813444 11.246046 9.986778 11.001069 11.842963 10.495113 11.784298 11.145846 11.179931 11.681718 11.915412 11.082820 10.546692 11.667069 11.373030 10.460254 10.640871 12.006609 11.440630 11.499504 11.244873 10.852809 11.259042 10.695242 11.153297 10.587663 11.431194 11.298436 10.540609 11.271252 10.306757 10.394594 10.572135 11.158782 11.142940 11.426264 10.461026 11.936444 10.543714 11.424796 10.987431 10.820593 10.360501 10.116348 9.864385 11.289593
-9999 -9999 -9999 -9999 -9999 -9999 -9999 -9999 10.459060 11.508127 11.231489 11.169056 12.111166 10.921017 11.722306 11.383169 11.733557 10.802219 10.511277 11.309731 12.128352 11.104148 11.769133 11.092106 11.434780 11.862722 11.495445 11.356541 10.862380 11.118765 11.472109 10.987566 10.782060 10.738225 11.331190 11.324035 11.205907 10.618205 10.948147 10.486629 10.969852 10.439896 10.812638 11.072815 10.395522 11.745440 10.829865 10.840030 10.583754 11.687352 10.581770 10.431504 11.189849 10.830470 10.542129 10.244436 11.097897 11.010813 11.125869 10.567812 10.505732
