cenop/data/CentralBaltic/salinity0000_10.asc
NCOLS 400 
NROWS 400 
XLLCORNER 4750000.0 
YLLCORNER 3200000.0 
CELLSIZE 1000.0 
NODATA_value -9999 
[rows 81 to 107 of 400, columns 0 to 60 of 400]
-9999 -9999 -9999 -9999 -9999 -9999 -9999 -9999 15.526982 16.163161 15.412832 15.688421 15.668045 15.827669 15.278807 16.297514 16.170177 15.484971 15.111180 15.779301 14.896781 15.277223 15.803242 16.307404 15.407631 14.891463 15.615589 15.445364 15.256166 14.972400 14.727062 15.875224 15.805273 14.452763 14.467521 15.328737 15.799054 15.569738 16.052629 14.097917 15.568742 14.951791 14.957570 15.045989 15.534235 14.438446 14.876406 15.695072 15.562645 15.275681 15.168085 14.088650 16.246804 14.710880 15.272270 15.049139 14.949590 14.347310 15.294207 14.940322 14.724098
-9999 -9999 -9999 -9999 -9999 -9999 -9999 -9999 16.313087 15.160951 15.675501 15.684247 15.805272 16.099129 16.130425 15.585862 16.654114 16.097025 15.178864 15.633025 16.243294 15.189102 15.031578 14.886525 15.904570 15.179995 15.520488 15.546127 14.896549 15.934435 15.343175 15.644058 14.492646 15.002098 15.454792 15.993545 15.746225 14.937919 15.282162 15.680198 14.926571 15.476388 14.869019 15.017380 15.855422 14.491418 14.743150 14.087821 15.193652 15.010906 14.511192 14.916222 14.796874 14.975128 15.644031 14.796342 14.466056 14.734447 14.817702 14.555107 13.758785
-9999 -9999 -9999 -9999 -9999 -9999 -9999 -9999 16.033150 16.756290 15.515203 15.918115 15.429509 15.905392 15.826447 15.953382 14.964555 15.716965 15.753401 14.890307 15.175053 15.527990 16.235762 15.209149 14.616226 15.492583 16.020534 15.929622 15.363474 14.977445 14.881156 15.434546 14.728598 15.655318 14.462337 15.985727 14.154611 14.843631 15.818461 16.194481 14.867202 15.203170 15.277964 14.084060 14.993079 15.241784 14.968881 14.970759 15.216809 15.864606 14.104306 14.576148 14.298257 14.802652 15.030308 14.921140 14.296382 15.051068 15.872227 14.277280 14.860662
-9999 -9999 -9999 -9999 -9999 -9999 -9999 -9999 15.503114 15.582689 15.359993 15.664056 15.477537 15.402085 14.873995 16.003318 15.229406 16.154216 15.078374 15.924440 16.061902 14.006031 15.516238 16.209945 14.286434 15.881254 15.263408 15.041779 16.671691 15.197721 15.747267 15.259287 16.177981 15.302912 16.035589 15.633817 15.142177 16.249815 15.407168 14.437050 15.914815 14.270705 15.899958 14.874857 15.510791 15.086413 14.714585 14.848210 15.203897 14.947673 15.157919 15.045942 15.189648 14.390932 15.356668 14.888106 14.193747 15.744577 14.694515 14.468273 14.885378
-9999 -9999 -9999 -9999 -9999 -9999 -9999 -9999 16.720232 16.011407 15.143313 15.764552 15.886686 15.352871 15.623345 15.101405 16.045308 15.262913 15.375087 16.398687 16.059346 15.853434 15.165005 15.081485 15.465048 16.308268 15.409732 15.663996 14.258624 14.308165 15.426140 15.257445 16.052869 14.973899 15.606993 16.154363 14.982334 15.464965 15.250137 15.656254 15.268489 15.174857 14.775290 14.852689 15.491438 15.566506 14.960961 14.884722 14.587438 15.394994 15.800434 15.413626 14.682748 14.751026 15.122451 15.494173 15.666419 15.232577 14.404614 15.078790 14.259615
-9999 -9999 -9999 -9999 -9999 -9999 -9999 -9999 15.997486 17.011867 16.106432 16.148769 16.134791 15.360742 15.057347 15.847094 15.983637 16.040328 15.591936 15.990578 15.036272 15.166271 15.868626 15.917379 15.467891 15.642188 15.612791 14.678260 16.045510 15.920233 14.926729 16.056618 15.211646 14.739078 15.271740 15.651163 15.751033 14.904814 16.209498 15.640132 15.357717 14.534178 14.131327 15.586030 14.916201 14.630447 14.242112 14.592057 14.656980 14.660906 15.451937 14.621141 15.348026 14.104958 14.256384 15.943211 15.326803 14.306046 14.788384 14.827358 14.694277
-9999 -9999 -9999 -9999 -9999 -9999 -9999 -9999 15.526167 15.622960 15.531067 16.261517 15.429064 15.820187 15.657882 16.324236 15.167869 15.308446 15.577511 15.601785 15.156454 14.386274 15.203499 15.165634 14.739001 15.734941 14.722673 14.808458 14.609097 15.140480 14.887544 14.670895 15.632688 15.651591 14.929201 15.999897 15.616645 14.988451 15.347515 15.731895 14.923014 15.741397 14.219880 14.679763 14.471448 15.261276 14.954505 14.003523 14.841836 14.654135 13.781072 14.322704 14.344823 14.811129 14.323183 14.148724 15.015814 14.663814 15.327439 14.534247 14.502350
-9999 -9999 -9999 -9999 -9999 -9999 -9999 -9999 15.542057 15.093598 16.419535 15.584413 15.986433 15.987417 15.579098 15.775878 14.669368 15.301390 15.977438 15.217234 15.209093 15.020185 14.864806 14.935883 14.807369 15.332923 15.494329 14.834606 14.919149 14.524616 15.520825 14.823403 14.513160 14.547779 14.721927 14.352697 14.888621 15.092535 14.729998 15.809297 15.488165 15.176501 14.798909 14.212267 15.800596 14.136330 14.832457 15.609931 14.690871 14.879327 15.669689 15.073278 15.535853 15.206885 14.372507 15.872534 13.466689 15.018625 14.737022 14.131547 14.999454
-9999 -9999 -9999 -9999 -9999 -9999 -9999 -9999 15.373209 15.136333 15.047681 15.330338 15.382819 15.270405 15.656715 14.922819 15.521981 15.996959 15.490251 15.414702 15.383500 15.230337 15.952588 15.494234 14.286282 14.897583 15.439264 14.992205 14.725121 15.875177 15.539943 15.330069 15.024487 15.127303 14.814555 14.792777 15.043331 14.548921 14.704903 15.071562 14.561006 15.145969 14.715001 14.855243 14.354698 14.646251 14.799857 15.249731 15.091453 15.643241 15.854589 14.549226 14.956366 14.693019 14.691661 14.718483 13.666383 15.415325 14.451471 14.010276 14.936814
-9999 -9999 -9999 -9999 -9999 -9999 -9999 -9999 16.046842 15.072844 15.999040 15.612704 15.658560 15.468262 16.290732 15.015341 15.151765 16.663301 16.376593 15.280842 15.185191 14.765646 15.407849 15.585348 15.633000 15.479527 14.709027 14.809991 15.367794 15.482748 15.430991 14.827121 14.311571 15.417612 15.075788 14.782695 14.958912 14.457935 15.003768 14.999336 14.910458 14.867785 14.354349 14.215445 15.415575 15.288268 14.999934 14.749074 15.812503 14.655361 14.771542 15.017270 15.587305 14.444811 14.661032 15.237810 14.089289 13.990044 14.526342 14.492540 14.494946
-9999 -9999 -9999 -9999 -9999 -9999 -9999 -9999 15.637739 16.494710 15.783918 16.243282 15.690764 15.374409 15.460131 14.885386 15.611241 16.495343 15.351206 14.904138 14.775587 15.578177 14.891763 15.785976 15.669553 15.384337 15.221509 16.029712 14.930090 15.557670 16.032405 15.486684 14.856556 15.589994 15.264119 14.551790 15.222899 14.849941 14.676610 15.471817 14.944229 15.499023 14.826538 14.916313 14.817371 15.004779 15.503295 14.130804 14.851001 15.770877 14.860296 14.559511 14.819254 14.074543 14.377605 13.730925 14.087798 13.626948 15.129023 15.119345 13.752120
-9999 -9999 -9999 -9999 -9999 -9999 -9999 -9999 16.370278 15.572273 15.350945 16.429753 14.831567 14.893916 15.160961 15.511255 15.673981 14.803908 16.892113 15.293553 14.183482 14.813846 15.409429 15.457242 15.161093 15.771617 14.792091 16.116377 15.906351 15.373940 15.571063 15.932520 14.781282 16.034470 14.790496 15.020404 15.472548 15.059346 14.327824 14.984639 15.399405 15.024826 15.170302 15.499618 15.280902 14.749436 15.297758 15.266049 14.907204 14.865420 14.424021 14.817311 14.106678 14.369990 15.083405 14.036722 14.701269 15.530445 14.849590 15.089205 14.628711
-9999 -9999 -9999 -9999 -9999 -9999 -9999 -9999 15.259765 15.553375 15.879966 16.136423 15.017587 14.836089 16.261449 16.135232 14.371502 15.824732 15.288746 14.836123 15.725373 15.183652 15.665925 15.209174 15.923029 14.859326 15.381270 14.653290 14.941423 15.485564 14.867688 15.913908 15.059195 13.962329 13.723977 15.487756 14.117190 15.154919 14.340507 14.626061 15.333234 14.634459 14.976349 14.989734 14.300973 15.639986 15.270636 14.697095 14.930861 15.411440 14.760874 15.530503 14.402716 14.147187 13.962475 14.617143 14.569361 14.413702 14.902720 15.172978 14.662977
-9999 -9999 -9999 -9999 -9999 -9999 -9999 -9999 15.618169 15.863228 16.171295 15.821842 15.641837 14.961735 15.545971 15.589664 15.623476 15.360535 14.724713 15.643931 15.735115 14.900279 15.361346 14.747947 15.545547 15.138047 15.867312 16.157407 14.257701 14.912794 14.529806 15.699333 14.930932 14.766627 15.049270 15.465300 16.070648 14.919069 14.055884 14.387086 14.420496 14.124415 14.041597 14.777332 14.957180 14.972820 14.705330 13.972288 14.950714 14.647064 14.910724 14.744176 14.781760 14.578911 15.429686 14.884659 14.445580 15.072500 14.533964 14.640423 14.072508
-9999 -9999 -9999 -9999 -9999 -9999 -9999 -9999 15.572264 16.109368 15.606814 15.586005 14.875553 15.767684 14.608810 15.194514 15.137549 15.657853 15.068092 14.847429 15.447715 15.666588 15.754617 15.113629 15.029348 14.648643 15.101884 15.298420 15.083745 15.328982 14.571390 16.174234 15.787512 14.461355 15.965089 14.740182 14.862598 15.202874 14.364774 14.972308 14.821592 15.200381 14.068987 15.013762 15.147064 15.591146 14.135397 14.676483 14.717242 14.525378 14.435836 14.800866 15.094562 13.608789 12.993065 13.451088 13.802024 15.294895 14.420796 13.873156 14.818597
-9999 -9999 -9999 -9999 -9999 -9999 -9999 -9999 16.119615 15.505587 15.382173 15.652379 15.381728 16.015017 15.277500 14.607531 15.367498 15.764144 14.936572 15.426954 15.438954 14.771709 15.521829 13.766875 13.849057 15.097379 14.410995 15.003076 15.510950 15.027927 14.613635 15.324945 15.120975 15.045602 15.241362 14.464079 14.931376 15.417046 14.918155 14.217639 15.405782 13.815293 15.602761 15.109697 15.297614 14.462450 14.910874 14.389919 16.422217 14.811361 14.968285 14.455014 14.434753 13.711897 14.399454 14.408245 14.532923 14.654295 14.853198 14.124321 14.496480
-9999 -9999 -9999 -9999 -9999 -9999 -9999 -9999 15.947362 16.156118 15.757087 15.335484 16.389707 15.999632 15.260583 15.065205 14.696824 15.372851 15.487978 14.902044 14.709565 15.441364 14.735039 14.642467 15.309300 14.678478 14.832731 15.980764 14.527235 15.810954 14.262867 15.020478 14.484667 15.232699 14.876779 14.567791 14.861940 15.226507 14.653462 15.143328 15.054340 14.350096 14.981930 14.316652 15.277579 14.555035 14.997058 13.778244 14.467889 15.608042 14.800145 14.197920 15.176604 14.798926 15.817338 14.427582 13.603109 14.474872 14.748416 14.122331 14.579824
-9999 -9999 -9999 -9999 -9999 -9999 -9999 -9999 15.568250 15.377133 15.932156 15.580635 15.633198 15.578280 14.737646 15.115881 14.732214 15.410765 15.265812 15.144524 14.393850 15.397771 14.298283 15.294906 15.369533 15.323852 14.557380 15.640179 15.514914 14.340132 14.888520 15.252869 15.354184 15.599229 14.292238 14.892587 14.966325 14.768228 15.473645 15.019156 14.974809 15.582762 15.142295 14.716458 13.850525 15.280904 14.658198 14.313246 14.291640 14.427457 13.588868 13.823485 14.284905 14.109811 13.781074 14.158795 14.713744 13.955943 14.283819 14.391803 14.430951
-9999 -9999 -9999 -9999 -9999 -9999 -9999 -9999 15.297371 14.644900 15.117063 15.175459 14.687433 15.392408 14.092610 15.676740 15.372168 15.396713 15.008679 15.808072 17.197836 15.385214 14.834017 14.174303 15.595437 15.272367 14.714733 15.654090 15.008154 14.681469 14.593607 15.058275 15.328131 15.459834 14.987897 15.243057 15.094177 16.069568 14.752972 14.448303 14.722487 14.434401 13.862708 15.520994 14.520068 14.234745 14.755692 14.396005 14.237170 14.574682 15.201442 14.885012 14.752175 13.737575 14.661361 14.754661 15.264777 14.490915 15.066822 14.488670 14.140666
-9999 -9999 -9999 -9999 -9999 -9999 -9999 -9999 15.127209 15.217157 15.393119 15.838869 13.883421 15.190048 14.664959 15.517847 15.282058 15.299802 15.121407 14.810027 15.768746 14.049056 15.451091 15.662953 14.849906 15.919337 14.663106 16.092411 14.217977 14.770818 14.789890 15.009260 14.638493 15.334881 14.737639 15.218324 14.408751 13.755375 14.694818 15.064869 14.152610 14.590493 15.023762 15.799613 14.750217 14.358407 14.625626 14.155061 13.997650 13.833943 14.556307 14.404767 15.111831 14.347703 13.732894 15.057628 14.419642 15.201942 14.301361 14.703820 13.905978
-9999 -9999 -9999 -9999 -9999 -9999 -9999 -9999 15.320867 15.432490 16.289268 16.170197 14.701192 14.968795 14.612607 15.112055 16.999769 15.150204 15.133234 15.108993 14.847287 15.137311 15.456970 14.199746 15.179015 14.938294 14.895776 15.048156 14.992311 14.804622 14.975922 14.675134 14.059654 15.054282 15.324283 14.321077 14.954084 15.688319 14.564700 14.190374 15.221975 15.701612 14.649705 14.393120 14.743966 15.324733 15.358010 14.258552 14.401819 14.557898 14.289145 14.091035 14.909941 13.531274 14.332052 14.110214 14.787699 14.480556 14.804584 15.198236 15.015032
-9999 -9999 -9999 -9999 -9999 -9999 -9999 -9999 15.546386 15.369397 14.363268 15.030661 15.175184 15.417573 14.958859 15.183499 15.384048 14.833300 14.928855 15.263568 15.009636 14.698129 14.080934 15.629052 15.168542 15.051491 15.153833 15.143277 15.403624 16.077274 15.130799 14.895312 14.743723 14.983834 14.591524 14.606715 14.518070 15.012599 13.980356 15.478667 14.626836 15.096113 14.602530 15.664893 14.245541 14.585858 14.387008 15.183545 14.659445 14.866622 14.306340 14.727372 13.518848 14.269750 14.789745 14.800276 14.126682 14.642081 14.877853 14.317486 13.883144
-9999 -9999 -9999 -9999 -9999 -9999 -9999 -9999 15.760178 14.828251 15.391702 15.695621 15.494420 15.604880 15.269519 15.135773 15.067495 15.390070 14.473649 15.812439 16.737322 14.393574 15.073007 14.977015 14.859813 14.669012 15.200395 14.737572 14.622428 14.787069 15.308301 14.055622 14.511397 13.973952 14.686470 14.754354 14.973035 14.758589 15.019305 14.312522 14.905705 14.565863 14.602143 14.073770 15.726105 14.118165 13.983725 15.377682 14.811239 15.058537 14.441795 13.886422 14.109761 13.723316 14.313904 13.998079 14.274927 13.991409 14.127747 14.665026 14.317405
-9999 -9999 -9999 -9999 -9999 -9999 -9999 -9999 15.058991 15.256510 14.776647 15.834417 15.309750 14.324098 15.320457 15.391824 15.783511 14.733382 14.839744 15.404713 15.133565 14.614459 15.127964 15.417127 14.848155 14.718344 14.437799 14.016323 15.256939 14.392292 14.751981 14.689189 15.289516 14.346113 13.894138 14.912293 15.147365 14.673287 15.033064 14.613001 14.414101 13.885276 14.874023 14.136637 14.841049 14.663729 14.555062 15.358471 15.068350 14.183573 15.120242 14.606177 14.189504 14.161969 15.134584 14.548438 15.331882 14.697643 14.695306 14.329606 14.891307
-9999 -9999 -9999 -9999 -9999 -9999 -9999 -9999 15.612853 15.729857 15.436884 14.675701 14.774169 15.592102 15.564456 15.216276 13.640401 14.374774 14.843575 14.558074 15.218147 15.181053 14.748583 15.405948 15.058721 15.095239 15.442057 14.926433 14.578668 15.359425 15.578735 14.410976 14.899746 15.004254 15.024064 14.331778 14.394776 14.806874 15.444768 14.342465 13.986228 14.882650 14.214927 14.063539 14.039592 15.065481 14.212980 13.944721 14.903852 14.126235 14.979243 13.560073 15.036902 14.920183 13.715004 13.870399 14.355225 14.336876 14.163866 14.647862 14.453853
-9999 -9999 -9999 -9999 -9999 -9999 -9999 -9999 14.631928 15.548626 15.505219 14.741498 14.347821 15.222134 15.334038 15.652213 15.350907 14.945487 15.594905 14.552549 14.607399 14.723349 14.932642 14.776947 14.634329 15.368423 14.366510 15.031281 15.215902 14.348568 15.240947 13.466352 15.645632 14.116589 15.926937 15.187293 14.962600 14.114433 14.730571 14.539789 13.999865 13.850454 15.324620 14.807959 14.966422 14.455233 14.619603 13.888696 14.232851 14.237249 14.043092 13.935974 14.549630 13.561658 13.750025 14.596613 14.466736 14.891525 15.397168 13.834133 14.075449
-9999 -9999 -9999 -9999 -9999 -9999 -9999 -9999 14.480625 14.220908 15.159988 15.797972 15.082659 15.877111 15.776775 14.660997 14.707343 15.492235 15.693729 15.087730 14.497688 14.714673 15.391543 14.003502 14.484797 14.257558 13.828294 15.178709 14.898131 13.954267 14.627587 13.898436 15.610883 14.806138 14.619106 14.966888 14.616918 15.340457 14.364544 15.013874 14.752572 14.713024 13.844837 15.039071 15.650436 14.753799 14.561327 14.693259 14.143194 14.787933 14.116331 14.177882 14.097084 14.636690 14.480830 14.770458 13.377820 14.413735 13.786656 13.123259 14.021671
