DEPONS-master/data/CentralBaltic/prey0000_07.asc
NCOLS 400 
NROWS 400 
XLLCORNER 4750000.0 
YLLCORNER 3200000.0 
CELLSIZE 1000.0 
NODATA_value -9999 
[rows 140 to 167 of 400, columns 315 to 377 of 400]
0.503402 0.186131 0.708048 0.499451 0.467253 0.523101 0.374525 0.404608 0.441073 0.485316 0.442712 0.540311 0.458655 0.503694 0.232923 0.502943 0.571379 0.704106 0.553614 0.596365 0.801737 0.733322 0.634391 0.344421 0.820504 0.420859 0.814402 0.413320 0.382458 0.409572 0.569640 0.316656 0.777825 0.619301 0.366625 0.402978 0.564549 0.762239 0.779229 0.403896 0.818533 0.476647 0.841578 0.584985 0.624348 0.537439 0.327279 0.586106 0.622506 0.793467 0.728095 0.847263 0.585147 0.738874 0.919840 0.436884 0.918205 0.865881 0.946003 0.836659 0.731854 0.918471 0.905179
0.330785 0.306054 0.375865 0.568188 0.521959 0.729210 0.312689 0.445710 0.360208 0.830262 0.614207 0.599173 0.619657 0.540217 0.309587 0.675120 0.605374 0.491245 0.269144 0.317190 0.236121 0.366043 0.695942 0.225104 0.325249 0.551828 0.641119 0.422215 0.748102 0.738016 0.422739 0.385746 0.631218 0.879649 0.664342 0.559309 0.700109 0.598814 0.710826 0.415273 0.759081 0.697016 0.436369 0.774150 0.388526 0.923303 0.814416 0.625778 0.748572 0.669201 0.674470 0.453405 1.000000 0.560182 0.528934 0.764211 0.533210 0.683992 0.792467 0.768044 0.828878 0.691129 0.792810
0.643753 0.304223 0.160155 0.423881 0.565922 0.284965 0.827989 0.486559 0.395118 0.346534 0.465893 0.520387 0.580474 0.735930 0.504808 0.742970 0.380192 0.706841 0.327283 0.268528 0.343374 0.123349 0.374569 0.339950 0.654317 0.672905 0.699859 0.406780 0.862960 0.645866 0.452030 0.533649 0.490984 0.259368 0.830431 0.782765 0.717828 0.472312 0.564508 0.661225 0.924690 0.548637 0.574546 0.758102 0.730051 0.728163 0.539814 0.892068 0.657334 0.621741 0.717953 0.878918 0.649163 0.827101 0.716338 0.448273 0.509131 0.842586 0.660574 0.649022 0.904930 0.854107 0.610302
0.420984 0.756735 0.605860 0.284968 0.709981 0.533056 0.420853 0.211337 0.736004 0.141856 0.498646 0.609874 0.322054 0.618818 0.837925 0.729109 0.815266 0.383886 0.367457 0.617846 0.530726 0.345397 0.579990 0.498907 0.674531 0.538519 0.705868 0.839083 0.426433 0.511193 0.287065 0.397306 0.596892 0.618199 0.785151 0.534894 0.568485 0.229729 0.322339 0.534366 0.693822 0.941967 0.475959 0.631551 0.888234 0.941548 0.801565 0.849366 0.491308 0.869732 0.557729 0.296380 0.439673 0.824448 0.489545 0.807083 0.552666 0.760577 0.929292 0.773081 0.725154 0.918142 0.617534
0.489795 0.479234 0.604063 0.282056 0.648801 0.393755 0.543510 0.571960 0.233500 0.517071 0.324013 0.505555 0.393500 0.694327 0.450578 0.638126 0.575404 0.883851 0.709524 0.475885 0.366901 0.455028 0.313101 0.741175 0.396494 0.641892 0.274319 0.540426 0.664990 0.623363 0.862044 0.450833 0.484225 0.710830 0.771913 0.577495 0.605498 0.845584 0.670099 0.693687 0.291448 0.844853 0.542066 0.559886 0.639782 0.661487 0.625736 0.580761 0.491905 0.644136 0.489309 0.750551 0.622944 0.392523 0.642056 0.828080 0.432460 0.685328 0.919523 0.529060 0.643960 0.628977 0.704027
0.660890 0.453986 0.651282 0.831828 0.481358 0.691288 0.625331 0.299722 0.317893 0.212967 0.202464 0.608242 0.370854 0.211540 0.561572 0.456684 0.619862 0.277330 0.602381 0.504891 0.399604 0.509324 0.585230 0.568892 0.499418 0.625240 0.561887 0.484266 0.703848 0.637360 0.499713 0.490690 0.690418 0.665141 0.793877 0.806776 0.615555 0.591305 0.746064 0.879121 0.607371 0.407989 0.568798 0.647415 0.676842 0.611000 0.424717 0.481351 0.464057 0.691248 0.908033 0.709381 0.933142 0.270849 0.717843 0.774351 0.882398 0.788288 0.702380 0.339417 0.587926 0.892871 0.534236
0.452004 0.608905 0.642090 0.917221 0.450985 0.693539 0.506893 0.421044 0.544522 0.702151 0.735521 0.597968 0.679793 0.523281 0.632698 0.839719 0.626170 0.518948 0.521018 0.507606 0.807584 0.901760 0.865101 0.484739 0.483127 0.815940 0.363627 0.618126 0.453871 0.332751 0.401294 0.515196 0.600884 0.581589 0.581312 0.630743 0.563391 0.433688 0.747261 0.622320 0.736617 0.885588 0.549005 0.641046 0.634986 0.503184 0.864158 0.787851 0.687870 0.701747 0.672655 0.785468 0.574219 0.782147 0.841102 0.647963 0.791098 1.000000 0.971676 0.763719 0.444623 1.000000 1.000000
0.474392 0.517113 0.467542 0.383680 0.503190 0.897001 0.639279 0.084239 0.570194 0.471193 0.378480 0.863553 0.347128 0.292439 0.636937 0.284959 0.677853 0.672443 0.687461 0.472367 0.258501 0.315442 0.415744 0.469743 0.655606 0.606747 0.486020 0.387527 0.336256 0.423013 0.525139 0.266817 0.456390 0.325556 0.308611 0.436222 0.646922 0.708273 0.738453 0.892411 0.489468 0.689549 0.340809 0.397390 0.747114 0.771916 0.537403 0.456085 0.734456 0.732265 0.565762 0.287753 0.637959 0.948185 0.706339 0.985729 1.000000 0.758149 0.733034 0.849519 0.404956 0.988962 0.776619
0.546232 0.547852 0.674636 0.395700 0.389302 0.812667 0.606946 0.635618 0.444877 0.832492 0.731450 0.617195 0.362431 0.698594 0.503252 0.462194 0.580674 0.466560 0.411288 0.459378 0.533071 0.450457 0.254483 0.655661 0.704035 0.810978 0.609161 0.438169 0.654451 0.314894 0.561884 0.480692 0.839879 0.521545 0.393749 0.742711 0.857369 0.791175 0.948288 0.995636 0.499191 0.701432 0.730380 0.678000 0.730522 0.557787 0.764064 0.378243 0.791857 0.305002 0.447711 0.397880 0.532452 0.943495 1.000000 0.783575 0.954086 0.533543 0.598985 0.710927 0.530330 0.699644 0.674124
0.575802 0.317457 0.568465 0.623916 0.662230 0.406903 0.509432 0.735281 0.639014 0.518148 0.595833 0.615369 0.616982 0.442287 0.179521 0.482779 0.482268 0.377128 0.757857 0.685539 0.403034 0.517168 0.284815 0.502748 0.567671 0.454523 0.455334 0.782739 0.764220 0.469345 0.655817 0.703704 0.371207 0.374088 0.671248 0.681050 0.595968 0.885233 0.681475 0.531408 0.407123 0.863631 0.686718 0.428454 0.760249 0.659630 0.638046 0.587025 0.574654 0.461909 1.000000 0.565777 0.771715 0.538506 0.371004 0.949555 0.649533 0.472621 0.803170 0.455715 0.778709 0.807459 0.444704
0.645588 0.763873 0.455512 0.404960 0.595396 0.666898 0.807624 0.355961 0.517228 0.205378 0.480386 0.449055 0.381976 0.389249 0.533338 0.738530 0.566391 0.566954 0.755338 0.831705 0.447520 0.432562 0.357335 0.408832 0.639906 0.258136 0.567821 0.316853 0.438145 0.599590 0.572594 0.227483 0.331542 0.809020 0.730952 0.733514 0.564711 0.403434 0.381472 0.366428 0.706224 0.539794 0.961349 0.498855 0.481552 0.658502 0.636946 0.380371 0.711434 0.741965 0.453272 0.696448 0.555299 0.363539 0.771917 0.766236 0.620682 0.747712 0.852021 0.650716 0.442953 0.794971 1.000000
0.835117 0.424709 0.112914 0.595243 0.590193 0.179075 0.633581 0.472634 0.788792 0.392473 0.607874 0.419877 0.570276 0.481465 0.803951 0.524382 0.418470 0.693578 0.206231 0.865694 0.577250 0.772633 0.499957 0.630630 0.558844 0.719997 0.465612 0.620551 0.591278 0.543037 0.777826 0.192356 0.488369 0.629527 0.426587 0.588821 0.560134 0.533681 0.730863 0.359625 0.608158 0.489419 0.631229 0.158134 0.473553 0.575279 0.621721 0.561939 0.548961 0.595733 0.448709 0.720951 0.782647 1.000000 0.573862 0.855631 0.544502 1.000000 0.677835 0.594487 0.890287 0.546127 0.706452
0.393519 0.305739 0.494733 0.421436 0.697799 0.844900 0.741228 0.240145 0.597776 0.833877 0.702733 0.728619 0.749097 0.466532 0.644820 0.614102 0.384135 0.524008 0.806596 0.595124 0.288080 0.290831 0.567141 0.460244 0.465207 1.000000 0.719738 0.371930 0.635186 0.359522 0.345388 0.374599 0.688053 0.455710 0.485625 0.558987 0.762250 0.675408 0.868607 0.467082 0.592920 0.639367 0.529529 0.498550 0.498689 0.666610 0.454171 0.465537 0.634137 0.833779 0.837307 0.812066 1.000000 0.666087 0.537811 0.621503 0.595898 0.432138 1.000000 0.678521 0.998147 0.825672 0.981758
0.664015 0.594026 0.280383 0.670834 0.225866 0.423905 0.598750 0.575201 0.629170 0.460480 0.609316 0.271313 0.511689 0.827382 0.463247 0.667188 0.444424 0.535455 0.642029 0.686106 0.741848 0.415924 0.467783 0.414731 0.515267 0.511371 0.548062 0.249198 0.502091 0.202150 0.493204 0.789988 0.571879 0.704749 0.536015 0.441008 0.603432 0.627775 0.699440 0.393585 0.774189 0.459285 0.586804 0.479069 0.829012 0.513527 0.615686 0.828726 0.386240 0.486506 0.533343 0.755817 1.000000 0.926207 0.653760 0.631947 0.735868 0.903942 0.768789 0.659115 0.451303 0.881848 0.853797
0.351607 0.598015 0.679696 0.384689 0.667852 0.715485 0.820123 0.502208 0.414933 0.703296 0.375899 0.514189 0.530713 0.522686 0.538661 0.410651 0.806905 0.279617 0.498727 0.319830 0.497441 0.538715 0.556020 0.778574 0.162309 0.816791 0.382091 0.380876 0.425862 0.606034 0.725562 0.606627 0.462745 0.659657 0.720837 0.768532 0.664918 0.585210 0.698858 0.846875 0.662629 0.690707 0.695331 0.775791 0.530917 0.522005 0.814518 0.621441 0.702531 0.823829 0.669349 0.838041 0.805838 1.000000 0.637246 0.554705 0.312196 0.769229 0.611273 0.926789 0.423497 0.788171 0.376783
0.924644 0.597062 0.654590 0.641232 0.283955 0.427078 0.463389 0.435780 0.890604 0.463559 0.404633 0.463134 0.400427 0.624109 0.483470 0.439583 0.475069 0.388377 0.360122 0.696136 0.919810 0.595050 0.581605 0.519991 0.609004 0.262410 0.668757 0.470516 0.364690 0.605780 0.456020 0.854614 0.396320 0.315509 0.647661 0.529662 0.784856 0.746536 0.782116 0.354680 0.623279 0.745273 0.468378 0.447048 0.442596 0.654249 0.726867 0.734680 0.718988 0.465508 0.443574 0.607458 0.718157 0.757439 0.566285 0.536958 0.782341 0.659860 0.457653 0.585576 0.863662 0.376877 0.799121
0.501794 0.700424 0.507054 0.331663 0.492175 0.672051 0.637184 0.816223 0.649689 0.512789 0.450861 0.684738 0.545293 0.397369 0.709669 0.541869 0.711193 0.693191 0.340871 0.482834 0.235489 0.444575 0.292441 0.531861 0.748035 0.875524 0.220172 0.719683 0.437980 0.563126 0.708494 0.466363 0.713071 0.807885 0.743255 0.705174 0.294289 0.425954 0.776678 0.477524 0.962826 0.397932 0.915044 0.350930 0.838294 0.925957 0.575471 0.492293 0.752272 0.637995 0.563153 0.377355 0.759925 0.843225 0.940193 0.611160 0.443719 0.543875 0.745141 0.843671 0.734885 0.677246 0.617148
0.633642 0.819646 0.439182 0.571816 0.759954 0.741993 0.340878 0.352554 0.316754 0.634392 0.588245 0.300486 0.443100 0.651556 0.723517 0.166309 0.328002 0.430520 0.478634 0.741842 0.389253 0.452806 0.650077 0.533400 0.765962 0.726321 0.548427 0.549145 0.245877 0.535651 0.707524 0.957361 0.713654 0.625389 0.687869 0.612560 0.350461 0.416013 0.577867 0.405044 0.752165 0.562391 0.793560 0.396574 0.477561 0.593514 0.648886 0.477036 0.401032 0.688523 0.524163 0.790552 0.523700 0.523518 0.725338 0.895783 0.512009 0.320253 0.567355 0.763049 0.774305 0.735703 0.868734
0.526836 0.389590 0.450320 0.341084 0.480056 0.845219 0.720763 0.609506 0.605517 0.737108 0.239655 0.663909 0.710224 0.665112 0.683629 0.265990 0.282889 0.536304 0.476410 0.349793 0.318494 0.236789 0.468825 0.450725 0.454642 0.700750 0.520262 0.434426 0.851216 0.277370 0.487750 0.502378 0.661077 0.697978 0.339106 0.670387 0.593355 0.395023 0.735962 0.346698 0.551039 1.000000 0.401073 0.686465 0.817977 0.861477 0.503735 0.373874 0.739674 0.581707 0.867718 0.685118 0.892798 0.797201 0.657876 0.527967 0.495896 0.796902 0.634561 0.382651 0.898752 0.609978 0.818722
0.367789 0.440890 0.623236 0.981339 0.477618 0.490402 0.771229 0.547274 0.467699 0.735285 0.278131 0.501511 0.413638 0.491977 0.602984 0.375082 0.208077 0.562257 0.397955 0.788184 0.579586 0.864180 0.404003 0.513488 0.690852 0.449812 0.747825 0.426999 0.179624 0.547785 0.735583 0.823481 0.272048 0.574993 0.494294 0.498475 0.303491 0.781231 0.396247 0.443769 0.621059 0.515488 0.936987 0.656265 0.396214 0.478038 0.439201 0.773389 0.477886 0.893697 0.665889 0.780772 0.631357 0.905980 0.454602 0.871346 0.608979 0.543370 0.972816 0.338761 0.805212 0.645336 0.647970
0.625926 0.464055 0.826005 0.550031 0.576139 0.343225 0.454300 0.590819 0.661481 0.693352 0.402275 0.293178 0.479042 0.671130 0.400332 0.426445 0.624533 0.678887 0.389471 0.592230 0.624789 0.272743 0.653403 0.320978 0.031670 0.298152 0.303540 0.729137 0.563742 0.193707 0.669777 0.859891 0.341836 0.540816 0.403482 0.514889 0.553554 0.635241 0.823369 0.714967 0.890339 0.464606 0.739005 0.538866 0.665306 0.677331 0.798053 0.575644 0.852803 0.452041 0.680324 0.529869 1.000000 0.985720 0.697501 0.800855 0.542060 0.960857 0.911792 0.916245 0.796257 0.370753 0.843106
0.779494 0.389814 0.433629 0.353227 0.496912 0.688351 0.299484 0.582542 0.427166 0.443394 0.727050 0.422121 0.453779 0.594839 0.361249 0.737672 0.606673 0.615792 0.738450 0.666449 0.505995 0.725330 0.738889 0.651174 0.703166 0.839567 0.664621 0.506744 0.696072 0.380747 0.518242 0.752501 0.793434 0.512679 0.420869 0.466362 0.707397 0.591659 0.504386 0.833612 0.804382 0.385756 0.910242 0.522104 0.727503 0.716298 0.547866 0.558205 0.301626 0.766800 0.668612 0.770212 0.810089 0.551980 0.734021 0.840896 0.686306 0.419958 0.873216 0.913710 0.888258 0.656157 1.000000
0.459989 0.512171 0.378061 0.551184 0.567142 0.668354 0.436241 0.449929 0.961262 0.515350 0.254645 0.540418 0.200934 0.719920 0.416331 0.708767 0.435387 0.293556 0.627306 0.761650 0.552796 0.640145 0.388476 0.391518 0.541577 0.344104 0.684177 0.228913 0.738288 0.286937 0.485594 0.554402 0.354969 0.489065 0.576730 0.565552 0.572228 0.418392 0.760939 0.247414 0.775532 0.606569 0.761211 0.528797 0.513900 0.779433 0.394334 0.608058 0.486487 0.741089 0.804840 0.404028 0.648496 0.771865 0.657843 0.539524 0.858179 0.801411 0.820730 0.736057 0.449737 0.848465 0.484136
0.738455 0.725430 0.789334 0.808779 0.474346 0.591502 0.343036 0.627491 0.179803 0.776499 0.660465 0.707020 0.247511 0.591369 0.231737 0.324288 0.354845 0.343062 0.649881 0.603333 0.317370 0.381984 0.589278 0.709085 0.541387 0.777858 0.607966 0.319583 0.389295 0.712580 0.600876 0.515828 0.583462 0.530602 0.587217 0.426985 0.815571 0.495787 0.800981 0.536678 0.914057 0.734860 0.807356 0.555150 0.800951 0.923867 0.749128 0.935373 0.438530 0.728579 0.585410 0.738954 0.430962 0.796839 0.809084 1.000000 0.507601 0.481851 0.434193 0.517329 0.909456 0.880037 0.949639
0.506236 0.687208 0.496718 0.778215 0.590726 0.711452 0.324698 0.513740 0.488122 0.482437 0.362867 0.681256 0.488271 0.717678 0.646035 0.538556 0.576184 0.414012 0.660151 0.562765 0.349542 0.671379 0.519864 0.511615 0.609760 0.458314 0.503948 0.426377 0.240429 0.492445 0.579390 0.866512 0.639504 0.736099 0.532743 0.487550 0.405345 0.404774 0.419918 0.730576 0.362811 0.824828 0.588753 0.528022 0.493565 0.703686 0.965651 0.558482 0.707195 0.652638 0.469843 0.736339 0.854416 0.792743 0.534928 0.542462 0.660462 1.000000 0.465204 0.792059 0.900542 0.873157 0.603341
0.719562 0.774944 0.624457 0.577147 0.576526 0.397394 0.465430 0.423658 0.343634 0.635391 0.683151 0.379528 0.363495 0.670858 0.644355 0.616549 0.352440 0.526343 0.697764 0.488922 0.887526 0.374469 0.481228 0.816902 0.352345 0.583696 0.549009 0.560950 0.421621 0.575035 0.441513 0.618631 0.591002 0.408034 0.659532 0.525790 0.464836 0.858198 0.286398 0.835803 0.427670 0.887902 0.878791 0.426390 0.745827 0.478004 0.692951 0.335350 0.446894 0.998213 0.812836 0.566447 0.905119 0.878386 0.516594 0.673506 0.580176 0.921681 0.356084 0.565992 0.249253 0.671020 0.581709
0.728946 0.672437 0.829679 0.512318 0.488495 0.324074 0.332094 0.433122 0.313015 0.671640 0.406451 0.688783 0.572950 0.538140 0.729727 0.430298 0.375684 0.491559 0.584848 0.386140 0.596794 0.248469 0.585320 0.494960 0.191936 0.138817 0.623260 0.581962 0.335931 0.252088 0.423722 0.532857 0.468298 0.720129 0.520880 0.710696 0.437256 0.512055 0.688296 0.621387 0.723781 0.866915 0.880996 0.520376 0.916061 0.687616 0.471263 0.919233 0.802704 0.668269 0.490611 0.761005 0.462892 0.794945 0.863882 0.386155 0.875118 0.866160 0.945190 0.594168 0.582180 0.658934 0.915955
0.238633 0.687594 0.757423 0.167108 0.460264 0.344847 0.610791 0.339100 0.761087 0.415297 0.355708 0.471356 0.516641 0.490552 0.499743 0.363222 0.503603 0.605358 0.527696 0.645602 0.765513 0.581609 0.563291 0.798688 0.863150 0.550033 0.592479 0.558978 0.812103 0.606500 0.842590 0.748773 0.685297 0.578755 0.500664 0.706048 0.664037 0.698058 0.752802 0.740476 0.620428 0.475395 0.361549 0.588364 0.705126 0.466594 0.520070 0.846213 0.830637 0.607229 0.709215 0.686353 0.931913 0.802778 0.446641 0.492645 0.733588 0.816687 0.560282 1.000000 0.552065 0.541906 0.714670
