DEPONS-master/data/CentralBaltic/prey0000_07.asc
NCOLS 400 
NROWS 400 
XLLCORNER 4750000.0 
YLLCORNER 3200000.0 
CELLSIZE 1000.0 
NODATA_value -9999 
[rows 336 to 363 of 400, columns 126 to 188 of 400]
0.662816 0.569571 0.667407 0.698375 0.434239 0.638428 0.626135 0.297268 0.432089 0.548441 0.301324 0.705757 0.207628 0.478860 0.739167 0.873236 0.765575 0.483543 0.364127 0.774696 0.391881 0.729666 0.468497 0.639483 0.225598 0.574085 0.778345 0.542023 0.748173 0.275229 0.282875 0.613095 0.870556 0.367310 0.484769 0.430604 0.678410 0.259298 0.462135 0.693436 0.625651 0.297706 0.486765 0.519231 0.263024 0.346816 0.678960 0.312850 0.581139 0.493060 0.537412 0.460654 0.791955 0.755699 0.231678 0.548629 0.681869 0.626784 0.311551 0.704036 0.380741 0.493961 0.394026
0.568639 0.633744 0.398323 0.615510 0.209045 0.757652 0.661012 0.631161 0.320003 0.519218 0.218265 0.424846 0.320961 0.541554 0.643126 0.759229 0.850400 0.538088 0.258377 0.643660 0.584078 0.556907 0.475514 0.445207 0.410699 0.544349 0.850612 0.674570 0.430448 0.455993 0.702801 0.187773 0.538674 0.596035 0.452409 0.260573 0.564961 0.750546 0.333453 0.435872 0.267439 0.575164 0.754375 0.713880 0.764702 0.427149 0.257466 0.794884 0.471030 0.774297 0.494463 0.441767 0.312416 0.329395 0.380627 0.836797 0.662229 0.092140 0.341582 0.593405 0.303169 0.668829 0.383969
0.412068 0.183851 0.300038 0.662382 0.636830 0.407526 0.341267 0.488841 0.682651 0.650529 0.668412 0.574827 0.372801 0.799960 0.501603 0.518327 0.088599 0.601163 0.397356 0.535013 0.608847 0.760567 0.434217 0.418692 0.557554 0.708783 0.704470 0.402378 0.675029 0.641008 0.671508 0.249543 0.773508 0.633006 0.232651 0.829849 0.662755 0.372896 0.295329 0.310737 0.458598 0.626603 0.658463 0.312524 0.951156 0.612067 0.635784 0.602532 0.458852 0.471158 0.773914 0.263065 0.395386 0.215490 0.521802 0.468349 0.657193 0.533000 0.301162 0.593535 0.274694 0.421238 0.375945
0.399192 0.258285 0.825020 0.629095 0.579694 0.552135 0.512440 0.602222 0.373573 0.310212 0.731616 0.654647 0.264802 0.371491 0.346744 0.188280 0.733103 0.486902 0.689781 0.514869 0.231953 0.350376 0.677703 0.837771 0.408042 0.544825 0.486669 0.571630 0.652075 0.535190 0.637439 0.148167 0.474919 0.406736 0.385615 0.306876 0.950105 0.526496 0.601429 0.705032 0.764026 0.378118 0.658057 0.506466 0.472290 0.536870 0.576748 0.516589 0.666747 0.424571 0.546336 0.752932 0.304532 0.703834 0.699600 0.543908 0.376526 0.445422 0.461410 0.778011 0.499421 0.300695 0.420766
0.644366 0.465242 0.535243 0.314126 0.977965 0.549857 0.746766 0.544398 0.542049 0.650433 0.209564 0.344483 0.752150 0.366913 0.677595 0.320359 0.203971 0.793972 0.635465 0.383536 0.350480 0.517419 0.434575 0.543939 0.432900 0.473574 0.833739 0.363124 0.541311 0.523488 0.564932 0.633789 0.638520 0.834149 0.719247 0.529038 0.871652 0.674071 0.658521 0.657773 0.272449 0.275383 0.372773 0.596876 0.180760 0.421303 0.915357 0.377240 0.401757 0.711395 0.480626 0.401660 0.292232 0.494768 0.607969 0.496961 0.732090 0.764474 0.379079 0.522558 0.265561 0.742499 0.429124
0.644589 0.444494 0.674289 0.424380 0.673132 0.568708 0.648988 0.615215 0.186312 0.716859 0.493321 0.590903 0.732483 0.448005 0.646655 0.899717 0.470884 0.741265 0.336972 0.424802 0.608593 0.444219 0.201666 0.228588 0.853554 0.127410 0.776376 0.534825 0.536700 0.440407 0.757411 0.471380 0.502613 0.177768 0.500969 0.224729 0.417566 0.292706 0.647331 0.381149 0.400163 0.450150 0.591061 0.549025 0.678372 0.442979 0.669255 0.391278 0.218327 0.400942 0.358037 0.324764 0.750925 0.766722 0.380590 0.700092 0.689770 0.618029 0.516459 0.613353 0.161913 0.614678 0.571850
0.519147 0.671952 0.483712 0.851308 0.492878 0.648198 0.385567 0.569249 0.660299 0.514937 0.328158 0.602389 0.312567 0.891312 0.224929 0.329410 0.697556 0.397128 0.841274 0.469243 0.568348 0.334176 0.746136 0.366279 0.494173 0.407408 0.277435 0.319340 0.501922 0.900710 0.591873 0.619057 0.664186 0.452846 0.250218 0.661798 0.453468 0.890380 0.500198 0.643785 0.259254 0.778016 0.534569 0.410756 0.485368 0.647381 0.502138 0.785255 0.327443 0.415773 0.568677 0.486859 0.540570 0.531207 0.717808 0.360362 0.827555 0.886245 0.621260 0.555008 0.418671 0.283409 0.276635
0.856121 0.568551 0.386601 0.427960 0.340868 0.350621 0.427139 0.576707 0.388459 0.734880 0.469950 0.502485 0.489866 0.549005 0.616603 0.733929 0.454337 0.528066 0.425634 0.617187 0.711241 0.473295 0.349163 0.522699 0.771951 0.394645 0.682802 0.646957 0.364400 0.763221 0.306331 0.254386 0.429400 0.597970 0.553085 0.401229 0.447245 0.310887 0.507635 0.627349 0.709179 0.664217 0.262154 0.819470 0.536128 0.523859 0.323719 0.581477 0.540518 0.520926 0.452114 0.190182 0.652689 0.768695 0.572538 0.480391 0.761751 0.544757 0.874807 0.781405 0.434776 0.630347 0.728194
0.735058 0.408155 0.625061 0.767151 0.803511 0.505687 0.721169 0.578545 0.557578 0.617304 0.541534 0.429874 0.579035 0.489065 0.506103 0.642516 0.647873 0.091352 0.551124 0.460256 0.419243 0.852505 0.733782 0.507900 0.653598 0.245220 0.359089 0.408474 0.227600 0.454667 0.144351 0.498026 0.282008 0.511951 0.625129 0.631645 0.633885 0.532015 0.500876 0.500429 0.248638 0.577290 0.625269 0.259773 0.426407 0.794502 0.411831 0.617188 0.418834 0.524565 0.667767 0.786955 0.492911 0.686235 0.395933 0.376229 0.361378 0.518246 0.745267 0.555272 0.411719 0.341497 0.201483
0.667431 0.414073 0.346806 0.475599 0.845371 0.698626 0.545836 0.719782 0.485679 0.467412 0.488689 0.371754 0.382537 0.379793 0.392369 0.626975 0.714922 0.409067 0.623943 0.315394 0.843473 0.672216 0.353810 0.448256 0.517649 0.529867 0.661885 0.328923 0.415602 0.815308 0.494690 0.920589 0.664438 0.649961 0.657960 0.690726 0.887809 0.552004 0.347325 0.567987 0.348013 0.418259 0.730285 0.439341 0.480355 0.440008 0.726509 0.523320 0.592661 0.420753 0.591667 0.477757 0.710375 0.453995 0.159917 0.757912 0.434236 0.479154 0.514783 0.392101 0.478353 0.603169 0.570802
0.729966 0.576160 0.405819 0.747865 0.479480 0.434971 0.804844 0.675276 0.669483 0.536994 0.311886 0.487858 0.333884 0.839490 0.773751 0.629636 0.342401 0.510830 0.851832 0.729151 0.359129 0.669716 0.762575 0.289082 0.408153 0.422688 0.525369 0.488067 0.591304 0.325125 0.357058 0.296143 0.671165 0.735330 0.654345 0.385463 0.504495 0.765707 0.617946 0.719570 0.431234 0.366754 0.645075 0.526150 0.513869 0.364816 0.595411 0.702690 0.527313 0.681927 0.569934 0.702436 0.582589 0.506807 0.655934 0.368136 0.556587 0.462484 0.363504 0.733943 0.641550 0.587125 0.784230
0.429690 0.772546 0.526117 0.521719 0.345914 0.450266 0.734078 0.550258 0.650213 0.552888 0.432669 0.568628 0.816397 0.444950 0.354596 0.700402 0.275696 0.372972 0.771076 0.647609 0.723672 0.269323 0.689584 0.813228 0.647049 0.568837 0.578487 0.465382 0.539850 0.714318 0.725484 0.512482 0.383308 0.249825 0.687746 0.474809 0.474063 0.856704 0.463848 0.739089 0.795231 0.304065 0.608816 0.498860 0.639061 0.643289 0.516496 0.480069 0.586051 0.356001 0.473778 0.508447 0.349231 0.345430 0.245690 0.737975 0.363343 0.791239 0.470497 0.732056 0.646746 0.554636 0.657830
0.849013 0.408183 0.656285 0.383062 0.302044 0.617374 0.498126 0.753429 0.617257 0.382318 0.803852 0.752550 0.725662 0.323806 0.459511 0.729804 0.599419 0.953162 0.585507 0.572488 0.661180 0.240427 0.674952 0.522305 0.799722 0.502365 0.455046 0.324467 0.481353 0.537442 0.995099 0.521021 0.913821 0.452724 0.122595 0.377790 0.329962 0.610309 0.781670 0.545946 0.580515 0.703875 0.858943 0.388259 0.432930 0.629362 0.264493 0.555790 0.560625 0.607842 0.503071 0.448798 0.558132 0.676595 0.631716 0.360444 0.444032 0.439109 0.685705 0.218433 0.899055 0.641862 0.763975
0.624803 0.835300 0.793005 0.168936 0.702106 0.585861 0.357749 0.806480 0.830704 0.872773 0.768776 0.881718 0.652894 0.379849 0.606337 0.725341 0.763788 0.420597 0.484401 0.693945 0.371290 0.645917 0.573893 0.596401 0.687790 0.442681 0.474203 0.690415 0.615610 0.715291 0.801132 0.740034 0.578331 0.800695 0.807930 0.646569 0.622836 0.735040 0.727907 0.567961 0.751966 0.828217 0.337363 0.509401 0.532096 0.877827 0.325660 0.903258 0.421588 0.682588 0.731223 0.520644 0.773924 0.393795 0.619274 0.936011 0.660985 0.368528 0.433106 0.558881 0.472051 0.316235 0.337795
0.447274 0.606153 0.380443 0.778587 0.828366 0.670700 0.550610 0.895524 0.361584 0.718777 0.515561 0.625028 0.838679 0.647160 0.721002 0.638042 0.440124 0.782987 0.794700 0.516695 0.685072 0.510708 0.663058 0.151168 0.704351 0.388886 0.574463 0.410271 0.543440 0.359072 0.656747 0.434815 0.584946 0.452580 0.802057 0.241359 0.751115 0.259892 0.528827 0.696576 0.190403 0.342329 0.519475 0.568976 0.574964 0.794066 0.777396 0.713372 0.581940 0.598453 0.743762 0.562024 0.359054 0.490636 0.526424 0.946482 0.652908 0.240632 0.520840 0.502893 0.454365 0.613447 0.218271
0.429442 0.478428 0.736416 0.516812 0.484702 0.689560 0.501509 0.274522 0.508331 0.623338 0.619445 0.704921 0.496822 0.810284 0.447042 0.656576 0.684585 0.661752 0.517715 0.269477 0.297423 0.697797 0.465642 0.798433 0.336960 0.602257 0.480704 0.739038 0.632273 0.253865 0.470366 0.902789 0.736601 0.550343 0.351090 0.166630 0.518686 0.531588 0.528814 0.816922 0.516621 0.477070 0.690135 0.747548 0.406449 0.299927 0.405413 0.958488 0.720245 0.759618 0.604532 0.728472 0.337499 0.602920 0.782146 0.501567 0.766355 0.354798 0.780766 0.487069 0.529541 0.574080 0.520982
0.770139 0.678174 0.850214 0.277574 0.363683 0.379623 0.562732 0.450181 0.244523 0.445500 0.747641 0.445311 0.985784 0.464118 0.858785 0.519529 0.635711 0.663600 0.722246 0.763994 0.339246 0.452716 0.742358 0.617219 0.471162 0.502858 0.481755 0.655433 0.805307 0.523737 0.523198 0.556469 0.493738 0.860549 0.404462 0.611717 0.929578 0.568706 0.479095 0.541465 0.635404 0.819480 0.582766 0.689163 0.430625 0.506435 0.480898 0.655831 0.365798 0.661349 0.709247 0.712982 0.722257 0.339445 0.648039 0.460002 0.467094 0.486993 0.665884 0.781300 0.728835 0.374535 0.695753
0.397201 0.491621 0.604146 0.303374 0.360376 0.477946 0.416412 0.520589 0.567047 0.883662 0.445226 0.602608 0.561244 1.000000 0.843518 0.674822 0.701525 0.377411 0.565596 0.392883 0.486631 0.419907 0.947329 0.493777 0.486138 0.456086 0.877294 0.469838 0.334617 0.446305 0.263030 0.385387 0.506386 0.799377 0.477833 0.744128 0.625967 0.742037 0.788514 0.622649 0.456974 0.369143 0.843668 0.653538 0.464204 0.696456 0.508621 0.668074 0.803014 0.464195 0.709939 0.432226 0.198321 0.533502 0.700452 0.894037 0.832251 0.482752 0.581742 0.526159 0.633738 0.654856 0.586409
0.526063 0.466774 0.763658 0.892429 0.571063 0.647901 0.590099 0.502959 0.744734 0.505427 0.443870 0.621579 0.360686 0.374725 0.576896 0.643328 0.589201 0.416562 0.688324 0.955998 0.571350 0.764756 0.629772 0.513565 0.444285 0.746620 0.471916 0.523110 0.651334 0.607124 0.704938 0.839081 0.159793 0.437557 0.866588 0.671367 0.420425 0.915556 0.645057 0.538968 0.518691 0.400726 0.663405 0.661785 0.782495 0.646708 0.734544 0.467074 1.000000 0.818434 0.732042 0.887983 0.683645 0.453103 0.365912 0.411287 0.400332 0.629495 0.773832 0.255866 0.824520 0.728986 0.402426
0.557668 0.954247 0.502293 0.499419 0.457527 0.296490 0.497815 0.533402 0.539005 0.856626 0.672550 0.747825 0.504887 0.755799 0.503672 0.530480 0.609739 0.534343 0.298668 0.455999 0.879634 0.726531 0.793600 0.533082 0.682849 0.454050 0.786626 0.332068 0.501447 0.487554 0.689407 0.661070 0.773263 0.466281 0.697612 0.412719 0.736910 0.698751 0.496502 0.521961 0.444742 0.504274 0.438792 0.405153 0.331968 0.406054 0.579958 0.770002 0.321850 0.725005 0.509876 0.449533 0.602080 0.622033 0.861322 0.743225 0.698115 0.537630 0.826016 1.000000 0.395982 0.788441 0.744801
0.637530 0.542051 0.619943 0.358707 0.922078 0.494472 0.371407 0.575339 0.626312 0.605488 0.473675 0.646449 0.472644 0.525738 0.579956 0.396520 0.638590 0.588042 0.405972 0.491581 0.626847 0.427230 0.430980 0.881555 0.449723 0.353066 0.621942 0.359945 0.827308 0.705190 0.480429 0.540850 0.353560 0.812525 0.444308 0.706747 0.518654 0.803214 0.405844 0.762598 0.504903 0.610984 0.853449 0.697179 0.461154 0.516979 0.778116 0.969899 0.885373 0.474599 0.441564 0.434895 0.462457 0.541531 0.677252 0.849603 0.725402 0.511639 0.793838 0.987968 0.273588 0.546460 0.374230
0.650554 0.850795 0.858794 0.833998 0.511402 0.644012 0.836038 0.663151 0.737339 0.420362 0.891248 0.374439 0.667736 0.459644 0.671323 0.877026 0.812419 0.457992 0.831865 0.633481 0.983255 0.684453 0.641358 0.741985 0.924793 0.392050 0.406267 0.754887 0.761894 0.828761 0.429236 0.579699 0.636205 0.777475 0.742330 0.358452 0.717452 0.632931 0.669933 0.722216 0.256418 0.609449 0.642609 0.670893 0.700833 0.544141 0.826944 0.302157 0.888843 0.798766 0.887439 0.732417 0.727536 0.747210 0.516414 0.762697 0.585980 0.553219 0.147076 0.506670 0.656971 0.799973 0.419434
0.602651 0.676046 0.466941 0.606597 0.529792 0.579305 0.841228 0.582382 0.465119 0.644433 0.749478 0.729082 0.828486 0.265206 0.652568 0.606364 0.550117 0.848284 0.774093 0.783022 0.549273 0.640077 0.759018 0.689376 0.828823 0.446194 0.492448 0.413567 0.833500 0.450540 0.616002 0.878593 0.599144 0.707031 0.458283 0.423488 0.585817 0.381880 0.599173 0.526559 0.801400 0.360984 0.755345 0.735186 0.735297 0.449064 0.667298 0.408911 0.388598 0.375096 0.627741 0.588117 0.785813 0.832736 0.714555 0.763481 0.514983 0.597072 0.280186 0.535336 0.495228 0.817655 0.669145
0.680728 0.620992 0.789199 0.504970 0.747697 0.780508 0.401677 0.541149 0.772290 0.719608 0.407885 0.690051 0.594364 0.545809 0.398666 0.580067 0.704766 0.446189 0.734287 0.476540 0.815469 0.844550 0.324101 0.461976 0.971045 0.641711 0.861160 0.727621 0.548500 0.611092 0.745295 0.587148 0.662729 0.413363 0.603728 0.440450 0.929835 0.730822 0.498064 0.300712 0.856260 0.643354 0.336868 0.511010 0.660342 0.921237 0.568258 0.586270 0.498944 0.513025 0.661216 0.520405 0.436445 0.989746 0.607746 0.515939 1.000000 0.890815 0.545007 0.289753 0.672713 0.402350 0.568088
0.605939 0.652031 0.616134 0.424679 0.723539 0.556503 0.552506 0.621358 0.702466 0.636727 0.600366 0.768035 0.576939 0.474729 0.543540 0.481410 0.930500 0.759020 0.334233 0.648615 0.901976 0.505294 0.572064 0.702961 0.908346 1.000000 0.537989 0.712769 0.564667 0.730805 0.451590 0.686022 0.647973 0.809699 0.816677 0.764515 1.000000 0.707508 0.848361 0.904007 0.623283 0.358794 0.484906 0.831738 0.402965 0.627638 0.523374 0.178386 0.548589 0.476574 0.591597 0.722781 0.365345 0.442242 0.835485 0.506328 0.892217 0.901556 0.650467 0.714608 0.418964 0.443087 0.669140
0.775915 0.586957 0.744388 0.563084 0.730835 0.641823 0.697489 0.533517 0.706470 0.562345 0.477795 0.496016 0.541625 0.360707 0.514100 0.493088 0.375192 0.714911 0.780745 0.429854 0.418488 0.788125 0.731033 0.515428 0.536624 0.469679 0.896315 0.489991 0.807087 0.449178 0.341867 0.618752 0.416704 0.668099 0.489953 0.656092 0.479239 0.722441 0.790658 0.698569 0.438772 0.536335 0.511455 0.736914 0.830319 0.459405 0.635313 0.468210 0.610419 0.874691 0.280457 0.601070 0.852967 0.627506 0.611035 0.865307 0.710602 0.655965 0.789403 0.765311 0.776114 0.777873 0.791939
0.726750 0.298999 1.000000 0.344199 0.602311 0.722910 0.578560 0.785219 0.744253 0.757796 0.706039 0.892057 0.625783 0.548524 0.775795 0.515197 0.698392 0.760922 0.417136 0.593503 0.809322 0.812345 0.287497 0.457846 1.000000 0.623782 0.404025 0.431005 0.801915 0.498514 0.670769 0.851725 0.437521 0.948086 0.687601 0.322953 0.714203 0.769462 0.551995 0.970555 0.810436 0.729442 0.642766 0.595056 0.611270 0.562375 0.724344 0.569716 0.617721 0.707187 0.573588 0.491028 0.269784 0.749990 0.934117 0.667456 0.660245 0.713752 0.538870 0.724015 0.737780 0.541569 0.444804
0.778546 0.575929 0.930342 0.223159 0.584445 0.627140 0.559926 0.572355 0.811315 0.282155 0.280165 0.726863 0.502100 0.911683 0.804454 0.427439 0.404912 0.639418 0.491961 0.437146 0.575358 0.599125 0.899906 0.548749 0.622262 0.532944 0.485182 0.544355 0.494629 0.566995 0.272069 0.499650 0.707696 0.621749 0.471824 0.541861 0.711666 0.880433 0.854789 0.679229 0.509145 0.614726 0.524580 0.867556 0.713522 0.903405 0.508265 0.400183 0.574937 0.756912 0.303893 0.756645 0.917957 0.750611 0.681249 0.307829 0.580587 0.830080 0.895665 0.787703 0.571230 0.154425 0.729947
