DEPONS-master/data/CentralBaltic/prey0000_03.asc
NCOLS 400 
NROWS 400 
XLLCORNER 4750000.0 
YLLCORNER 3200000.0 
CELLSIZE 1000.0 
NODATA_value -9999 
[rows 336 to 363 of 400, columns 63 to 125 of 400]
0.403974 0.662864 0.087452 0.253918 0.588064 0.264933 0.259874 0.280935 0.189340 0.464222 0.400869 0.453293 0.483828 0.116754 0.547441 0.550315 0.439241 0.181655 0.387494 0.263628 0.373098 0.409037 0.561281 0.312439 0.569613 0.287362 0.448815 0.655366 0.559462 0.520845 0.337298 0.450578 0.186115 0.264593 0.632340 0.272949 0.197654 0.522089 0.396061 0.224456 0.353448 0.590426 0.000000 0.340572 0.514044 0.433821 0.311565 0.440012 0.672087 0.347549 0.629753 0.253297 0.215768 0.320381 0.151476 0.083129 0.378201 0.582142 0.666926 0.379646 0.472627 0.276558 0.432976
0.389782 0.511020 0.273603 0.244356 0.556057 0.267617 0.557210 0.247127 0.380803 0.385458 0.309032 0.503930 0.202657 0.015570 0.234660 0.166840 0.631262 0.506695 0.516205 0.366180 0.448040 0.687304 0.239948 0.374246 0.565439 0.260549 0.300504 0.329958 0.543840 0.248201 0.500794 0.250496 0.405646 0.065372 0.336998 0.630074 0.436646 0.315710 0.275190 0.443222 0.390517 0.210993 0.530009 0.329314 0.559169 0.106202 0.256162 0.406431 0.467647 0.535221 0.288365 0.227974 0.313952 0.370450 0.568667 0.230262 0.432924 0.207966 0.530840 0.415824 0.021782 0.464497 0.338109
0.509831 0.475564 0.385716 0.141624 0.522140 0.406235 0.557075 0.463835 0.225362 0.446003 0.598880 0.234149 0.528607 0.537885 0.178668 0.483789 0.399321 0.263720 0.525491 0.581417 0.572138 0.348227 0.295325 0.586760 0.523527 0.317300 0.309490 0.261685 0.597465 0.403495 0.280806 0.271695 0.342933 0.178375 0.355574 0.404957 0.123106 0.427390 0.642525 0.458147 0.116196 0.491626 0.566929 0.405839 0.558970 0.388985 0.224317 0.515131 0.334961 0.558330 0.351931 0.281977 0.457268 0.367125 0.264983 0.317033 0.573430 0.565506 0.321801 0.673110 0.789263 0.571680 0.524543
0.556817 0.548490 0.435582 0.261853 0.315419 0.474937 0.260791 0.346959 0.400594 0.227818 0.679319 0.309093 0.221397 0.498863 0.369847 0.421890 0.358837 0.478702 0.555556 0.387790 0.530526 0.316233 0.588762 0.500361 0.508027 0.316162 0.449172 0.461506 0.608683 0.287198 0.321989 0.145949 0.609801 0.444357 0.354280 0.131638 0.680650 0.315078 0.544580 0.428169 0.449730 0.127240 0.345701 0.504184 0.392020 0.288582 0.399964 0.516083 0.199670 0.217979 0.132248 0.442146 0.356161 0.463268 0.342772 0.518267 0.368507 0.244316 0.512282 0.136237 0.398087 0.552587 0.279693
0.159553 0.402848 0.238843 0.267695 0.071119 0.292706 0.404274 0.506397 0.619521 0.426710 0.248904 0.651683 0.275446 0.622728 0.245621 0.551802 0.350692 0.654796 0.498562 0.515270 0.276181 0.384811 0.371598 0.397596 0.346994 0.303956 0.709433 0.387096 0.259425 0.267974 0.641310 0.428705 0.376441 0.273002 0.333822 0.416566 0.494144 0.359586 0.355328 0.499772 0.377098 0.480512 0.370138 0.402074 0.178013 0.368526 0.491001 0.394296 0.257176 0.535160 0.223029 0.325346 0.192782 0.259421 0.514812 0.347780 0.198644 0.371604 0.455830 0.562505 0.422116 0.661336 0.517838
0.596535 0.451576 0.760810 0.416645 0.457181 0.087421 0.372696 0.589551 0.451867 0.207321 0.290038 0.299574 0.366600 0.304016 0.540004 0.585084 0.335453 0.371775 0.367544 0.392220 0.434648 0.128905 0.582081 0.432006 0.349616 0.569898 0.509230 0.319660 0.534245 0.137872 0.522589 0.440385 0.465122 0.405067 0.300723 0.529390 0.524147 0.497364 0.562841 0.505871 0.473296 0.247769 0.537737 0.377736 0.692913 0.481645 0.384468 0.226191 0.270674 0.464457 0.465974 0.630897 0.452928 0.360677 0.130806 0.485867 0.413783 0.467657 0.442298 0.361871 0.546678 0.269387 0.232159
0.502111 0.464227 0.471590 0.629264 0.403907 0.113973 0.362535 0.338396 0.195724 0.674139 0.450088 0.557987 0.395977 0.645076 0.273660 0.423929 0.411251 0.368781 0.430565 0.451900 0.549549 0.473138 0.233643 0.312361 0.580739 0.151568 0.283705 0.436834 0.310659 0.269588 0.448596 0.376282 0.451323 0.684667 0.693887 0.257049 0.287114 0.392176 0.551348 0.791654 0.246814 0.445316 0.334709 0.278734 0.384102 0.676297 0.438356 0.244757 0.379354 0.072815 0.428115 0.278661 0.254774 0.289072 0.244392 0.383233 0.167023 0.182984 0.515864 0.606627 0.458461 0.418249 0.370239
0.400368 0.410402 0.494472 0.421543 0.538659 0.305614 0.249472 0.450845 0.460743 0.162062 0.184154 0.430050 0.394827 0.387305 0.450093 0.333162 0.560444 0.317660 0.327771 0.292701 0.461249 0.472212 0.109443 0.198020 0.451121 0.329648 0.219782 0.131997 0.379425 0.529152 0.171429 0.460282 0.317731 0.224577 0.392650 0.419742 0.482660 0.366141 0.374710 0.405786 0.386938 0.464381 0.181501 0.195110 0.300151 0.409311 0.314665 0.601552 0.390958 0.381948 0.631804 0.628959 0.775737 0.475174 0.416351 0.529720 0.500743 0.548967 0.102950 0.312902 0.514341 0.413865 0.248064
0.346004 0.257221 0.578721 0.421258 0.504889 0.240692 0.324366 0.329372 0.342778 0.601712 0.313767 0.390879 0.560247 0.364396 0.419960 0.205378 0.455959 0.341084 0.516802 0.346930 0.363670 0.339150 0.379892 0.250584 0.194605 0.546200 0.444099 0.543175 0.467788 0.580992 0.336075 0.393994 0.209904 0.202342 0.408318 0.587262 0.293040 0.515487 0.308397 0.378923 0.548179 0.608916 0.341383 0.585124 0.488396 0.200511 0.281451 0.635762 0.414441 0.335533 0.454236 0.500002 0.369287 0.446475 0.348362 0.261673 0.412425 0.427899 0.429425 0.486149 0.268491 0.600350 0.340016
0.407761 0.276260 0.270103 0.347396 0.568387 0.380043 0.385814 0.398686 0.095940 0.303169 0.408123 0.182703 0.446111 0.527210 0.703591 0.532696 0.206728 0.513753 0.352200 0.335340 0.786447 0.583718 0.313630 0.331050 0.547295 0.457264 0.423189 0.373981 0.392930 0.508725 0.463901 0.354384 0.378767 0.288648 0.386629 0.338337 0.230558 0.539295 0.302928 0.160957 0.387039 0.440493 0.148884 0.453442 0.436988 0.596091 0.378288 0.310125 0.582885 0.349374 0.502267 0.288705 0.680490 0.197686 0.614776 0.585825 0.441230 0.546337 0.210803 0.430813 0.407090 0.565187 0.479748
0.320832 0.263747 0.178666 0.504135 0.333852 0.868483 0.441204 0.239628 0.212540 0.462012 0.189600 0.311411 0.480772 0.292115 0.287405 0.437725 0.654228 0.332134 0.315682 0.586497 0.324876 0.447910 0.355872 0.671960 0.217708 0.566544 0.280411 0.458406 0.445525 0.259287 0.448029 0.270047 0.601917 0.411823 0.410069 0.612071 0.413349 0.551119 0.310719 0.125910 0.225189 0.653312 0.152072 0.497749 0.423195 0.309808 0.481679 0.474333 0.506701 0.511177 0.558739 0.246677 0.334854 0.441303 0.220412 0.563593 0.277657 0.203842 0.551700 0.624945 0.527283 0.536479 0.432555
0.505585 0.199696 0.681677 0.221946 0.501493 0.508365 0.490571 0.290419 0.623307 0.393022 0.238686 0.320244 0.282820 0.480246 0.000000 0.333241 0.365029 0.298396 0.368944 0.726008 0.517804 0.448651 0.335187 0.324457 0.292033 0.479527 0.363804 0.414932 0.656315 0.302400 0.267437 0.361502 0.323577 0.406601 0.461563 0.398383 0.412611 0.517217 0.375151 0.552827 0.136735 0.498423 0.479556 0.562986 0.497599 0.416010 0.494006 0.529788 0.462794 0.632444 0.294358 0.354872 0.300100 0.521417 0.530860 0.410749 0.229167 0.513842 0.534772 0.486139 0.424430 0.379781 0.240751
0.149887 0.461028 0.398709 0.239519 0.220024 0.576588 0.573188 0.250395 0.286729 0.583696 0.490851 0.412316 0.465250 0.358382 0.495431 0.503334 0.616888 0.261478 0.486741 0.555446 0.392435 0.363265 0.381268 0.425555 0.461102 0.450626 0.396009 0.578147 0.656427 0.523889 0.163540 0.443460 0.464838 0.355537 0.485715 0.326203 0.114703 0.465965 0.449523 0.531979 0.491376 0.264006 0.394544 0.378790 0.201703 0.543751 0.604537 0.519506 0.127947 0.283339 0.664733 0.513886 0.320236 0.258664 0.288614 0.540120 0.409133 0.406502 0.472448 0.623992 0.393442 0.664381 0.368246
0.501378 0.371377 0.482612 0.445100 0.305367 0.370968 0.254966 0.400458 0.349377 0.515698 0.403460 0.513568 0.508142 0.195515 0.278437 0.262066 0.439180 0.362918 0.136035 0.378300 0.608881 0.618256 0.487175 0.270203 0.131244 0.562987 0.512801 0.506563 0.544999 0.505265 0.556490 0.271700 0.130748 0.304322 0.574009 0.137682 0.293328 0.252026 0.611053 0.421566 0.171272 0.349819 0.347087 0.357344 0.361674 0.191712 0.268840 0.497433 0.666291 0.408204 0.291628 0.577286 0.515351 0.555041 0.377410 0.495252 0.064093 0.592247 0.171715 0.507870 0.150464 0.572377 0.511785
0.350914 0.497767 0.577090 0.431806 0.605984 0.463562 0.391280 0.222408 0.327868 0.488091 0.378432 0.297770 0.450471 0.260981 0.508405 0.352963 0.561097 0.359947 0.422132 0.451865 0.434548 0.146980 0.509226 0.364021 0.500667 0.594714 0.608811 0.519229 0.410380 0.294160 0.524267 0.196697 0.381447 0.419430 0.393330 0.360331 0.379944 0.270272 0.216640 0.711782 0.353486 0.467056 0.682053 0.158878 0.396942 0.605979 0.552290 0.493827 0.584894 0.494740 0.352997 0.605329 0.540555 0.553349 0.453394 0.377504 0.375032 0.265489 0.444475 0.600316 0.643440 0.192976 0.449803
0.428157 0.278092 0.508949 0.250255 0.453484 0.483029 0.323874 0.420782 0.529927 0.445174 0.659304 0.382811 0.240624 0.346148 0.266591 0.111981 0.179509 0.539417 0.405110 0.506245 0.132005 0.551192 0.650242 0.384031 0.684924 0.374213 0.297447 0.165034 0.499348 0.529331 0.485995 0.279992 0.760911 0.272815 0.667207 0.322145 0.633457 0.508050 0.248415 0.332783 0.111265 0.539974 0.514595 0.540272 0.572372 0.242308 0.330264 0.542867 0.504481 0.466426 0.440296 0.331196 0.465220 0.222757 0.506842 0.337047 0.438816 0.345667 0.524501 0.306948 0.625357 0.248816 0.683758
0.469438 0.706664 0.501136 0.151808 0.658660 0.617415 0.346058 0.105763 0.338795 0.490885 0.515375 0.437119 0.469178 0.307325 0.347508 0.313366 0.541257 0.000000 0.508719 0.367672 0.408131 0.470994 0.348117 0.508680 0.336551 0.741160 0.487005 0.391871 0.427162 0.299063 0.504784 0.071933 0.692950 0.637577 0.476977 0.271349 0.210359 0.332436 0.276953 0.598923 0.229015 0.491682 0.241779 0.322843 0.570859 0.592017 0.353939 0.405131 0.441472 0.298628 0.560083 0.286381 0.623353 0.144511 0.416485 0.654853 0.484884 0.477062 0.303222 0.479103 0.340147 0.148850 0.292591
0.356081 0.558978 0.534203 0.306661 0.250991 0.232826 0.544505 0.460911 0.393498 0.584785 0.331073 0.519603 0.648383 0.308692 0.795437 0.480040 0.372830 0.389487 0.439924 0.644977 0.263761 0.441367 0.440946 0.283430 0.570502 0.510586 0.431433 0.661051 0.362089 0.619903 0.499266 0.388279 0.446393 0.442402 0.229443 0.234781 0.762700 0.466785 0.231420 0.354391 0.349239 0.940691 0.381924 0.378765 0.543870 0.286652 0.539772 0.312733 0.636037 0.530783 0.338808 0.395284 0.507643 0.537964 0.188317 0.423879 0.462119 0.666808 0.510938 0.504062 0.449290 0.285411 0.433470
0.556592 0.387811 0.430315 0.474963 0.293356 0.549824 0.576292 0.542940 0.373480 0.289597 0.254393 0.358621 0.277484 0.450275 0.529433 0.508400 0.608276 0.437276 0.528484 0.522469 0.432966 0.642151 0.718150 0.411224 0.432317 0.301937 0.271128 0.363264 0.313142 0.429691 0.423888 0.625596 0.295045 0.226315 0.343053 0.507562 0.502992 0.364353 0.336634 0.197349 0.474101 0.137530 0.374163 0.193909 0.217134 0.380069 0.613084 0.467529 0.428467 0.189199 0.592468 0.567586 0.553765 0.532300 0.614351 0.353885 0.391872 0.372988 0.282413 0.465444 0.398621 0.249150 0.402673
0.589117 0.201133 0.650938 0.436968 0.505967 0.408982 0.598762 0.374934 0.433068 0.268837 0.526462 0.269355 0.502238 0.414463 0.464190 0.701808 0.535410 0.624692 0.442001 0.635084 0.384041 0.281965 0.288288 0.483299 0.417666 0.431271 0.579001 0.706879 0.197587 0.414917 0.395660 0.482210 0.340391 0.344043 0.330015 0.424092 0.416679 0.356493 0.381869 0.554679 0.380621 0.458638 0.393520 0.210344 0.203375 0.627652 0.444647 0.591700 0.497007 0.227598 0.291297 0.321832 0.479760 0.190360 0.391009 0.583211 0.456291 0.507318 0.498361 0.201143 0.343126 0.386113 0.337737
0.551129 0.300051 0.198017 0.231701 0.496898 0.498281 0.376960 0.367403 0.321364 0.587040 0.609186 0.449221 0.449178 0.435707 0.274220 0.322366 0.492107 0.621227 0.280374 0.468933 0.362650 0.525899 0.742807 0.524577 0.574381 0.384739 0.524231 0.551936 0.431977 0.335012 0.452905 0.226570 0.556364 0.462247 0.375834 0.310075 0.359851 0.756381 0.506492 0.368929 0.360640 0.530498 0.323945 0.544839 0.508066 0.380843 0.480523 0.463335 0.139369 0.415966 0.632776 0.340750 0.453043 0.658164 0.631921 0.472023 0.548640 0.452189 0.419603 0.559716 0.494164 0.503858 0.317443
0.294424 0.347517 0.535364 0.206360 0.569380 0.553125 0.604409 0.446370 0.536358 0.426711 0.434973 0.361069 0.465857 0.597684 0.409631 0.494962 0.490494 0.610193 0.224893 0.456096 0.292169 0.358412 0.485150 0.490987 0.217124 0.478159 0.499796 0.501085 0.481710 0.749163 0.442684 0.178881 0.517048 0.563087 0.633065 0.146918 0.405360 0.527695 0.408491 0.351569 0.515331 0.358655 0.391214 0.435389 0.461947 0.157114 0.475767 0.603294 0.271626 0.214443 0.447995 0.228359 0.406071 0.416572 0.657574 0.182031 0.390410 0.300755 0.284291 0.403323 0.491356 0.550414 0.156914
0.216781 0.696142 0.505113 0.480086 0.362501 0.208192 0.421013 0.374877 0.563423 0.184118 0.298901 0.318369 0.450379 0.467685 0.434242 0.172623 0.506618 0.626974 0.498933 0.435195 0.348143 0.555606 0.528869 0.596698 0.683779 0.429097 0.608029 0.488671 0.248130 0.406244 0.439571 0.338558 0.615122 0.567012 0.465382 0.231154 0.217062 0.349643 0.423033 0.451311 0.556234 0.512781 0.499112 0.593383 0.563047 0.121601 0.629681 0.427500 0.356430 0.775772 0.242500 0.240153 0.502122 0.359740 0.655132 0.374132 0.457782 0.477509 0.552586 0.488744 0.549149 0.426813 0.428259
0.479121 0.425684 0.357415 0.382574 0.327937 0.459514 0.618744 0.618554 0.505380 0.374578 0.493453 0.304926 0.541786 0.607237 0.241740 0.670585 0.538363 0.592415 0.282454 0.625429 0.460981 0.386987 0.550123 0.424260 0.411018 0.570844 0.565958 0.241460 0.370704 0.115385 0.688175 0.376490 0.730672 0.268278 0.375089 0.082209 0.552547 0.499968 0.331826 0.382858 0.524174 0.360017 0.593916 0.749534 0.702752 0.707133 0.644266 0.350049 0.291785 0.709965 0.471983 0.513884 0.774630 0.387187 0.507002 0.515245 0.313360 0.459765 0.435127 0.580730 0.489739 0.514045 0.459520
0.354012 0.630343 0.277963 0.441278 0.396946 0.406457 0.458874 0.371071 0.792401 0.231717 0.172384 0.410330 0.533655 0.384901 0.415946 0.319829 0.637572 0.452362 0.417266 0.665877 0.444012 0.544276 0.417199 0.392998 0.320403 0.636124 0.524217 0.358657 0.286301 0.315883 0.629756 0.326396 0.753059 0.382831 0.458442 0.468382 0.511743 0.432564 0.541905 0.485099 0.647670 0.261743 0.543379 0.449193 0.512375 0.543054 0.348925 0.575257 0.381765 0.516100 0.372426 0.619238 0.496680 0.427781 0.346373 0.520475 0.661989 0.490979 0.387150 0.298476 0.379666 0.292864 0.620699
0.282252 0.717405 0.258348 0.691297 0.668953 0.225164 0.443349 0.604555 0.415332 0.234440 0.490757 0.393027 0.405156 0.659621 0.397456 0.615807 0.276704 0.225453 0.347885 0.083180 0.320661 0.372727 0.303266 0.593038 0.521632 0.364417 0.608161 0.279657 0.543213 0.509296 0.456815 0.679076 0.347706 0.671524 0.503497 0.508442 0.638321 0.516703 0.479445 0.439984 0.453472 0.340512 0.235842 0.581118 0.495133 0.503878 0.446685 0.409966 0.677605 0.595361 0.671505 0.501966 0.349604 0.280855 0.252647 0.533881 0.425012 0.395064 0.651060 0.540893 0.452035 0.535631 0.243576
0.715780 0.641370 0.328593 0.613283 0.570294 0.340367 0.015178 0.438008 0.486830 0.402544 0.275551 0.446579 0.412321 0.403691 0.187032 0.460669 0.490610 0.311952 0.302908 0.581514 0.584604 0.611134 0.643756 0.542069 0.500926 0.409322 0.613260 0.444238 0.711515 0.402228 0.669704 0.384625 0.594537 0.275979 0.253915 0.350586 0.292732 0.483188 0.788782 0.649479 0.541473 0.387770 0.575390 0.819952 0.398373 0.377263 0.463219 0.306183 0.656035 0.377121 0.421308 0.406346 0.413241 0.410163 0.560354 0.590322 0.352536 0.204440 0.342602 0.523672 0.263685 0.445893 0.438116
0.559342 0.378926 0.399375 0.395195 0.525356 0.393448 0.354571 0.582432 0.545041 0.692904 0.618464 0.322336 0.615969 0.345627 0.517888 0.497313 0.325041 0.337977 0.523178 0.565982 0.365346 0.657469 0.222787 0.684784 0.294581 0.456159 0.574334 0.368906 0.593152 0.268218 0.261433 0.401370 0.181469 0.520168 0.320096 0.623004 0.780679 0.333324 0.503876 0.189316 0.503048 0.221460 0.639990 0.223858 0.417894 0.416105 0.471107 0.588528 0.214774 0.591142 0.483584 0.241021 0.508519 0.569277 0.396085 0.604856 0.407804 0.710196 0.366354 0.661078 0.228608 0.418604 0.654966
