DEPONS-master/data/CentralBaltic/prey0000_07.asc
NCOLS 400 
NROWS 400 
XLLCORNER 4750000.0 
YLLCORNER 3200000.0 
CELLSIZE 1000.0 
NODATA_value -9999 
[rows 84 to 111 of 400, columns 63 to 125 of 400]
0.302144 0.296635 0.483984 0.348482 0.489827 0.361127 0.599016 0.112721 0.250630 0.531070 0.343673 0.578711 0.245899 0.328982 0.580592 0.625293 0.790979 0.592632 0.711091 0.573852 0.326370 0.711027 0.509911 0.773556 0.481609 0.525466 0.691567 0.346070 0.212377 0.374726 0.483856 0.732886 0.606975 0.624798 0.358187 0.746751 0.365566 0.605030 0.507178 0.585309 0.703841 0.647174 0.364715 0.511425 0.493396 0.699240 0.279661 0.737115 0.451399 0.543854 0.563493 0.708571 0.612794 0.329737 0.299174 0.319040 0.658136 0.673855 0.632805 0.735096 0.482057 0.376510 0.539750
0.368674 0.543152 0.823316 0.371676 0.640905 0.475308 0.328372 0.577334 0.577437 0.649779 0.732026 0.607954 0.448613 0.494597 0.843685 0.675216 0.600352 0.675160 0.480285 0.566292 0.336304 0.249287 0.509750 0.478420 0.609262 0.359983 0.664766 0.620777 0.145050 0.452480 0.646548 0.420420 0.480766 0.338656 0.468016 0.539425 0.529542 0.663213 0.406751 0.881779 0.809873 0.464841 0.355385 0.565970 0.360273 0.424931 0.547636 0.497882 0.656641 0.330375 0.415965 0.572935 0.654704 0.260483 0.461926 0.229356 0.674016 0.165428 0.611833 0.779890 0.283463 0.503948 0.154031
0.706920 0.393564 0.437164 0.542917 0.390164 0.517301 0.422662 0.512074 0.524495 0.274570 0.693377 0.745841 0.833558 0.433034 0.708929 0.677013 0.477095 0.625486 0.331805 0.499112 0.678333 0.429692 0.812147 0.708139 0.551289 0.866652 0.656011 0.328677 0.571494 0.758224 0.475906 0.557777 0.551919 0.289060 0.644911 0.776069 0.567227 0.527727 0.778550 0.582328 0.583308 0.410235 0.719471 0.725900 0.730459 0.316970 0.355887 0.702153 0.761425 0.425512 0.721175 0.321537 0.412049 0.617645 0.791601 0.264611 0.422982 0.557455 0.543008 0.707417 0.519687 0.508271 0.479163
0.347092 0.660524 0.442149 0.518034 0.577817 0.538624 0.717334 0.764753 0.352720 0.459418 0.358424 0.628158 0.660335 0.421981 0.222125 0.550840 0.337008 0.327599 0.394331 0.311408 0.141516 0.759353 0.680826 0.493709 0.599619 0.372009 0.503372 0.449751 0.437714 0.813379 0.547159 0.212319 0.387233 0.477412 0.283487 0.313910 0.331488 0.366945 0.599923 0.900485 0.182842 0.704373 0.806801 0.758208 0.705128 0.311297 0.320306 0.523759 0.571679 0.619164 0.267966 0.762820 0.802272 0.294295 0.405695 0.586783 0.621573 0.316070 0.593274 0.625397 0.376642 0.551600 0.607435
0.300576 0.392968 0.610886 0.543221 0.506884 0.636511 0.617264 0.582737 0.285437 0.719288 0.642624 0.588758 0.729589 0.476412 0.251473 0.702496 0.632720 0.737952 0.570887 0.548180 0.280725 0.587324 0.209986 0.338486 0.358279 0.353439 0.735756 0.583136 0.458194 0.362403 0.798970 0.488228 0.201295 0.416746 0.599234 0.847651 0.690981 0.742057 0.384625 0.370464 0.356055 0.457770 0.592745 0.221815 0.557908 0.559094 0.343141 0.436587 0.507620 0.360651 0.624092 0.563867 0.395266 0.284310 0.614705 0.565997 0.191994 0.701291 0.250605 0.597203 0.542941 0.539488 0.686795
0.393727 0.421807 0.420257 0.352873 0.664630 0.225964 0.869876 0.817892 0.842123 0.355781 0.645760 0.441312 0.701796 0.439926 0.710840 0.598561 0.345491 0.531971 0.566624 0.478481 0.187062 0.782871 0.434392 0.698931 0.416523 0.566348 0.622991 0.411632 0.543224 0.545911 0.703729 0.504834 0.625812 0.540555 0.538431 0.748040 0.132394 0.389291 0.422292 0.787929 0.790810 0.476385 0.427133 0.841883 0.505898 0.573249 0.192678 0.550526 0.554446 0.658460 0.472830 0.350935 0.384856 0.296856 0.544683 0.353876 0.309408 0.515849 0.897288 0.471537 0.276688 0.584672 0.356379
0.421432 0.330594 0.582620 0.640931 0.454393 0.419041 0.361350 0.479826 0.620176 0.626136 0.918057 0.176728 0.517707 0.680433 0.568876 0.710126 0.529901 0.647400 0.622204 1.000000 0.751783 0.559494 0.544195 0.442764 0.613325 0.621966 0.691589 0.631544 0.684262 0.779281 0.569894 0.702147 0.649436 0.486893 0.385601 0.487269 0.652848 0.434504 0.487672 0.436723 0.714258 0.521559 0.578077 0.673285 0.731814 0.509433 0.153258 0.630167 0.812180 0.634975 0.522426 0.403523 0.620303 0.767902 0.396693 0.635886 0.360940 0.719757 0.650008 0.587240 0.488501 0.625205 0.143393
0.419783 0.241162 0.390549 0.606016 0.492188 0.856037 0.291354 0.404775 0.367021 0.814168 0.875063 0.126411 0.620030 0.563717 0.494864 0.498356 0.333909 0.619978 0.480363 0.597737 0.509171 0.561218 0.837185 0.771629 0.417839 0.184296 0.354843 0.505998 0.650587 0.223189 0.421919 0.413003 0.603604 0.709406 0.615525 0.714531 0.221161 0.645055 0.536895 0.438185 0.390687 0.766246 0.659310 0.840854 0.584306 0.694968 0.594590 0.469162 0.539128 0.273776 0.798834 0.266338 0.517615 0.514288 0.296737 0.322161 0.529611 0.490230 0.204478 0.499644 0.762517 0.421605 0.311120
0.802267 0.411836 0.755713 0.342161 0.508457 0.638234 0.232247 0.850274 0.473737 0.500721 0.677293 0.489350 0.950377 0.537431 0.298176 0.620343 0.548882 0.357191 0.362469 0.868914 0.704564 0.811047 0.601670 0.657127 0.609690 0.345569 0.579401 0.225628 0.489374 0.589234 0.622688 0.787012 0.459087 0.415657 0.650532 0.392953 0.523350 0.345471 0.634825 0.656980 0.506218 0.455444 0.311937 0.624369 0.520613 0.116488 0.328263 0.315720 0.720812 0.661504 0.830550 0.598311 0.556147 0.869709 0.241861 0.284945 0.713180 0.675642 0.722674 0.563143 0.687541 0.370427 0.648435
0.431499 0.261568 0.454122 0.644875 0.830888 0.672845 0.105781 0.674154 0.368540 0.451109 0.407161 0.635007 0.709722 0.526911 0.870642 0.480678 0.641717 0.661997 0.639970 0.681645 0.697794 0.363235 0.463950 0.643928 0.384576 0.291119 0.359660 0.295759 0.476727 0.452236 0.545885 0.543584 0.436762 0.451657 0.452465 0.666859 0.876023 0.758307 0.800298 0.435569 0.519011 0.255851 0.224607 0.424702 0.457919 0.625809 0.514995 0.462271 0.385866 0.618600 0.515799 0.291806 0.738553 0.560902 0.765108 0.752887 0.530228 0.727353 0.479810 0.279209 0.634033 0.211141 0.570521
0.346869 0.691332 0.296866 0.589710 0.358251 0.620971 0.451402 0.769687 0.209562 0.309446 0.767930 0.750738 0.300037 0.461577 0.819715 0.338028 0.662805 0.652876 0.773862 0.487723 0.488782 0.791358 0.539548 0.988095 0.571519 0.648128 0.611296 0.668190 0.378134 0.621008 0.491576 0.556481 0.339017 0.535147 0.452017 0.722117 0.776187 0.278813 0.545628 0.486882 0.710404 0.649571 0.476910 0.370480 0.334472 0.725939 0.419634 0.374099 0.375112 0.374394 0.700978 0.581391 0.440495 0.667710 0.568772 0.848263 0.293145 0.744179 0.366534 0.477368 0.339519 0.647291 0.340804
0.850328 0.228847 0.519130 0.556139 0.704930 0.374129 0.480751 0.184945 0.292088 0.354970 0.627687 0.821499 0.415618 0.417293 0.652863 0.682430 0.591141 0.623040 0.379453 0.669552 0.723062 0.719643 0.740083 0.361764 0.298652 0.497601 0.590781 0.313980 0.632406 0.548570 0.540764 0.399071 0.312782 0.484448 0.467904 0.531949 0.561715 0.643670 0.478842 0.633053 0.357203 0.610546 0.406805 0.250704 0.477955 0.698019 0.727215 0.733747 0.807759 0.604963 0.630279 0.373198 0.867059 0.416133 0.662240 0.428455 0.469097 0.626811 0.610679 0.611328 0.662270 0.407333 0.650797
0.590871 0.390867 0.467980 0.933365 0.304880 0.870169 0.639429 0.586533 0.673021 0.692360 0.572366 0.739433 0.475732 0.504366 0.634269 0.569874 0.793685 0.536595 0.585242 0.663674 0.649976 0.415759 0.273827 0.486790 0.098191 0.608344 0.561765 0.464504 0.192588 0.414339 0.722645 0.335429 0.522943 0.588234 0.493537 0.693376 0.824482 0.714716 0.509237 0.232214 0.511017 0.469686 0.439960 0.699728 0.193991 0.308382 0.574236 0.763058 0.435149 0.311575 0.529251 0.498949 0.555306 0.618975 0.718263 0.285418 0.584224 0.740001 0.333071 0.759432 0.721790 0.586624 0.813677
0.745063 0.637517 0.507764 0.752049 0.605211 0.301449 0.545056 0.695612 0.612326 0.470130 0.675627 0.705871 0.582124 0.600612 0.748820 0.398817 0.774636 0.350187 0.819484 0.506466 0.702012 0.506920 0.620846 0.394134 0.354170 0.592924 0.386548 0.607033 0.308125 0.769976 0.619249 0.329512 0.350729 0.304688 0.450177 0.197496 0.423471 0.301317 0.745085 0.252265 0.379854 0.344908 0.353223 0.281700 0.539561 0.376156 0.509075 0.418245 0.642972 0.325314 0.829367 0.809328 0.308348 0.687482 0.475827 0.652758 0.552223 0.829103 0.716381 0.911349 0.668261 0.255941 0.308176
0.696623 0.298486 0.351419 0.422556 0.713357 0.955365 0.283425 0.344650 0.633595 0.436401 0.603994 0.468849 0.361342 0.659836 0.557631 0.416974 0.493123 0.643702 0.583926 0.410327 0.717082 0.468236 0.572190 0.811037 0.650146 0.290928 0.432049 0.434972 0.534827 0.675154 0.631803 0.589620 0.688618 0.349707 0.471004 0.445961 0.620777 0.592780 0.277011 0.462924 0.739196 0.647515 0.389170 0.756186 0.755173 0.442637 0.334304 0.383347 0.738485 0.778424 0.551063 0.563326 0.568962 0.308334 0.477599 0.557802 0.738866 0.632021 0.471148 0.382451 0.565554 0.314019 0.731860
0.477606 0.778113 0.315203 0.410473 0.509516 0.424207 0.816078 0.846337 0.595112 0.728814 0.490957 0.308585 0.800693 0.530754 0.624987 0.450808 0.369894 0.225464 0.641810 0.348236 0.178839 0.338634 0.413359 0.739073 0.499913 0.857590 0.491707 0.650552 0.632127 0.732460 0.492257 0.604512 0.238039 0.691508 0.620735 0.561499 0.613347 0.663481 0.701477 0.427072 0.357967 0.538356 0.680892 0.264754 0.762340 0.662165 0.103731 0.464282 0.482416 0.612780 0.593227 0.540484 0.472827 0.495006 0.585506 0.482803 0.685949 0.880513 0.588579 0.395115 0.479687 0.425582 0.553288
0.620876 0.568127 0.725266 0.146941 0.709638 0.659332 0.360576 0.654026 0.077420 0.320702 0.639763 0.860400 0.569099 0.322283 0.475465 0.593443 0.793224 0.750140 0.242502 0.422039 0.654768 0.561283 0.657594 0.474840 0.372447 0.397397 0.389656 0.438110 0.600051 0.728776 0.602533 0.356236 0.518195 0.446963 0.698828 0.241202 0.638721 0.538990 0.250525 0.538413 0.359704 0.632104 0.473194 0.181374 0.356548 0.558210 0.650695 0.497817 0.461036 0.706793 0.589079 0.624812 0.638437 0.397422 0.588898 0.463986 0.624488 0.512430 0.785972 0.521525 0.592226 0.431701 0.632442
0.266135 0.696399 0.371132 0.500247 0.729980 0.509381 0.293507 0.618019 0.354791 0.267137 0.523845 0.690680 0.551911 0.259397 0.483877 0.634618 0.432223 0.287196 0.346328 0.403094 0.567656 0.315579 0.697490 0.442257 0.749777 0.600948 0.744635 0.762064 0.358288 0.740181 0.466962 0.424001 0.578964 0.688432 0.598991 0.502669 0.455896 0.308397 0.550200 0.508576 0.542173 0.553169 0.683182 0.576104 0.253712 0.694120 0.329607 0.339803 0.423848 0.434428 0.600245 0.780641 0.533628 0.777419 0.063097 0.790322 0.749304 0.527643 0.607580 0.463761 0.198835 0.200749 0.672998
0.779755 0.409357 0.833244 0.798614 0.690312 0.555768 0.596356 0.689899 0.671665 0.663480 0.588781 0.394254 0.267069 0.706553 0.530129 0.634169 0.670341 0.507323 0.336521 0.540908 0.634596 0.775951 0.512195 0.368752 0.524956 0.532404 0.152376 0.707097 0.779185 0.531416 0.347824 0.465115 0.611795 0.742204 0.575072 0.448811 0.676453 0.562792 0.693539 0.511658 0.445736 0.568638 0.310575 0.606516 0.304718 0.085528 0.530510 0.503918 0.509256 0.671384 0.492911 0.675102 0.235163 0.143065 0.190319 0.741613 0.714237 0.269857 0.190929 0.208130 0.487009 0.484299 0.254211
0.798380 0.398234 0.958124 0.379454 0.653632 0.390357 0.555913 0.742205 0.241821 0.669378 0.541069 0.421454 0.329356 0.388015 0.465653 0.416845 0.506179 0.667004 0.423417 0.647161 0.558782 0.516364 0.342149 0.615268 0.704181 0.489960 0.500954 0.533448 0.347723 0.407447 0.421693 0.565679 0.503351 0.772084 0.744646 0.430623 0.609604 0.438337 0.691515 0.514902 0.534215 0.353578 0.573248 0.759416 0.364571 0.309089 0.648104 0.533108 0.708249 0.510963 0.491200 0.460741 0.354398 0.605708 0.607910 0.712494 0.620522 0.566102 0.413134 0.590973 0.588632 0.550872 0.433520
0.465203 0.718702 0.634773 0.414872 0.830499 0.266463 0.789735 0.540226 0.368917 0.552812 0.680644 0.431644 0.311097 0.269257 0.570201 0.633807 0.538217 0.504494 0.241330 0.388048 0.424444 0.235243 0.516140 0.505606 0.337258 0.623246 0.865760 0.585016 0.476902 0.375379 0.390314 0.740046 0.540810 0.353928 0.187911 0.298027 0.448641 0.683267 0.436166 0.776686 0.482993 0.350809 0.481271 0.703633 0.423433 0.377614 0.509960 0.465741 0.464375 0.531702 0.653121 0.491456 0.448139 0.419199 0.459983 0.676665 0.381274 0.426297 0.744420 0.601564 0.495440 0.848762 0.292539
0.515734 0.487218 0.268971 0.672359 0.731917 0.836996 0.982336 0.436274 0.460825 0.193430 0.802618 0.363476 0.365879 0.553374 0.335402 0.785149 0.468724 0.476218 0.803145 0.641612 0.542167 0.488587 0.534578 0.502089 0.156116 0.649430 0.593451 0.769469 0.356162 0.737666 0.692701 0.503863 0.595245 0.098773 0.829080 0.664990 0.388653 0.360638 0.446113 0.393946 0.453132 0.490694 0.594197 0.339024 0.334908 0.506025 0.659401 0.547237 0.653480 0.341854 0.211168 0.555954 0.917809 0.675328 0.294211 0.517091 0.605666 0.598219 0.729316 0.431432 0.408528 0.591630 0.657601
0.465082 0.784249 0.389858 0.156945 0.865386 0.398728 0.672739 0.588275 0.631180 0.303155 0.298512 0.700004 0.376497 0.420163 0.589054 0.517124 0.508852 0.518273 0.210973 0.589607 0.612784 0.457143 0.719261 0.290900 0.634621 0.606713 0.256535 0.561674 0.746340 0.630568 0.566946 0.356303 0.392300 0.329332 0.467214 0.501997 0.595842 0.803937 0.716790 0.690685 0.713433 0.436899 0.332940 0.526526 0.425364 0.867166 0.723688 0.654514 0.594383 0.401660 0.251926 0.484273 0.721749 0.597183 0.387344 0.646288 0.407791 0.699640 0.629456 0.926979 0.510779 0.562677 0.436210
0.542258 0.513360 0.290545 0.586142 0.537532 0.401273 0.833393 0.605969 0.520856 0.790057 0.524945 0.461624 0.416710 0.481907 0.684576 0.685720 0.382819 0.537002 0.830860 0.451910 0.403140 0.653487 0.679307 0.397669 0.280919 0.367046 0.580581 0.486827 0.656615 0.520978 0.746663 0.404957 0.459579 0.265880 0.338492 0.659580 0.406156 0.714811 0.848901 0.626255 0.686621 0.652469 0.451011 0.784910 0.778578 0.401282 0.632011 0.883707 0.599126 0.520199 0.540967 0.268827 0.406120 0.423259 0.475068 0.520185 0.505873 0.473735 0.688151 0.392987 0.249807 0.807553 0.660106
0.495207 0.842246 0.683665 0.626339 0.743353 0.713326 0.272440 0.291243 0.730675 0.333879 0.437807 0.494607 0.713815 0.622415 0.640674 0.677875 0.484148 0.561277 0.455908 0.535355 0.807503 0.613188 0.631570 0.468724 0.504971 0.819713 0.671381 0.483009 0.170745 0.461679 0.191191 0.658478 0.319223 0.699091 0.395933 0.473177 0.659992 0.553160 0.260863 0.665533 0.471996 0.670407 0.618898 0.772289 0.547307 0.556972 0.425011 0.541930 0.591325 0.500570 0.572425 0.752086 0.540508 0.358667 0.780147 0.699561 0.379599 0.630286 0.252560 0.171395 0.372279 0.364002 0.734583
0.598519 0.579491 0.569280 0.516308 0.740230 0.807400 0.231370 0.769285 0.681226 0.278245 0.528116 0.574126 0.291552 0.557799 0.333512 0.389623 0.435892 0.484184 0.725102 0.661972 0.642523 0.609920 0.419289 0.322828 0.689591 0.525362 0.300016 0.476104 0.286200 0.551297 0.514187 0.310465 0.594436 0.332838 0.942390 0.610552 0.432460 0.676961 0.229648 0.664283 0.227411 0.719861 0.633275 0.497456 0.556072 0.491754 0.808049 0.694951 0.607002 0.162763 0.515283 0.440442 0.385469 0.827613 0.339849 0.816952 0.869408 0.480924 0.588977 0.582202 0.558849 0.450218 0.611575
0.306173 0.421239 0.755709 0.764217 0.540493 0.304421 0.438748 0.309681 0.938324 0.627637 0.601608 0.601400 0.720223 0.388040 0.807138 0.690928 0.421872 0.321213 0.492966 0.450662 0.673056 0.314024 0.405616 0.543183 0.543454 0.403718 0.384786 0.201434 0.783714 0.770731 0.654663 0.432584 0.292514 0.770704 0.594438 0.356490 0.426990 0.260291 0.237775 0.451794 0.747908 0.332072 0.370593 0.297796 0.462849 0.587235 0.573239 0.474036 0.546902 0.391087 0.532393 0.572746 0.620456 0.650861 0.614034 0.711887 0.265827 0.531231 0.731411 0.505053 0.551379 0.455878 0.821983
0.436537 0.279808 0.704442 0.691466 0.504362 0.788303 0.706783 0.397268 0.289024 0.526863 0.420532 0.648891 0.581328 0.416881 0.788384 0.496692 0.758078 0.582339 0.763948 0.493850 0.742469 0.509227 0.430413 0.446709 0.147495 0.816222 0.451553 0.577033 0.527978 0.580088 0.347270 0.371318 0.657699 0.623416 0.276631 0.528311 0.145253 0.513402 0.268850 0.620165 0.432700 0.551058 0.716019 0.634706 0.398582 0.432890 0.386990 0.373724 0.858865 0.712787 0.781438 0.393064 0.481782 0.545009 0.340001 0.753568 0.482993 0.434067 0.438482 0.754675 0.593318 0.353725 0.606151
