DEPONS-master/data/CentralBaltic/prey0000_03.asc
NCOLS 400 
NROWS 400 
XLLCORNER 4750000.0 
YLLCORNER 3200000.0 
CELLSIZE 1000.0 
NODATA_value -9999 
[rows 168 to 195 of 400, columns 63 to 125 of 400]
0.696165 0.502600 0.317463 0.190069 0.320690 0.480901 0.552720 0.369221 0.198760 0.446606 0.408570 0.733302 0.390229 0.267016 0.560037 0.497760 0.298818 0.389794 0.562601 0.360683 0.515111 0.286092 0.462728 0.477393 0.320620 0.225707 0.327171 0.579086 0.449301 0.489447 0.707799 0.385421 0.479504 0.208902 0.428905 0.277386 0.199931 0.271422 0.081267 0.526545 0.298402 0.385607 0.423574 0.482739 0.418791 0.590144 0.523591 0.544132 0.535102 0.282552 0.413878 0.662954 0.460013 0.398548 0.257761 0.159642 0.562072 0.467557 0.399671 0.475653 0.310548 0.397479 0.241571
0.302285 0.545703 0.443874 0.163223 0.412917 0.352718 0.587145 0.281037 0.396067 0.392824 0.321035 0.241807 0.404775 0.460355 0.521342 0.326603 0.433264 0.305833 0.544503 0.513590 0.366340 0.339895 0.411915 0.627697 0.348207 0.383972 0.349330 0.233601 0.471371 0.516350 0.309023 0.481653 0.284214 0.088768 0.375773 0.428515 0.740761 0.427937 0.346576 0.528681 0.312255 0.242052 0.423896 0.184949 0.568504 0.386838 0.362822 0.377452 0.249854 0.562383 0.451754 0.701125 0.398754 0.350514 0.550319 0.476489 0.442987 0.483016 0.478622 0.203186 0.207404 0.351269 0.049237
0.236567 0.319347 0.501408 0.338946 0.344464 0.376189 0.221214 0.445897 0.372628 0.425575 0.609874 0.407049 0.519341 0.363059 0.406728 0.466973 0.266548 0.375531 0.176302 0.490557 0.312099 0.231300 0.406153 0.208771 0.270567 0.204982 0.518369 0.379659 0.548567 0.472266 0.487054 0.452916 0.275400 0.127233 0.500308 0.194535 0.299972 0.383174 0.293841 0.148798 0.359825 0.303097 0.542173 0.584761 0.500629 0.475207 0.407553 0.378884 0.429576 0.321910 0.288080 0.459651 0.433074 0.456957 0.103739 0.440209 0.246315 0.253817 0.486783 0.573083 0.213450 0.412594 0.156749
0.141750 0.500742 0.401158 0.261911 0.224512 0.448066 0.549818 0.576602 0.414736 0.618215 0.603450 0.446516 0.494007 0.399972 0.522497 0.086545 0.413958 0.709093 0.375286 0.047536 0.550455 0.629489 0.491721 0.539834 0.470438 0.320987 0.279676 0.108843 0.271829 0.333840 0.289477 0.439418 0.488690 0.561664 0.444114 0.284916 0.317303 0.473838 0.548103 0.315889 0.618375 0.403750 0.616079 0.375284 0.474160 0.497907 0.298808 0.157178 0.516935 0.261751 0.297040 0.497931 0.268076 0.345249 0.529536 0.276997 0.006687 0.470202 0.446255 0.290653 0.259353 0.247759 0.198090
0.329163 0.407427 0.344362 0.500059 0.251717 0.178980 0.131355 0.465501 0.246452 0.381169 0.445399 0.522912 0.331820 0.518279 0.345213 0.419564 0.178726 0.137242 0.114528 0.544088 0.289081 0.337439 0.383945 0.268179 0.331859 0.497411 0.231069 0.396902 0.409101 0.375927 0.618560 0.457637 0.523824 0.329176 0.451298 0.551917 0.353417 0.251092 0.134982 0.484237 0.252810 0.273162 0.347161 0.323140 0.534539 0.507768 0.243036 0.137327 0.511717 0.341119 0.363166 0.232873 0.358874 0.554636 0.539391 0.691704 0.298656 0.071813 0.548157 0.254937 0.473424 0.394911 0.329349
0.384203 0.329088 0.558102 0.505754 0.204030 0.416520 0.636183 0.226135 0.389777 0.381556 0.523504 0.157853 0.682345 0.426565 0.318567 0.291857 0.520463 0.241883 0.206927 0.339155 0.542773 0.615157 0.206574 0.585168 0.295473 0.549671 0.401989 0.296039 0.370372 0.485657 0.374411 0.551785 0.383999 0.218336 0.565080 0.342473 0.282684 0.354445 0.288224 0.424212 0.232951 0.261935 0.437345 0.567748 0.344682 0.300674 0.563456 0.528310 0.620220 0.459637 0.331621 0.385628 0.152677 0.316314 0.397564 0.461111 0.298022 0.579100 0.331522 0.508309 0.466508 0.445073 0.422330
0.223513 0.618422 0.312167 0.674223 0.274120 0.317261 0.278090 0.480551 0.431996 0.124495 0.470293 0.466014 0.265053 0.239656 0.226788 0.422667 0.548850 0.374317 0.354795 0.568763 0.300006 0.350735 0.312038 0.232991 0.523142 0.561016 0.570473 0.647351 0.524187 0.339324 0.500614 0.452178 0.654383 0.561118 0.152674 0.142893 0.215532 0.466969 0.636361 0.095405 0.382576 0.040481 0.611123 0.229072 0.543452 0.263665 0.352870 0.062735 0.307116 0.351539 0.579828 0.184220 0.392270 0.383529 0.288054 0.385527 0.133062 0.499799 0.544399 0.253835 0.457852 0.197990 0.212520
0.356692 0.295277 0.569694 0.245656 0.286952 0.366791 0.438582 0.524800 0.433475 0.220999 0.578893 0.648241 0.390885 0.415609 0.446965 0.273910 0.276062 0.371290 0.224674 0.305179 0.441816 0.477879 0.615605 0.361523 0.375597 0.332605 0.242090 0.445441 0.250633 0.352782 0.642413 0.433191 0.382682 0.719332 0.400510 0.259467 0.225799 0.615381 0.134430 0.406859 0.353380 0.541079 0.490949 0.108835 0.335085 0.298012 0.429401 0.295129 0.304528 0.298914 0.371561 0.478120 0.160274 0.398532 0.391125 0.393326 0.420166 0.508826 0.377734 0.133112 0.202860 0.277302 0.318639
0.601332 0.337680 0.472814 0.402816 0.589802 0.552474 0.275370 0.474251 0.707889 0.138314 0.452294 0.273010 0.423119 0.316243 0.242378 0.440343 0.412545 0.403216 0.260840 0.496188 0.554356 0.499274 0.335032 0.413855 0.459223 0.520337 0.079266 0.184085 0.586695 0.475086 0.110413 0.233472 0.469417 0.209223 0.240613 0.510113 0.283757 0.067099 0.586256 0.494711 0.345600 0.425415 0.333873 0.185937 0.266567 0.591178 0.288185 0.490656 0.394850 0.680544 0.103704 0.362118 0.425985 0.571926 0.055851 0.282472 0.313415 0.195741 0.550318 0.279870 0.564288 0.449451 0.718940
0.402864 0.419121 0.376102 0.618592 0.250756 0.413191 0.312236 0.402422 0.269543 0.430118 0.263546 0.345504 0.567299 0.453231 0.314420 0.367341 0.433767 0.136712 0.371925 0.518067 0.159911 0.161520 0.593501 0.430319 0.520845 0.365815 0.518605 0.366981 0.485521 0.511481 0.381227 0.484295 0.334156 0.545162 0.619572 0.263820 0.263888 0.179842 0.470753 0.543773 0.576641 0.588788 0.622210 0.489713 0.158678 0.439984 0.372196 0.497569 0.713656 0.000000 0.503646 0.601349 0.193450 0.559684 0.362365 0.234584 0.432942 0.471215 0.230427 0.328739 0.499048 0.538861 0.521950
0.474096 0.507396 0.216038 0.492365 0.301127 0.364818 0.314282 0.436868 0.490828 0.330049 0.368984 0.571170 0.247435 0.346343 0.327014 0.039790 0.669675 0.232548 0.309698 0.448693 0.297013 0.198503 0.373197 0.511492 0.258346 0.612273 0.204088 0.584469 0.603177 0.212528 0.273986 0.487724 0.415086 0.299904 0.619407 0.345114 0.384802 0.260408 0.670071 0.451203 0.627304 0.569452 0.140023 0.243971 0.287676 0.140138 0.396670 0.553031 0.682507 0.658594 0.587602 0.388570 0.562478 0.390667 0.529761 0.351353 0.592926 0.419853 0.303622 0.710611 0.095165 0.327015 0.355978
0.414662 0.339156 0.223183 0.521826 0.173575 0.060017 0.415875 0.350220 0.174031 0.187824 0.179591 0.367393 0.377252 0.267448 0.218327 0.569216 0.242850 0.485034 0.389017 0.478879 0.329504 0.351360 0.190614 0.451466 0.468255 0.325815 0.283427 0.351097 0.215114 0.628944 0.231216 0.285201 0.492392 0.325321 0.448067 0.440648 0.510058 0.383245 0.145978 0.503110 0.446393 0.132041 0.492913 0.454322 0.341491 0.596361 0.302922 0.510155 0.262903 0.463140 0.398296 0.230861 0.395522 0.502537 0.228597 0.103454 0.431270 0.472354 0.381359 0.360180 0.302775 0.350636 0.392713
0.509429 0.370502 0.418983 0.211733 0.527873 0.363384 0.545297 0.462372 0.214093 0.278297 0.335519 0.334151 0.368652 0.402900 0.500263 0.378769 0.374093 0.174284 0.318881 0.221520 0.363300 0.318084 0.379948 0.375081 0.239103 0.417107 0.406486 0.304571 0.409634 0.316106 0.356127 0.383193 0.039983 0.452663 0.731006 0.356390 0.541468 0.131075 0.540000 0.440465 0.331351 0.317275 0.560109 0.554234 0.245848 0.294669 0.429478 0.245679 0.419403 0.489872 0.654350 0.137262 0.400516 0.374344 0.531925 0.436265 0.509901 0.545407 0.439476 0.374903 0.123742 0.539143 0.601192
0.362339 0.437747 0.301675 0.519670 0.323210 0.436117 0.519752 0.426073 0.372775 0.278162 0.321544 0.537783 0.554251 0.273615 0.315016 0.392602 0.291880 0.541901 0.721305 0.471328 0.316322 0.251227 0.341708 0.527002 0.234301 0.586633 0.288187 0.285722 0.270485 0.174390 0.349101 0.570994 0.470916 0.268824 0.237935 0.674118 0.467817 0.217290 0.586646 0.500985 0.493656 0.433300 0.202950 0.406294 0.328029 0.319023 0.440250 0.293075 0.440516 0.530303 0.235299 0.496258 0.607066 0.488166 0.231816 0.455281 0.600694 0.464152 0.377197 0.201012 0.317058 0.383543 0.549543
0.685712 0.369200 0.611461 0.410034 0.464633 0.374276 0.461653 0.241853 0.599465 0.298873 0.216947 0.650242 0.450691 0.290204 0.472719 0.253332 0.264749 0.313941 0.327384 0.253416 0.499868 0.439976 0.433039 0.580071 0.485041 0.330274 0.450059 0.123915 0.764031 0.234717 0.483307 0.665943 0.426332 0.267204 0.508724 0.378472 0.373109 0.298384 0.676574 0.687397 0.387528 0.474306 0.394658 0.285658 0.375152 0.272204 0.469898 0.582213 0.312020 0.386268 0.519417 0.318811 0.528070 0.551424 0.438826 0.248883 0.280934 0.365481 0.135687 0.283502 0.260365 0.143679 0.265924
0.631501 0.448525 0.485493 0.173141 0.358790 0.487605 0.301831 0.497479 0.518431 0.235808 0.610707 0.447423 0.278144 0.409584 0.429194 0.459809 0.417051 0.449462 0.440776 0.387394 0.158703 0.599797 0.329484 0.611983 0.548969 0.250129 0.343402 0.516133 0.102692 0.412177 0.346713 0.187952 0.469973 0.577595 0.197074 0.184153 0.261318 0.481509 0.155507 0.499448 0.323935 0.527158 0.598081 0.493126 0.435512 0.158107 0.537911 0.462493 0.649146 0.316072 0.501935 0.432821 0.706701 0.380960 0.295708 0.471574 0.235659 0.556541 0.388756 0.501426 0.566678 0.281908 0.335785
0.533058 0.369911 0.015931 0.228929 0.378986 0.522823 0.317683 0.261881 0.266197 0.101307 0.408265 0.425719 0.000000 0.782776 0.515026 0.548604 0.375841 0.313681 0.281896 0.427754 0.166304 0.564496 0.420391 0.182640 0.291856 0.500458 0.226010 0.513476 0.425541 0.661013 0.304092 0.317040 0.446907 0.603204 0.441249 0.446643 0.486781 0.487123 0.434521 0.491901 0.303809 0.302687 0.536375 0.532554 0.442427 0.440921 0.439418 0.360532 0.479885 0.452354 0.263747 0.460171 0.411652 0.430189 0.325381 0.479805 0.539843 0.412701 0.486267 0.275400 0.420174 0.361909 0.415092
0.537034 0.530173 0.536117 0.278645 0.445178 0.263705 0.581431 0.188113 0.256058 0.465619 0.431816 0.522382 0.568002 0.591462 0.250999 0.241776 0.465299 0.511038 0.347817 0.382292 0.307125 0.756050 0.183190 0.413096 0.506833 0.736374 0.347278 0.174132 0.179567 0.614151 0.474604 0.383146 0.192814 0.257106 0.423787 0.493626 0.214313 0.295397 0.312629 0.566212 0.247492 0.355475 0.082710 0.295510 0.638360 0.441499 0.417694 0.668367 0.425053 0.584196 0.573859 0.269685 0.293211 0.693919 0.389457 0.416540 0.398126 0.296784 0.310458 0.130835 0.386796 0.559300 0.369490
0.450162 0.407995 0.457650 0.508017 0.248846 0.614251 0.396740 0.404014 0.702006 0.257547 0.436602 0.480776 0.333412 0.432752 0.336238 0.424717 0.226195 0.309755 0.131885 0.413271 0.373431 0.423053 0.519083 0.612396 0.470778 0.149723 0.600009 0.592586 0.544982 0.365799 0.549574 0.332661 0.416389 0.331216 0.229247 0.227957 0.598416 0.481759 0.346649 0.638646 0.272189 0.225163 0.272217 0.476476 0.369802 0.455983 0.327188 0.488528 0.348968 0.226991 0.358360 0.407174 0.427753 0.290531 0.567507 0.323660 0.268085 0.306128 0.478101 0.527990 0.280228 0.509490 0.478567
0.249751 0.630053 0.282915 0.619964 0.545129 0.310704 0.493695 0.438192 0.174595 0.610945 0.201628 0.555814 0.371191 0.416316 0.217970 0.598020 0.542708 0.165534 0.215565 0.487811 0.221209 0.537702 0.459102 0.613453 0.118254 0.313149 0.343135 0.150838 0.260399 0.451600 0.429989 0.375074 0.382466 0.227556 0.186370 0.209067 0.591953 0.639950 0.335387 0.308549 0.647674 0.522126 0.213959 0.420840 0.455291 0.151841 0.427850 0.440102 0.362568 0.577241 0.116252 0.459502 0.346388 0.420951 0.321377 0.105747 0.391916 0.496653 0.297444 0.347120 0.147677 0.639631 0.190074
0.582417 0.387826 0.544344 0.383251 0.159371 0.172996 0.623103 0.374853 0.275530 0.357104 0.534576 0.162187 0.422861 0.572741 0.091138 0.246581 0.581768 0.162734 0.324587 0.292932 0.479543 0.421851 0.436166 0.014717 0.508190 0.281445 0.402553 0.243259 0.484906 0.181905 0.218203 0.489804 0.298335 0.360903 0.356089 0.472108 0.375871 0.508731 0.435884 0.557673 0.197225 0.666371 0.463199 0.549887 0.423294 0.387607 0.118374 0.772520 0.289172 0.330088 0.226358 0.533160 0.421746 0.447169 0.313087 0.202876 0.477437 0.547687 0.253630 0.437435 0.625657 0.576801 0.440226
0.518331 0.295593 0.144339 0.487318 0.351172 0.463368 0.218932 0.546727 0.365737 0.261451 0.284974 0.461707 0.470968 0.277533 0.515246 0.503778 0.432692 0.326124 0.111418 0.479032 0.310874 0.632865 0.576203 0.366041 0.565808 0.569623 0.326667 0.481765 0.005343 0.400638 0.171821 0.455477 0.334053 0.434552 0.419378 0.179401 0.669175 0.398809 0.302907 0.281588 0.464791 0.491071 0.362570 0.512035 0.368514 0.478259 0.493109 0.400977 0.592350 0.441207 0.295043 0.649019 0.324904 0.274290 0.351186 0.390035 0.644751 0.399672 0.239046 0.333552 0.321607 0.643526 0.185165
0.501784 0.503385 0.417012 0.206929 0.384365 0.242275 0.316915 0.304694 0.226356 0.506408 0.552147 0.291888 0.251748 0.623684 0.556874 0.529591 0.292329 0.512168 0.553425 0.479584 0.348749 0.432214 0.475059 0.362925 0.463365 0.415728 0.564878 0.418201 0.505441 0.378364 0.489985 0.352448 0.262958 0.467001 0.327563 0.283185 0.614203 0.600928 0.373174 0.614099 0.154343 0.335323 0.305947 0.436115 0.347524 0.453924 0.521704 0.174743 0.692630 0.235411 0.491837 0.515596 0.094233 0.311279 0.518509 0.352978 0.587125 0.451236 0.486775 0.295022 0.347022 0.589310 0.539489
0.305825 0.373143 0.361762 0.308482 0.452277 0.237314 0.197883 0.463315 0.198079 0.172189 0.530288 0.151369 0.566380 0.342702 0.581020 0.631339 0.301656 0.683593 0.067252 0.505545 0.417721 0.199484 0.536737 0.220112 0.652900 0.416357 0.342044 0.604051 0.418708 0.426592 0.187127 0.310874 0.439543 0.421934 0.202223 0.240785 0.430005 0.342617 0.545294 0.469798 0.583652 0.632310 0.255595 0.411710 0.433864 0.431340 0.382275 0.469955 0.559906 0.544395 0.357035 0.182967 0.274749 0.308544 0.405083 0.307931 0.417717 0.321156 0.254612 0.433503 0.286131 0.111629 0.481653
0.293023 0.400265 0.378653 0.590104 0.506297 0.247322 0.515194 0.461280 0.339461 0.496417 0.360474 0.479758 0.146302 0.281021 0.155595 0.382153 0.444427 0.198542 0.486555 0.207674 0.440399 0.400363 0.399342 0.534989 0.225413 0.572626 0.517810 0.210080 0.366189 0.402108 0.249311 0.267312 0.314496 0.492711 0.484298 0.592933 0.487920 0.400152 0.240440 0.248272 0.243379 0.475513 0.528463 0.309253 0.282613 0.416175 0.615039 0.573676 0.468756 0.512337 0.353994 0.288258 0.359862 0.130770 0.550791 0.341169 0.451666 0.437132 0.405997 0.263806 0.346618 0.524277 0.553306
0.421142 0.069362 0.128156 0.170501 0.473256 0.681746 0.422434 0.247153 0.433989 0.405875 0.587592 0.284481 0.487419 0.166445 0.142258 0.473987 0.072665 0.175655 0.352026 0.607644 0.412755 0.230766 0.404676 0.309497 0.359988 0.062583 0.313229 0.217036 0.173682 0.405521 0.103767 0.336085 0.346534 0.318190 0.339583 0.337431 0.336700 0.202431 0.315149 0.335411 0.441166 0.501230 0.799289 0.246820 0.260872 0.313134 0.073447 0.430724 0.339755 0.421834 0.338050 0.259147 0.611803 0.488682 0.477039 0.568141 0.444865 0.350634 0.582393 0.285614 0.379322 0.395091 0.197000
0.652265 0.152700 0.416396 0.535289 0.381512 0.422448 0.412423 0.229839 0.563311 0.291026 0.482666 0.204356 0.528764 0.204962 0.216037 0.240894 0.367112 0.527467 0.475773 0.505972 0.486298 0.205507 0.525033 0.565909 0.301466 0.489858 0.227020 0.560336 0.384543 0.541497 0.439504 0.264194 0.344753 0.344002 0.238243 0.283266 0.187505 0.699094 0.429646 0.293363 0.622193 0.232017 0.223070 0.385340 0.463052 0.335932 0.286143 0.397372 0.341925 0.573527 0.507367 0.323806 0.443836 0.220963 0.238537 0.344744 0.556465 0.143558 0.270146 0.369300 0.552280 0.352671 0.353788
0.347193 0.508015 0.444129 0.400593 0.436600 0.597127 0.603800 0.215318 0.336807 0.113077 0.507268 0.414447 0.160542 0.562682 0.721119 0.183055 0.306694 0.491279 0.266218 0.633818 0.350551 0.394451 0.433265 0.204658 0.357784 0.277637 0.196718 0.451908 0.391263 0.295447 0.267567 0.588668 0.290218 0.356172 0.460337 0.488363 0.423454 0.372895 0.445703 0.359282 0.404107 0.125540 0.102862 0.515923 0.515327 0.428287 0.474712 0.380049 0.565116 0.527664 0.688485 0.424469 0.350818 0.363767 0.484446 0.257244 0.360732 0.084133 0.235897 0.359241 0.261962 0.703005 0.323138
