DEPONS-master/data/CentralBaltic/prey0000_11.asc
NCOLS 400 
NROWS 400 
XLLCORNER 4750000.0 
YLLCORNER 3200000.0 
CELLSIZE 1000.0 
NODATA_value -9999 
[rows 280 to 307 of 400, columns 63 to 125 of 400]
0.049340 0.271032 0.382121 0.026900 0.000000 0.405252 0.235732 0.434046 0.190939 0.157109 0.168201 0.217332 0.201892 0.199709 0.408336 0.212560 0.271225 0.321846 0.200585 0.317050 0.276617 0.241860 0.094251 0.136592 0.155732 0.170216 0.026627 0.319872 0.406205 0.324862 0.124423 0.469256 0.130087 0.373483 0.402466 0.344612 0.237403 0.211656 0.303733 0.263793 0.105944 0.118213 0.119609 0.069164 0.265390 0.186179 0.121466 0.433465 0.235920 0.400222 0.237238 0.273896 0.251257 0.148224 0.104828 0.257643 0.301245 0.223522 0.359002 0.203524 0.375423 0.101320 0.035642
0.172564 0.182937 0.325132 0.188306 0.154348 0.393933 0.233422 0.444604 0.318507 0.226832 0.106289 0.202425 0.293195 0.381304 0.297275 0.137889 0.134889 0.265239 0.282488 0.223732 0.342134 0.317242 0.237810 0.137244 0.210316 0.003820 0.165399 0.372397 0.000000 0.093000 0.000000 0.000000 0.351392 0.209619 0.354681 0.207200 0.350437 0.391091 0.170470 0.309366 0.166102 0.259444 0.237560 0.319116 0.160469 0.143142 0.305260 0.332423 0.180073 0.411291 0.272285 0.072864 0.289872 0.140445 0.162337 0.396405 0.031312 0.182725 0.225704 0.131041 0.326443 0.137537 0.370274
0.146931 0.282308 0.369514 0.371002 0.049057 0.345408 0.069133 0.373244 0.325933 0.000000 0.131918 0.380436 0.316566 0.285209 0.295827 0.323167 0.340984 0.224828 0.149130 0.128549 0.191266 0.123895 0.257596 0.093321 0.354537 0.373369 0.299267 0.476110 0.459956 0.191954 0.396503 0.105379 0.141384 0.341450 0.387388 0.155058 0.211593 0.281276 0.263282 0.228497 0.330736 0.153199 0.231836 0.187675 0.098263 0.273200 0.038462 0.353774 0.088288 0.349924 0.236690 0.239726 0.201414 0.155922 0.246407 0.282353 0.383322 0.322190 0.221620 0.043454 0.237110 0.291370 0.208692
0.278718 0.120653 0.218388 0.368773 0.344260 0.075608 0.309983 0.278684 0.176228 0.399217 0.003283 0.268242 0.306032 0.516421 0.365696 0.283107 0.356847 0.063090 0.331151 0.246286 0.273805 0.254533 0.244720 0.484888 0.107080 0.234593 0.188959 0.021002 0.354319 0.187499 0.272538 0.249099 0.096771 0.114798 0.059324 0.222124 0.332255 0.244315 0.115012 0.274374 0.158114 0.438884 0.451237 0.325989 0.165549 0.258225 0.185877 0.331327 0.131072 0.380516 0.103709 0.507477 0.447160 0.204059 0.188608 0.358370 0.256803 0.063208 0.178794 0.465702 0.279455 0.407786 0.335374
0.210541 0.394458 0.465413 0.446250 0.347261 0.224667 0.345201 0.129513 0.294644 0.127668 0.172415 0.177898 0.358919 0.387080 0.093630 0.297995 0.299658 0.175730 0.220337 0.248212 0.213559 0.399768 0.215433 0.107552 0.188121 0.115812 0.298489 0.291359 0.163007 0.178597 0.178827 0.249080 0.331272 0.163517 0.131593 0.259372 0.199033 0.093258 0.568439 0.000000 0.224810 0.183272 0.091212 0.229635 0.053882 0.211480 0.313665 0.116562 0.164114 0.504152 0.282999 0.450194 0.399370 0.441141 0.239014 0.214405 0.125543 0.091860 0.055288 0.199586 0.126652 0.327848 0.349675
0.086966 0.124294 0.198345 0.145354 0.231587 0.262985 0.392555 0.456446 0.221039 0.285193 0.041225 0.021947 0.405662 0.498441 0.079846 0.299138 0.327766 0.466771 0.241957 0.129578 0.342067 0.271494 0.244286 0.275291 0.264261 0.408820 0.060739 0.411057 0.217805 0.365143 0.316712 0.324198 0.212169 0.115472 0.134681 0.144484 0.075596 0.235922 0.424338 0.375041 0.380947 0.124349 0.141679 0.389699 0.319401 0.423913 0.215768 0.468355 0.255610 0.298246 0.193562 0.144259 0.127632 0.277868 0.117309 0.230654 0.250505 0.280720 0.114301 0.385969 0.189512 0.064987 0.064144
0.264676 0.396998 0.084647 0.228383 0.379255 0.046799 0.414302 0.327057 0.156412 0.094050 0.152292 0.255151 0.399995 0.302010 0.169226 0.415261 0.006351 0.296591 0.272432 0.135630 0.177754 0.276672 0.311286 0.357539 0.382060 0.086709 0.238869 0.308717 0.112367 0.260710 0.270025 0.428458 0.212853 0.439144 0.119625 0.402040 0.167878 0.293301 0.115618 0.082421 0.305586 0.086037 0.109848 0.292292 0.064773 0.109140 0.375073 0.115847 0.138868 0.271403 0.275682 0.139054 0.410050 0.191423 0.441495 0.457377 0.171027 0.318077 0.421556 0.000000 0.364913 0.148618 0.197211
0.248978 0.138440 0.267307 0.407806 0.352100 0.267128 0.231658 0.337693 0.049025 0.193400 0.334176 0.382691 0.118424 0.190906 0.334551 0.229299 0.153445 0.446783 0.388984 0.126405 0.179505 0.326805 0.193286 0.356161 0.201933 0.441808 0.006762 0.104934 0.088666 0.472261 0.252315 0.090842 0.190449 0.339672 0.208991 0.225965 0.188574 0.349026 0.082528 0.139382 0.221181 0.320202 0.142528 0.352918 0.290438 0.005281 0.331668 0.180080 0.374071 0.395179 0.214375 0.248447 0.146158 0.191147 0.340603 0.372197 0.145245 0.473004 0.334799 0.488796 0.155840 0.000000 0.410863
0.149263 0.264110 0.272440 0.085265 0.198633 0.284863 0.272042 0.363558 0.177747 0.250508 0.153047 0.339331 0.291988 0.282565 0.172109 0.165399 0.288964 0.082342 0.345514 0.313021 0.279967 0.217974 0.230647 0.245941 0.231474 0.212118 0.127445 0.267125 0.361545 0.381425 0.401536 0.380270 0.308074 0.373631 0.285159 0.226084 0.225919 0.156550 0.290195 0.153304 0.184925 0.348842 0.323569 0.220361 0.145498 0.220698 0.197050 0.261473 0.121485 0.293729 0.261140 0.319811 0.321424 0.322321 0.320301 0.247946 0.031203 0.046631 0.162083 0.109476 0.000000 0.150204 0.071209
0.136994 0.224651 0.437693 0.178017 0.113257 0.321067 0.181647 0.169464 0.255646 0.313076 0.204791 0.480325 0.208142 0.335498 0.314162 0.181673 0.283237 0.318747 0.278242 0.000000 0.229286 0.549282 0.291602 0.170331 0.221490 0.478821 0.189206 0.151424 0.266696 0.297124 0.179182 0.285027 0.395705 0.356392 0.231239 0.209343 0.056464 0.164833 0.106306 0.309734 0.158922 0.167922 0.067841 0.366182 0.249964 0.171244 0.516072 0.113217 0.359749 0.146312 0.369027 0.363808 0.289567 0.207732 0.289495 0.072911 0.294078 0.314519 0.368941 0.162504 0.341396 0.208243 0.234142
0.291781 0.306371 0.477969 0.329119 0.000000 0.284200 0.177718 0.224706 0.086293 0.116813 0.286317 0.244578 0.070212 0.189993 0.206604 0.020172 0.145053 0.499724 0.243231 0.318738 0.272466 0.317388 0.106875 0.507533 0.270442 0.264896 0.353179 0.229326 0.225503 0.302097 0.082691 0.287180 0.253288 0.368612 0.054972 0.318134 0.430845 0.294381 0.426714 0.257957 0.346931 0.235760 0.308242 0.336410 0.364319 0.252048 0.430335 0.195197 0.162292 0.213047 0.405871 0.454350 0.271867 0.483739 0.201549 0.060982 0.264190 0.281307 0.310669 0.261625 0.256843 0.211538 0.344191
0.000000 0.257693 0.466749 0.282336 0.107659 0.396679 0.458227 0.216918 0.194671 0.444271 0.439499 0.198257 0.000000 0.443084 0.235959 0.183331 0.398656 0.026750 0.215266 0.208003 0.175674 0.125844 0.024818 0.289429 0.287513 0.412061 0.035754 0.362361 0.400532 0.311105 0.212563 0.216045 0.269267 0.392093 0.213570 0.372218 0.279134 0.298560 0.192669 0.212634 0.303784 0.298290 0.395974 0.095769 0.209150 0.469366 0.341852 0.021251 0.153403 0.227646 0.225138 0.123583 0.231211 0.183692 0.059533 0.120131 0.091885 0.344471 0.233412 0.112477 0.095610 0.194336 0.133183
0.237543 0.075070 0.188049 0.201646 0.144084 0.340331 0.349195 0.162911 0.245067 0.209082 0.059031 0.346946 0.248514 0.244407 0.349455 0.255641 0.118504 0.323265 0.200091 0.320907 0.111354 0.217395 0.224434 0.408199 0.014438 0.350673 0.430038 0.153650 0.225616 0.342586 0.262667 0.077600 0.197736 0.412100 0.153057 0.305011 0.373970 0.116169 0.064247 0.500362 0.291516 0.369279 0.049634 0.226412 0.406906 0.044103 0.352674 0.144838 0.092480 0.280404 0.159972 0.392359 0.148477 0.202856 0.110401 0.053637 0.056171 0.314738 0.180734 0.181475 0.128751 0.231419 0.000000
0.184281 0.106500 0.076765 0.210190 0.242192 0.415169 0.097686 0.427150 0.356052 0.209745 0.191265 0.292276 0.282003 0.467576 0.230716 0.253249 0.277781 0.128790 0.009374 0.252690 0.340744 0.076987 0.272378 0.081940 0.324467 0.256592 0.354139 0.181598 0.084277 0.357004 0.283987 0.200833 0.044890 0.405531 0.211086 0.369420 0.136727 0.047784 0.157186 0.077248 0.334178 0.370868 0.376991 0.322165 0.271876 0.179257 0.357471 0.242481 0.507883 0.285992 0.328794 0.151639 0.160088 0.383260 0.328082 0.289129 0.234336 0.289470 0.000000 0.195558 0.191668 0.224498 0.298652
0.230929 0.297119 0.279487 0.319345 0.296069 0.116710 0.174598 0.213514 0.454444 0.378186 0.308421 0.018154 0.269422 0.366135 0.267892 0.133038 0.070883 0.182505 0.197492 0.049945 0.322671 0.162598 0.164597 0.277885 0.142122 0.381032 0.273311 0.196459 0.329048 0.153971 0.329707 0.341921 0.104842 0.110784 0.150812 0.315449 0.014845 0.403657 0.487365 0.461470 0.140264 0.324234 0.346235 0.185885 0.100073 0.400301 0.272230 0.206642 0.220741 0.276200 0.183818 0.073610 0.364742 0.249338 0.212893 0.400708 0.288349 0.226406 0.233887 0.392283 0.257017 0.232910 0.164445
0.247058 0.460045 0.289693 0.280076 0.083941 0.099307 0.295068 0.155483 0.304839 0.143102 0.109723 0.139512 0.265062 0.035804 0.220223 0.345500 0.193993 0.254074 0.186422 0.104532 0.138229 0.198289 0.097306 0.000000 0.278946 0.325901 0.122178 0.268038 0.170457 0.189678 0.271686 0.190034 0.291279 0.235186 0.150317 0.336422 0.238177 0.076628 0.250654 0.000000 0.227418 0.289949 0.458176 0.088089 0.084169 0.333411 0.173041 0.584426 0.368342 0.252062 0.228990 0.018533 0.218149 0.158430 0.348718 0.000000 0.065202 0.100982 0.066948 0.254003 0.246672 0.333596 0.334566
0.022584 0.219239 0.082393 0.514502 0.339854 0.187555 0.230170 0.235621 0.277512 0.409978 0.389836 0.108885 0.323279 0.068940 0.054002 0.036603 0.270534 0.274728 0.143471 0.281466 0.300351 0.451748 0.261128 0.229054 0.188593 0.103174 0.378507 0.349586 0.096825 0.258407 0.164434 0.080320 0.277852 0.213792 0.342855 0.196684 0.126020 0.470930 0.213529 0.247258 0.148547 0.250536 0.252858 0.415673 0.345832 0.238772 0.060114 0.327248 0.299168 0.196076 0.062408 0.190789 0.082698 0.233706 0.280588 0.438795 0.041277 0.189595 0.270876 0.041479 0.478172 0.252816 0.226599
0.252896 0.417608 0.119233 0.116971 0.268008 0.042815 0.223277 0.309317 0.376892 0.470486 0.250857 0.145704 0.308745 0.280351 0.402164 0.074877 0.359408 0.308459 0.261864 0.344662 0.087150 0.366093 0.111099 0.335936 0.194925 0.410228 0.128369 0.327285 0.348974 0.432806 0.174124 0.224239 0.078051 0.339164 0.336548 0.148549 0.170866 0.348283 0.340364 0.310736 0.333842 0.223392 0.192480 0.468423 0.258791 0.284541 0.332946 0.294813 0.232787 0.480509 0.099022 0.114939 0.231108 0.096172 0.189606 0.167051 0.235894 0.085488 0.017991 0.131844 0.224902 0.185062 0.253969
0.000000 0.194756 0.145301 0.302537 0.180682 0.240968 0.389616 0.308253 0.049541 0.163905 0.232999 0.253725 0.128071 0.198784 0.190787 0.418830 0.098926 0.508419 0.192331 0.158312 0.433636 0.250988 0.271913 0.506750 0.350580 0.298250 0.084982 0.246718 0.184280 0.180944 0.371514 0.078179 0.336267 0.237425 0.166996 0.100927 0.323727 0.201362 0.158962 0.193735 0.385274 0.124390 0.217051 0.238207 0.270315 0.263309 0.142810 0.150837 0.000000 0.231363 0.298762 0.354216 0.215820 0.238110 0.160356 0.163944 0.074918 0.295696 0.274263 0.135914 0.385056 0.398617 0.366121
0.183649 0.252084 0.415823 0.184808 0.240911 0.087050 0.158103 0.231283 0.472407 0.351497 0.000000 0.309991 0.161619 0.069321 0.190624 0.273625 0.129832 0.235686 0.244560 0.348550 0.487499 0.277543 0.299508 0.247877 0.161462 0.433435 0.222086 0.429984 0.383347 0.444509 0.170521 0.053240 0.505515 0.228269 0.149832 0.252766 0.361655 0.210514 0.215706 0.178824 0.345269 0.083327 0.157455 0.183053 0.162536 0.396086 0.274614 0.187728 0.531179 0.360126 0.173364 0.426632 0.266993 0.061615 0.329209 0.110319 0.278790 0.198904 0.196727 0.225599 0.110695 0.474588 0.000000
0.297854 0.243243 0.121864 0.195885 0.228210 0.202226 0.001489 0.330327 0.318153 0.256862 0.181201 0.100278 0.026469 0.284848 0.219776 0.524755 0.048995 0.230989 0.411247 0.067096 0.380054 0.389799 0.474815 0.400025 0.272857 0.138648 0.160081 0.386025 0.206168 0.291935 0.105332 0.243143 0.186401 0.174224 0.227955 0.374453 0.229821 0.090324 0.143781 0.435922 0.286967 0.387716 0.140529 0.491262 0.201872 0.024670 0.200069 0.527236 0.158122 0.421232 0.260873 0.338022 0.042607 0.154114 0.315945 0.117367 0.219260 0.233357 0.313043 0.145885 0.111643 0.179900 0.178696
0.367117 0.112567 0.101354 0.319981 0.242962 0.264601 0.472983 0.385611 0.521722 0.222604 0.223882 0.298098 0.042078 0.452421 0.192881 0.392595 0.222945 0.102567 0.291874 0.014889 0.295998 0.473168 0.383984 0.341119 0.210980 0.231802 0.320101 0.331381 0.000000 0.119151 0.377835 0.037399 0.230561 0.028942 0.048972 0.245259 0.315191 0.096596 0.278502 0.202070 0.154199 0.286228 0.312491 0.340195 0.209885 0.208207 0.096210 0.308866 0.232018 0.260167 0.372077 0.296107 0.229174 0.362051 0.123250 0.175653 0.196126 0.104958 0.043209 0.211027 0.012185 0.133248 0.190280
0.413866 0.447460 0.354031 0.157441 0.291850 0.152375 0.437721 0.302869 0.375228 0.151936 0.267902 0.213572 0.309723 0.244775 0.178764 0.089530 0.322019 0.350878 0.256894 0.124900 0.301169 0.239744 0.000000 0.334602 0.268938 0.387793 0.308287 0.227595 0.070451 0.000000 0.105125 0.318043 0.233090 0.515391 0.276604 0.462931 0.180515 0.000000 0.304463 0.483105 0.206205 0.011235 0.153477 0.258137 0.430690 0.106502 0.287564 0.177468 0.268647 0.296360 0.200972 0.428542 0.348904 0.335136 0.196277 0.130888 0.308579 0.451175 0.490102 0.456181 0.350499 0.252345 0.400197
0.068456 0.258073 0.089151 0.288015 0.521591 0.217451 0.351660 0.115249 0.277276 0.031954 0.018330 0.453711 0.235729 0.003336 0.075483 0.231632 0.249028 0.324109 0.202246 0.445315 0.307756 0.285522 0.147111 0.131531 0.390295 0.515917 0.308757 0.196747 0.099150 0.106099 0.135469 0.312934 0.179503 0.194020 0.097441 0.382524 0.243133 0.199748 0.303578 0.316366 0.267107 0.207285 0.222928 0.466551 0.282813 0.263126 0.239760 0.173604 0.214596 0.293315 0.140911 0.033895 0.024326 0.019867 0.445207 0.408448 0.242548 0.340668 0.068654 0.219264 0.380616 0.092407 0.453873
0.295785 0.248677 0.367709 0.398416 0.369484 0.322580 0.249261 0.385956 0.190531 0.184643 0.333859 0.398977 0.217274 0.531767 0.269137 0.274785 0.286911 0.413389 0.352333 0.181242 0.354676 0.305767 0.026958 0.248367 0.256813 0.301220 0.234338 0.384077 0.154282 0.218414 0.264054 0.170257 0.297481 0.062378 0.225531 0.347846 0.287924 0.326742 0.408839 0.342809 0.141340 0.476332 0.134252 0.308977 0.061178 0.000000 0.115796 0.369072 0.168951 0.320963 0.098598 0.282512 0.034479 0.214160 0.209460 0.402164 0.310821 0.105667 0.404658 0.177041 0.266117 0.307691 0.084930
0.221272 0.345710 0.061904 0.192163 0.305368 0.206558 0.229345 0.281866 0.055087 0.320025 0.188728 0.381352 0.195195 0.147517 0.087616 0.281975 0.323501 0.122351 0.264000 0.343648 0.049123 0.443794 0.215874 0.095877 0.206972 0.249980 0.234644 0.289184 0.296087 0.265043 0.400535 0.139137 0.240720 0.235616 0.427131 0.251485 0.328808 0.193727 0.669852 0.161238 0.000000 0.267293 0.488948 0.189683 0.543516 0.059946 0.256624 0.280137 0.050723 0.252350 0.310223 0.710365 0.191630 0.197089 0.280074 0.172637 0.210439 0.229312 0.235095 0.304482 0.224398 0.018997 0.317322
0.278072 0.137285 0.268957 0.267686 0.101920 0.000000 0.233405 0.051186 0.084635 0.074626 0.319955 0.234660 0.347102 0.318918 0.310500 0.221843 0.195909 0.362688 0.105235 0.270267 0.168896 0.230553 0.194260 0.472055 0.166024 0.156429 0.280280 0.198864 0.231283 0.367225 0.256009 0.129643 0.247107 0.092856 0.046152 0.145377 0.317371 0.157732 0.280725 0.439868 0.224605 0.242937 0.276125 0.245405 0.212976 0.274968 0.248672 0.369855 0.243087 0.341123 0.209911 0.221289 0.279461 0.004468 0.328036 0.389955 0.329751 0.322011 0.271748 0.329195 0.401648 0.160742 0.146885
0.377610 0.251876 0.043419 0.152521 0.211714 0.369018 0.158230 0.183511 0.235197 0.283677 0.317156 0.046371 0.140198 0.513839 0.419247 0.251687 0.062473 0.333446 0.331379 0.083319 0.111630 0.395999 0.386711 0.305846 0.284262 0.245805 0.211027 0.121725 0.330677 0.290848 0.479590 0.391062 0.160994 0.268773 0.202986 0.176958 0.073531 0.184618 0.268923 0.222666 0.487672 0.305197 0.239210 0.111072 0.242745 0.256318 0.303207 0.180170 0.097857 0.114647 0.342728 0.104109 0.283181 0.339128 0.147577 0.118465 0.147846 0.223767 0.107075 0.000000 0.255642 0.069836 0.435578
