DEPONS-master/data/CentralBaltic/prey0000_02.asc
NCOLS 400 
NROWS 400 
XLLCORNER 4750000.0 
YLLCORNER 3200000.0 
CELLSIZE 1000.0 
NODATA_value -9999 
[rows 336 to 363 of 400, columns 0 to 62 of 400]
-9999 -9999 -9999 -9999 -9999 -9999 -9999 -9999 0.363034 0.462556 0.597150 0.378337 0.511247 0.590199 0.531602 0.295652 0.225199 0.433271 0.375862 0.588448 0.217111 0.144029 0.408980 0.578804 0.494521 0.192031 0.409949 0.472063 0.174320 0.283064 0.067694 0.371767 0.134249 0.512599 0.502605 0.478770 0.329762 0.264871 0.446262 0.580224 0.324945 0.399364 0.393204 0.513375 0.433718 0.475969 0.091013 0.384976 0.287032 0.532130 0.179682 0.315669 0.565816 0.397593 0.313092 0.380115 0.317241 0.151461 0.242648 0.354442 0.360622 0.505827 0.492219
-9999 -9999 -9999 -9999 -9999 -9999 -9999 -9999 0.426442 0.556414 0.455907 0.462388 0.448130 0.469784 0.509871 0.336239 0.590887 0.350682 0.602873 0.592966 0.569272 0.427811 0.350168 0.368411 0.413615 0.213163 0.482072 0.262219 0.494627 0.542661 0.347474 0.701982 0.277761 0.340680 0.342606 0.111834 0.524834 0.224473 0.336376 0.575231 0.371577 0.465716 0.277395 0.160385 0.339109 0.236483 0.448017 0.043656 0.434413 0.295858 0.432427 0.205216 0.220008 0.306766 0.234790 0.266034 0.288426 0.037230 0.167002 0.291708 0.206192 0.391584 0.420102
-9999 -9999 -9999 -9999 -9999 -9999 -9999 -9999 0.456577 0.512085 0.590018 0.287473 0.482374 0.340420 0.230927 0.348499 0.311217 0.551999 0.132149 0.476763 0.467059 0.274848 0.272041 0.186386 0.553503 0.493995 0.408048 0.438673 0.475615 0.514660 0.334448 0.309843 0.378002 0.110701 0.303981 0.123477 0.379267 0.189003 0.301522 0.399806 0.243556 0.115248 0.206102 0.299527 0.437301 0.411401 0.458177 0.285195 0.336081 0.436646 0.255898 0.412442 0.544003 0.230379 0.505866 0.241768 0.274761 0.203065 0.368558 0.136198 0.259939 0.341634 0.530415
-9999 -9999 -9999 -9999 -9999 -9999 -9999 -9999 0.444421 0.429229 0.383563 0.511554 0.624640 0.342672 0.375173 0.534067 0.528814 0.597373 0.323235 0.556309 0.490823 0.076153 0.609321 0.256051 0.133515 0.481464 0.280342 0.242680 0.640749 0.202645 0.117648 0.322076 0.486521 0.497375 0.144019 0.401412 0.555285 0.354562 0.278126 0.384804 0.555928 0.464074 0.262991 0.337073 0.288567 0.441297 0.515033 0.339314 0.577721 0.523149 0.381609 0.176745 0.382982 0.309262 0.122506 0.002731 0.351806 0.221443 0.068196 0.315214 0.165035 0.110248 0.192456
-9999 -9999 -9999 -9999 -9999 -9999 -9999 -9999 0.444493 0.421926 0.273823 0.531062 0.545291 0.600861 0.431281 0.496526 0.498863 0.423371 0.415186 0.265624 0.338466 0.415365 0.430231 0.199141 0.356949 0.300949 0.393287 0.460830 0.082793 0.379833 0.277111 0.209795 0.310599 0.577064 0.522109 0.348945 0.274327 0.203798 0.397561 0.481808 0.429684 0.350569 0.372217 0.334227 0.254538 0.378018 0.444221 0.333949 0.329106 0.374975 0.495327 0.238772 0.034640 0.261167 0.386181 0.396751 0.337581 0.384345 0.470571 0.535772 0.435753 0.185142 0.280062
-9999 -9999 -9999 -9999 -9999 -9999 -9999 -9999 0.243545 0.243483 0.581203 0.582818 0.300569 0.462228 0.514668 0.392181 0.445992 0.433022 0.321670 0.238488 0.432689 0.623587 0.282554 0.510602 0.289782 0.331825 0.414687 0.409843 0.576912 0.379843 0.401095 0.404633 0.558165 0.296078 0.344251 0.464272 0.415141 0.240510 0.234038 0.472094 0.431818 0.328184 0.274629 0.459630 0.407521 0.504159 0.116083 0.224624 0.434754 0.121051 0.112179 0.434560 0.437486 0.412046 0.087552 0.341771 0.173740 0.240227 0.251174 0.225276 0.120688 0.294005 0.488845
-9999 -9999 -9999 -9999 -9999 -9999 -9999 -9999 0.464882 0.262681 0.617196 0.540839 0.190415 0.236993 0.413752 0.631499 0.320905 0.176770 0.381491 0.556804 0.357000 0.530809 0.242035 0.436466 0.225632 0.351530 0.508009 0.427483 0.303391 0.255923 0.465916 0.315848 0.611782 0.272021 0.389945 0.404279 0.222360 0.342758 0.517320 0.435102 0.268137 0.013867 0.380859 0.522520 0.337113 0.458229 0.084693 0.425857 0.307556 0.396665 0.338261 0.046567 0.554676 0.210791 0.253241 0.185682 0.211160 0.486132 0.202751 0.406252 0.266207 0.228584 0.292570
-9999 -9999 -9999 -9999 -9999 -9999 -9999 -9999 0.259032 0.544660 0.276412 0.536264 0.384091 0.556191 0.478105 0.651239 0.528642 0.222070 0.677469 0.447089 0.243518 0.587247 0.447525 0.455035 0.493285 0.439413 0.479968 0.559121 0.496434 0.352428 0.168860 0.377189 0.344012 0.126609 0.394364 0.534351 0.282664 0.213771 0.406909 0.397593 0.518501 0.253699 0.400722 0.421232 0.232633 0.283037 0.463365 0.236273 0.390867 0.489237 0.171910 0.122173 0.526786 0.242771 0.318930 0.000000 0.348915 0.242157 0.440521 0.019795 0.471597 0.306586 0.372793
-9999 -9999 -9999 -9999 -9999 -9999 -9999 -9999 0.419631 0.552784 0.423165 0.390758 0.414705 0.309723 0.440261 0.406282 0.595081 0.463166 0.560291 0.288123 0.403999 0.473537 0.642863 0.189030 0.326433 0.347990 0.419168 0.418856 0.313661 0.359742 0.412057 0.514164 0.382237 0.383586 0.216806 0.355324 0.528847 0.473810 0.258388 0.298829 0.440586 0.630601 0.000000 0.411904 0.470030 0.394822 0.255136 0.110873 0.516912 0.080989 0.383425 0.079252 0.373862 0.128539 0.306374 0.386910 0.116095 0.314188 0.272180 0.119813 0.474435 0.407635 0.300014
-9999 -9999 -9999 -9999 -9999 -9999 -9999 -9999 0.593492 0.445589 0.314535 0.390515 0.468632 0.377610 0.588826 0.274882 0.569595 0.550168 0.305771 0.539584 0.550617 0.323774 0.251744 0.341193 0.441190 0.698916 0.335953 0.509832 0.249130 0.288566 0.271150 0.439174 0.354407 0.306303 0.182028 0.563778 0.209558 0.478100 0.437457 0.499868 0.159707 0.412106 0.521420 0.441257 0.198181 0.326298 0.306553 0.149440 0.414519 0.331224 0.224973 0.321228 0.312473 0.426443 0.343232 0.352049 0.296469 0.357815 0.346672 0.278914 0.086345 0.235783 0.287276
-9999 -9999 -9999 -9999 -9999 -9999 -9999 -9999 0.342386 0.516523 0.461497 0.280737 0.537292 0.618496 0.650107 0.382332 0.606493 0.310797 0.392323 0.238727 0.478615 0.575819 0.391421 0.521571 0.437553 0.267379 0.358888 0.432847 0.443073 0.670931 0.203197 0.273869 0.436459 0.222885 0.494631 0.542187 0.228011 0.275546 0.285793 0.474763 0.320681 0.384684 0.390474 0.418430 0.430958 0.480279 0.351896 0.357787 0.359519 0.244438 0.476128 0.196011 0.208758 0.310896 0.287231 0.147392 0.398524 0.423194 0.283707 0.484732 0.139421 0.111309 0.362956
-9999 -9999 -9999 -9999 -9999 -9999 -9999 -9999 0.412755 0.281954 0.334179 0.296602 0.412702 0.215905 0.430443 0.224741 0.445837 0.465813 0.447695 0.530694 0.382267 0.282403 0.563143 0.440958 0.432011 0.268133 0.260516 0.326896 0.118743 0.545113 0.240828 0.265549 0.473796 0.263706 0.485068 0.374800 0.507102 0.322248 0.637825 0.284883 0.416847 0.341021 0.576963 0.316616 0.426433 0.286170 0.290438 0.205168 0.206423 0.264636 0.203542 0.479890 0.623154 0.134530 0.189736 0.340943 0.215447 0.416907 0.067297 0.228231 0.368058 0.389380 0.150087
-9999 -9999 -9999 -9999 -9999 -9999 -9999 -9999 0.309287 0.618132 0.390396 0.326419 0.399626 0.516877 0.429406 0.708481 0.410132 0.397887 0.517707 0.517258 0.248598 0.300944 0.311326 0.443382 0.568739 0.440940 0.308588 0.305832 0.406654 0.301933 0.437877 0.502013 0.219829 0.337181 0.442045 0.266951 0.476115 0.531489 0.547803 0.432639 0.373039 0.425445 0.350179 0.154996 0.556480 0.198143 0.134038 0.295263 0.491631 0.229266 0.374271 0.133938 0.000000 0.180424 0.232139 0.374627 0.182283 0.371905 0.216955 0.433927 0.188025 0.415361 0.520569
-9999 -9999 -9999 -9999 -9999 -9999 -9999 -9999 0.519675 0.483399 0.461289 0.382786 0.426619 0.435659 0.548280 0.427702 0.529448 0.669410 0.518873 0.380868 0.624926 0.458666 0.375521 0.391399 0.300665 0.326073 0.454062 0.322758 0.376389 0.733097 0.299106 0.590790 0.272277 0.358450 0.272042 0.619245 0.346452 0.343886 0.581743 0.323742 0.191061 0.483748 0.325787 0.180430 0.289963 0.334431 0.516732 0.394700 0.312271 0.301106 0.252694 0.436889 0.172429 0.303453 0.392591 0.001135 0.173263 0.054595 0.500071 0.211846 0.367683 0.262342 0.330952
-9999 -9999 -9999 -9999 -9999 -9999 -9999 -9999 0.388164 0.605695 0.277867 0.682599 0.606225 0.706489 0.435942 0.497975 0.386295 0.481353 0.337428 0.456920 0.371194 0.285990 0.230130 0.411776 0.526622 0.582754 0.160016 0.387523 0.367907 0.464514 0.152390 0.233554 0.244283 0.420164 0.366156 0.331899 0.486562 0.296481 0.387896 0.353463 0.271433 0.587245 0.614008 0.458303 0.357191 0.323085 0.355203 0.480261 0.317394 0.417327 0.429400 0.304244 0.096668 0.277532 0.263881 0.196442 0.330216 0.605742 0.460143 0.372678 0.308649 0.380113 0.406644
-9999 -9999 -9999 -9999 -9999 -9999 -9999 -9999 0.660940 0.460896 0.347128 0.376697 0.588118 0.450803 0.457439 0.362005 0.537759 0.404468 0.406132 0.129662 0.571159 0.513840 0.587197 0.227982 0.364310 0.476134 0.583625 0.523450 0.536095 0.244930 0.481962 0.386980 0.270529 0.470028 0.367831 0.521630 0.301321 0.328278 0.164367 0.326337 0.375613 0.207806 0.513166 0.477125 0.290056 0.459201 0.345632 0.351051 0.433487 0.230241 0.373822 0.484892 0.427388 0.419714 0.449719 0.245177 0.427557 0.101547 0.297053 0.411291 0.436715 0.216934 0.485559
-9999 -9999 -9999 -9999 -9999 -9999 -9999 -9999 0.511090 0.134651 0.451839 0.331838 0.499947 0.501465 0.399093 0.407561 0.287713 0.379246 0.225588 0.481082 0.272752 0.514584 0.581789 0.466667 0.442834 0.353718 0.622171 0.412440 0.338736 0.449141 0.466218 0.382415 0.381292 0.255287 0.563044 0.453900 0.379505 0.547997 0.450658 0.450751 0.343896 0.603545 0.384467 0.455521 0.504633 0.136465 0.423070 0.191873 0.360322 0.286675 0.423412 0.274591 0.200702 0.224609 0.431112 0.161240 0.313647 0.348894 0.225932 0.598901 0.311473 0.290484 0.404351
-9999 -9999 -9999 -9999 -9999 -9999 -9999 -9999 0.451106 0.362878 0.583077 0.306616 0.516266 0.539664 0.066208 0.329595 0.598416 0.513425 0.596278 0.556668 0.272092 0.364221 0.353939 0.292287 0.310069 0.309903 0.431222 0.383493 0.332742 0.412812 0.335967 0.569871 0.680327 0.556726 0.489337 0.309791 0.519430 0.329947 0.426414 0.233618 0.493902 0.400840 0.388471 0.120339 0.474017 0.369269 0.243914 0.447873 0.109688 0.476894 0.350456 0.327353 0.276613 0.252730 0.379225 0.468756 0.180077 0.327688 0.398831 0.485042 0.251559 0.328565 0.314205
-9999 -9999 -9999 -9999 -9999 -9999 -9999 -9999 0.415800 0.431864 0.408847 0.241778 0.544873 0.478907 0.422456 0.361468 0.605467 0.404514 0.204599 0.426668 0.233667 0.238335 0.248221 0.299836 0.213992 0.342001 0.403175 0.248952 0.424588 0.528264 0.392579 0.376327 0.663256 0.465119 0.484226 0.422205 0.346102 0.254513 0.474806 0.395938 0.062771 0.133822 0.182370 0.244726 0.198710 0.481581 0.244186 0.530962 0.380396 0.370681 0.319227 0.282790 0.361434 0.077761 0.428004 0.269075 0.202426 0.272320 0.356929 0.566654 0.340510 0.438476 0.189166
-9999 -9999 -9999 -9999 -9999 -9999 -9999 -9999 0.315207 0.706545 0.054041 0.442568 0.536555 0.467847 0.173427 0.422656 0.540881 0.347681 0.538652 0.384775 0.438161 0.485816 0.497701 0.404362 0.328383 0.307887 0.395723 0.491358 0.517369 0.428548 0.255472 0.503210 0.194103 0.369858 0.312842 0.399692 0.356304 0.373906 0.139142 0.357121 0.446089 0.215943 0.262736 0.185956 0.426963 0.303161 0.407869 0.381245 0.187671 0.371251 0.553532 0.256667 0.256394 0.571284 0.392329 0.455489 0.371834 0.326182 0.526007 0.392813 0.279304 0.079583 0.068317
-9999 -9999 -9999 -9999 -9999 -9999 -9999 -9999 0.558899 0.471711 0.389754 0.389682 0.634048 0.263743 0.278889 0.430125 0.343503 0.682062 0.432994 0.109354 0.434448 0.370264 0.553874 0.130579 0.556308 0.422904 0.592466 0.278409 0.438377 0.269027 0.183374 0.340700 0.332143 0.310453 0.117630 0.519911 0.226688 0.420704 0.385213 0.263697 0.481706 0.411943 0.240960 0.556882 0.512734 0.574159 0.201666 0.360512 0.388687 0.150354 0.463038 0.302876 0.410274 0.272590 0.230256 0.356551 0.207568 0.446684 0.272171 0.469009 0.353858 0.337554 0.380077
-9999 -9999 -9999 -9999 -9999 -9999 -9999 -9999 0.501301 0.361512 0.308054 0.450007 0.539050 0.562080 0.525933 0.607586 0.477304 0.555122 0.193589 0.251332 0.234365 0.639546 0.414757 0.605248 0.363823 0.397837 0.605213 0.387635 0.388596 0.635887 0.163208 0.236738 0.399189 0.444487 0.301878 0.488443 0.421094 0.437456 0.410030 0.390673 0.489280 0.000000 0.409427 0.379809 0.323294 0.057514 0.362520 0.401324 0.471268 0.420315 0.340030 0.462509 0.318509 0.070331 0.551060 0.370212 0.542263 0.199293 0.193249 0.157062 0.410502 0.432298 0.313325
-9999 -9999 -9999 -9999 -9999 -9999 -9999 -9999 0.298996 0.207467 0.540076 0.559378 0.286764 0.441755 0.492861 0.452058 0.391647 0.453281 0.524105 0.295814 0.289303 0.486395 0.336927 0.272844 0.171611 0.324511 0.434988 0.229379 0.473275 0.442539 0.361266 0.405113 0.400210 0.447967 0.515559 0.410820 0.330661 0.244227 0.522410 0.440910 0.297116 0.375637 0.142916 0.376155 0.402435 0.310060 0.489613 0.366017 0.251151 0.443897 0.343861 0.532596 0.405979 0.267180 0.240902 0.294788 0.507829 0.451256 0.311129 0.255433 0.339840 0.332366 0.361566
-9999 -9999 -9999 -9999 -9999 -9999 -9999 -9999 0.399103 0.538429 0.319279 0.620653 0.421234 0.375052 0.446954 0.496994 0.388856 0.305057 0.442659 0.290913 0.026004 0.278268 0.783361 0.580081 0.315957 0.208713 0.543021 0.451210 0.314975 0.303137 0.577309 0.528670 0.681533 0.338075 0.388841 0.058076 0.378839 0.307807 0.219196 0.451299 0.207725 0.346713 0.502613 0.502511 0.443424 0.603729 0.245788 0.289054 0.194100 0.293713 0.397185 0.393759 0.317187 0.545073 0.409179 0.319938 0.315819 0.501954 0.271344 0.415313 0.209958 0.365370 0.474724
-9999 -9999 -9999 -9999 -9999 -9999 -9999 -9999 0.553725 0.422171 0.485559 0.441556 0.465260 0.264839 0.306631 0.687346 0.366755 0.305597 0.554968 0.331437 0.417587 0.508198 0.279730 0.461077 0.397328 0.380695 0.391228 0.528422 0.602269 0.489685 0.558189 0.370022 0.172036 0.432523 0.390049 0.505064 0.392477 0.422248 0.580835 0.490523 0.240790 0.295622 0.463489 0.270209 0.329587 0.220313 0.503184 0.367216 0.256149 0.239280 0.246095 0.470952 0.415833 0.388290 0.445134 0.343386 0.414707 0.150928 0.521192 0.287739 0.321143 0.470743 0.338530
-9999 -9999 -9999 -9999 -9999 -9999 -9999 -9999 0.481563 0.494006 0.486545 0.513597 0.463618 0.440748 0.310943 0.607641 0.239803 0.449504 0.354153 0.365518 0.292232 0.166982 0.253207 0.256764 0.203575 0.382894 0.393773 0.262213 0.454934 0.257047 0.288948 0.283528 0.151609 0.237479 0.311356 0.482328 0.328446 0.276611 0.372632 0.423139 0.250063 0.430105 0.153100 0.523523 0.267064 0.297898 0.226116 0.233002 0.000000 0.402976 0.410721 0.482582 0.385213 0.587550 0.405401 0.191119 0.370434 0.448256 0.414880 0.308933 0.501128 0.333270 0.251420
-9999 -9999 -9999 -9999 -9999 -9999 -9999 -9999 0.311826 0.379423 0.405066 0.409199 0.165099 0.509485 0.407180 0.635376 0.379175 0.379254 0.500860 0.529677 0.666287 0.494814 0.062057 0.649628 0.313916 0.330336 0.365006 0.354222 0.500447 0.331472 0.226656 0.412243 0.514652 0.239102 0.155874 0.042874 0.348494 0.274025 0.551952 0.395741 0.364405 0.399574 0.131385 0.422067 0.510175 0.306236 0.292803 0.575242 0.386863 0.109579 0.620092 0.185382 0.410384 0.305415 0.087629 0.391752 0.229890 0.342688 0.473594 0.078177 0.251617 0.451971 0.450823
-9999 -9999 -9999 -9999 -9999 -9999 -9999 -9999 0.421369 0.311978 0.353604 0.462088 0.284961 0.247351 0.579971 0.505995 0.348476 0.219687 0.563719 0.620885 0.344091 0.440442 0.465690 0.471677 0.277014 0.661616 0.552203 0.482449 0.211489 0.316290 0.470901 0.167532 0.216373 0.317441 0.533374 0.230763 0.342949 0.312550 0.350504 0.216758 0.289853 0.507298 0.373215 0.318819 0.277623 0.187986 0.245194 0.562429 0.206675 0.389830 0.436736 0.480291 0.646054 0.277386 0.256868 0.197529 0.369382 0.762628 0.538995 0.362186 0.395752 0.248839 0.275728
