DEPONS-master/data/CentralBaltic/prey0000_01.asc
NCOLS 400 
NROWS 400 
XLLCORNER 4750000.0 
YLLCORNER 3200000.0 
CELLSIZE 1000.0 
NODATA_value -9999 
[rows 140 to 167 of 400, columns 126 to 188 of 400]
0.043694 0.290314 0.000000 0.205593 0.264938 0.279150 0.341428 0.115181 0.174745 0.037019 0.166376 0.515557 0.368782 0.173910 0.137823 0.318919 0.118764 0.218735 0.066571 0.340290 0.249309 0.081476 0.256705 0.182223 0.252674 0.369727 0.163480 0.154024 0.230574 0.120239 0.251982 0.174240 0.255752 0.327278 0.119835 0.390959 0.409219 0.271484 0.272626 0.126253 0.266555 0.409960 0.315176 0.189692 0.000000 0.000000 0.167541 0.202959 0.256307 0.310584 0.000000 0.263870 0.000000 0.122325 0.208982 0.242198 0.301144 0.241754 0.221104 0.181707 0.427766 0.222726 0.226262
0.209198 0.205401 0.102955 0.232458 0.570944 0.341154 0.070052 0.264901 0.273654 0.243556 0.190989 0.144606 0.000000 0.344555 0.309095 0.171572 0.308288 0.210627 0.339208 0.211333 0.324912 0.331107 0.292931 0.188297 0.085407 0.157834 0.362543 0.165634 0.286505 0.123133 0.380757 0.238919 0.044621 0.305945 0.318466 0.275226 0.310319 0.210158 0.075561 0.466094 0.398329 0.308031 0.198412 0.353441 0.339650 0.209778 0.146470 0.195918 0.353431 0.159219 0.207002 0.229626 0.337988 0.214505 0.155424 0.239812 0.282640 0.148552 0.278461 0.120528 0.116102 0.208728 0.178422
0.259919 0.123999 0.391064 0.062445 0.389386 0.264144 0.172807 0.093572 0.375284 0.214019 0.322459 0.127740 0.014731 0.512061 0.340329 0.269680 0.266947 0.402444 0.242045 0.531342 0.109236 0.276531 0.235482 0.078465 0.273221 0.373169 0.137475 0.096441 0.263097 0.351446 0.357718 0.259071 0.242718 0.019404 0.321819 0.279345 0.414986 0.382747 0.128229 0.030708 0.198242 0.036754 0.194724 0.139592 0.260983 0.348135 0.208177 0.413979 0.470676 0.276595 0.183947 0.426842 0.297589 0.164203 0.361812 0.275876 0.002712 0.204188 0.175911 0.226605 0.328789 0.060456 0.232955
0.218701 0.071091 0.206252 0.315872 0.290500 0.157969 0.387428 0.180900 0.190483 0.421409 0.412292 0.096996 0.467925 0.127956 0.179202 0.231447 0.444337 0.331963 0.029169 0.216724 0.306199 0.306585 0.342849 0.141227 0.285732 0.147744 0.310111 0.152728 0.455147 0.287029 0.299930 0.093975 0.253339 0.183170 0.417380 0.391533 0.050172 0.236243 0.102703 0.199132 0.138051 0.126806 0.078815 0.154642 0.292249 0.151241 0.263524 0.381454 0.252740 0.423716 0.168452 0.438397 0.241000 0.387222 0.349900 0.403147 0.205368 0.253172 0.478419 0.338948 0.370478 0.329789 0.316850
0.063172 0.220395 0.198520 0.279101 0.194432 0.404987 0.188710 0.200318 0.053174 0.306141 0.408489 0.386087 0.126901 0.249570 0.213110 0.166983 0.145325 0.479044 0.192102 0.155714 0.291731 0.146345 0.388689 0.336978 0.268345 0.256210 0.347072 0.242624 0.230429 0.385047 0.391053 0.088727 0.391674 0.344095 0.326223 0.282521 0.250993 0.000000 0.481732 0.210794 0.087472 0.042728 0.067439 0.110393 0.530300 0.204249 0.162683 0.000000 0.415949 0.271108 0.199219 0.330952 0.303078 0.351501 0.230005 0.501462 0.331391 0.370269 0.400998 0.215923 0.291864 0.324235 0.314272
0.320107 0.309175 0.142959 0.153488 0.243536 0.240419 0.065711 0.093157 0.216012 0.304796 0.338179 0.091099 0.133082 0.270301 0.096811 0.257120 0.370389 0.222781 0.157169 0.042675 0.186093 0.158191 0.266454 0.151583 0.212475 0.392222 0.176478 0.181391 0.153588 0.285487 0.457682 0.183725 0.228251 0.254638 0.245924 0.201750 0.376751 0.436293 0.000000 0.199248 0.300424 0.217821 0.240959 0.293981 0.157445 0.241070 0.228460 0.090375 0.410893 0.312137 0.234357 0.402764 0.157187 0.152716 0.125511 0.106439 0.292724 0.174614 0.337650 0.475790 0.300751 0.109992 0.222550
0.222365 0.224501 0.192200 0.458614 0.411216 0.117831 0.308843 0.241275 0.297570 0.138880 0.072146 0.348197 0.044769 0.359182 0.391472 0.360104 0.248690 0.432831 0.074173 0.410794 0.221665 0.141128 0.273569 0.253163 0.247302 0.182689 0.225644 0.281580 0.000000 0.403403 0.449936 0.491013 0.000000 0.375267 0.171205 0.506732 0.079491 0.000000 0.103229 0.302122 0.251282 0.154466 0.075675 0.072663 0.000000 0.063122 0.238304 0.166097 0.204230 0.138314 0.439098 0.000000 0.245817 0.181275 0.061648 0.316243 0.341534 0.074464 0.149935 0.478185 0.286877 0.296943 0.249095
0.232900 0.180581 0.210842 0.043129 0.263826 0.337792 0.301896 0.196444 0.296678 0.372127 0.236566 0.300878 0.177982 0.125260 0.112641 0.266195 0.000000 0.329030 0.310131 0.139752 0.252862 0.312221 0.274434 0.156493 0.197489 0.003797 0.192222 0.447275 0.144767 0.372615 0.517620 0.305471 0.011724 0.286492 0.161964 0.112268 0.262950 0.103118 0.413349 0.277931 0.188587 0.123922 0.128585 0.404762 0.285157 0.149281 0.241243 0.270162 0.363588 0.409277 0.105994 0.157966 0.000000 0.213187 0.173930 0.177705 0.000000 0.400996 0.364153 0.340705 0.369291 0.303610 0.158606
0.129897 0.293103 0.124105 0.287119 0.224549 0.071898 0.391755 0.285952 0.276873 0.304773 0.000000 0.522762 0.182309 0.349022 0.067895 0.133394 0.298805 0.302149 0.205227 0.319094 0.232395 0.010035 0.259640 0.328406 0.272078 0.133720 0.316519 0.142628 0.256270 0.285866 0.386962 0.460817 0.141988 0.201722 0.192813 0.303882 0.271757 0.257229 0.309615 0.058055 0.281881 0.139052 0.140268 0.167925 0.185402 0.174469 0.084911 0.203301 0.225197 0.113399 0.130321 0.039326 0.350593 0.167890 0.270114 0.283910 0.038535 0.073545 0.284865 0.193649 0.297434 0.423410 0.174148
0.057695 0.237509 0.177502 0.185624 0.283182 0.425412 0.351428 0.232158 0.163834 0.078734 0.183085 0.358346 0.259297 0.161610 0.232909 0.057048 0.044296 0.249791 0.308035 0.236749 0.302557 0.272063 0.218514 0.205483 0.290443 0.304123 0.144642 0.365996 0.296131 0.187319 0.198973 0.128486 0.196182 0.103838 0.073821 0.342654 0.134389 0.265601 0.352025 0.114663 0.131377 0.270997 0.544125 0.241694 0.183770 0.290448 0.412267 0.287768 0.000000 0.000000 0.358252 0.069600 0.276225 0.254330 0.181332 0.391017 0.018140 0.171155 0.485337 0.244208 0.190307 0.378104 0.187156
0.362122 0.121950 0.216769 0.171278 0.109611 0.228017 0.190030 0.334605 0.324948 0.480025 0.105820 0.301322 0.381953 0.298809 0.191028 0.208093 0.301115 0.438769 0.254401 0.263404 0.233791 0.416912 0.228499 0.265656 0.347268 0.356303 0.243339 0.291317 0.440886 0.270609 0.177427 0.301739 0.235150 0.320429 0.091950 0.349187 0.505219 0.333701 0.219851 0.065895 0.096044 0.304258 0.313984 0.127161 0.011971 0.240194 0.320001 0.215511 0.301687 0.318906 0.400621 0.430155 0.040086 0.234342 0.295946 0.069388 0.379493 0.288683 0.215360 0.374427 0.237700 0.098655 0.163170
0.186469 0.221858 0.290560 0.399289 0.183675 0.163408 0.239584 0.168533 0.236003 0.343903 0.404320 0.196477 0.272921 0.241489 0.303938 0.231845 0.207321 0.469922 0.310856 0.049037 0.219569 0.256449 0.102272 0.400266 0.110009 0.347769 0.380602 0.227195 0.161190 0.458026 0.182444 0.043487 0.398688 0.119691 0.101864 0.276141 0.467047 0.403416 0.162727 0.161348 0.391686 0.220835 0.295517 0.375625 0.167267 0.224295 0.363373 0.158545 0.123406 0.283539 0.513414 0.337127 0.310906 0.315403 0.275098 0.303545 0.173370 0.071003 0.080720 0.211854 0.217650 0.369410 0.231060
0.027385 0.197132 0.350551 0.164029 0.297009 0.253330 0.477024 0.235891 0.360297 0.322426 0.171342 0.124490 0.264651 0.077645 0.250110 0.209249 0.258820 0.330706 0.342469 0.149471 0.280143 0.205560 0.119244 0.174789 0.312755 0.269923 0.112294 0.331662 0.238205 0.357406 0.210472 0.426538 0.290783 0.326094 0.356391 0.074539 0.257197 0.081432 0.096349 0.304232 0.094404 0.227581 0.295114 0.360370 0.168370 0.266788 0.128211 0.228905 0.452111 0.375581 0.109246 0.295083 0.301043 0.423127 0.000000 0.122221 0.284986 0.418511 0.138210 0.082724 0.404044 0.130433 0.128958
0.308206 0.330536 0.060741 0.000000 0.362864 0.111666 0.213259 0.272260 0.112972 0.384527 0.260136 0.159111 0.285217 0.150266 0.368060 0.205732 0.206427 0.153052 0.112186 0.092531 0.225796 0.239860 0.172710 0.395708 0.398405 0.144087 0.045029 0.177775 0.240540 0.212347 0.182066 0.116795 0.324410 0.201869 0.166133 0.003694 0.452467 0.138431 0.389308 0.200347 0.149334 0.134377 0.228009 0.294449 0.191605 0.381713 0.348492 0.350008 0.093403 0.317945 0.383667 0.057881 0.208107 0.224119 0.372595 0.334673 0.315557 0.025932 0.098037 0.322536 0.106242 0.000000 0.351061
0.448109 0.297656 0.288079 0.207383 0.246183 0.303684 0.263398 0.350335 0.073491 0.415795 0.387066 0.126305 0.327220 0.233762 0.212987 0.472758 0.216946 0.339363 0.204211 0.305507 0.084213 0.160858 0.259536 0.219653 0.491087 0.162732 0.483435 0.283334 0.250163 0.104709 0.250214 0.257850 0.294142 0.214374 0.187800 0.062188 0.256727 0.337407 0.148199 0.244270 0.122176 0.160581 0.051797 0.120602 0.224878 0.065178 0.200046 0.168083 0.161426 0.325755 0.185819 0.207949 0.435850 0.233901 0.287600 0.204333 0.282206 0.142434 0.284308 0.173536 0.085812 0.083583 0.347350
0.304383 0.348499 0.123918 0.114244 0.346856 0.222173 0.085067 0.341658 0.134925 0.111268 0.237792 0.000000 0.446921 0.412278 0.302935 0.346848 0.103557 0.279880 0.349955 0.158494 0.330133 0.227665 0.151753 0.107328 0.451774 0.154299 0.302522 0.191260 0.243936 0.251435 0.156688 0.242665 0.176499 0.251867 0.412989 0.232113 0.150598 0.271462 0.184014 0.141701 0.017680 0.517057 0.409566 0.234195 0.065093 0.138946 0.280719 0.278675 0.408778 0.330740 0.366874 0.129766 0.338748 0.116008 0.287072 0.065007 0.360424 0.162625 0.301343 0.459287 0.377683 0.130588 0.356319
0.461435 0.220570 0.181009 0.159147 0.263107 0.227099 0.348203 0.284725 0.184575 0.188476 0.330460 0.288544 0.430536 0.245926 0.226524 0.265801 0.374728 0.296471 0.230992 0.219138 0.326305 0.117134 0.131334 0.202511 0.415777 0.130095 0.246247 0.169163 0.336256 0.005740 0.136134 0.217700 0.104882 0.248235 0.317845 0.328077 0.278634 0.000000 0.318176 0.179792 0.364160 0.038260 0.194433 0.267821 0.153523 0.390727 0.335072 0.327835 0.144142 0.353810 0.167804 0.487312 0.418453 0.380088 0.102763 0.416290 0.041663 0.247053 0.159179 0.284828 0.512145 0.363204 0.246666
0.259278 0.215920 0.349902 0.445946 0.251035 0.367932 0.339328 0.231889 0.090168 0.262045 0.409608 0.216553 0.419772 0.167679 0.131351 0.262176 0.304216 0.192632 0.102656 0.244993 0.109916 0.274889 0.130728 0.157771 0.165488 0.418383 0.218408 0.079058 0.110132 0.216917 0.198703 0.172314 0.149743 0.336484 0.163105 0.221563 0.042012 0.423651 0.269301 0.190550 0.132523 0.200954 0.073713 0.189987 0.265221 0.270077 0.122772 0.328600 0.299416 0.307808 0.332497 0.071758 0.296207 0.305012 0.272375 0.151148 0.313511 0.290506 0.172489 0.158775 0.257205 0.148772 0.264810
0.262825 0.502288 0.072118 0.284856 0.558916 0.341445 0.221124 0.137046 0.039933 0.086210 0.201005 0.161944 0.276774 0.097401 0.171999 0.142340 0.209337 0.309688 0.164986 0.000000 0.211923 0.109213 0.025811 0.000000 0.220954 0.307071 0.387410 0.234946 0.381223 0.272782 0.176860 0.251971 0.248556 0.277058 0.565492 0.307675 0.232850 0.343886 0.000000 0.461607 0.079760 0.191011 0.298322 0.358118 0.058110 0.104898 0.112850 0.261000 0.194308 0.289678 0.050713 0.186057 0.228452 0.036925 0.214687 0.071465 0.285996 0.374553 0.359999 0.216335 0.091625 0.525951 0.000000
0.134899 0.299314 0.213453 0.220828 0.234001 0.172237 0.115130 0.383430 0.250282 0.034482 0.524162 0.313768 0.170589 0.101575 0.243790 0.223135 0.103392 0.211161 0.532177 0.351010 0.200683 0.027893 0.248324 0.201111 0.200528 0.342532 0.314874 0.185020 0.094523 0.207540 0.516920 0.399732 0.251558 0.319700 0.171165 0.116311 0.276666 0.022632 0.325106 0.289860 0.073311 0.128492 0.200434 0.195278 0.464933 0.139809 0.379159 0.198154 0.083548 0.264030 0.075940 0.386847 0.232633 0.313085 0.105786 0.215887 0.061431 0.347350 0.174289 0.361807 0.302111 0.189282 0.454631
0.093189 0.255867 0.228272 0.335351 0.448726 0.360709 0.297381 0.137232 0.192331 0.256076 0.208111 0.308446 0.312201 0.379420 0.541357 0.160798 0.221175 0.400508 0.329252 0.376867 0.318697 0.387543 0.353106 0.232423 0.213862 0.099947 0.333675 0.417164 0.093083 0.237702 0.200177 0.451204 0.095997 0.319107 0.180630 0.366070 0.293149 0.375400 0.112452 0.113636 0.200679 0.241707 0.364842 0.208227 0.296397 0.162450 0.000000 0.253518 0.331876 0.240236 0.186290 0.523791 0.222755 0.209657 0.108864 0.255732 0.000000 0.240076 0.196908 0.431236 0.078480 0.360453 0.313774
0.255658 0.295945 0.311868 0.104861 0.380150 0.193818 0.067378 0.014109 0.284949 0.143248 0.235121 0.000000 0.108353 0.101764 0.235165 0.140334 0.413538 0.283651 0.243351 0.185632 0.232910 0.200023 0.280034 0.208440 0.236092 0.216722 0.277518 0.299344 0.000000 0.323957 0.173732 0.282090 0.206092 0.192729 0.375118 0.026985 0.150478 0.118538 0.291368 0.183976 0.127441 0.243834 0.266378 0.304864 0.315846 0.121089 0.282874 0.042796 0.221515 0.288335 0.319954 0.210350 0.139396 0.355390 0.202476 0.246522 0.371688 0.230922 0.045591 0.200476 0.207666 0.219976 0.287895
0.058824 0.012911 0.115480 0.205780 0.535879 0.252347 0.365051 0.213528 0.310679 0.421154 0.179577 0.063519 0.132942 0.324402 0.383002 0.119091 0.225235 0.192633 0.337905 0.302507 0.189701 0.269236 0.398807 0.242580 0.218721 0.080719 0.233656 0.193415 0.185631 0.208413 0.396281 0.354830 0.128421 0.215069 0.327685 0.300830 0.371837 0.254531 0.408787 0.360598 0.315073 0.394608 0.198878 0.312248 0.114692 0.172808 0.086492 0.346043 0.143439 0.220049 0.189357 0.226618 0.192635 0.325081 0.308808 0.028902 0.299577 0.244407 0.310280 0.176173 0.141307 0.245438 0.161320
0.053078 0.157733 0.097924 0.305682 0.362171 0.370377 0.240675 0.097042 0.367699 0.281960 0.334751 0.199990 0.277888 0.243083 0.268594 0.119493 0.238188 0.032933 0.436772 0.329217 0.342337 0.485158 0.461440 0.349938 0.436721 0.000000 0.002109 0.395999 0.365176 0.249529 0.285451 0.290253 0.265255 0.108255 0.201590 0.210560 0.257689 0.231116 0.075270 0.051270 0.283590 0.248617 0.442472 0.232072 0.109131 0.112875 0.290022 0.216354 0.267801 0.440018 0.518141 0.377653 0.119135 0.480302 0.185724 0.335758 0.192433 0.188340 0.064779 0.063003 0.147064 0.293441 0.351754
0.181715 0.259075 0.000000 0.237446 0.168147 0.371639 0.265817 0.270971 0.248596 0.068697 0.485612 0.258697 0.251912 0.251206 0.219109 0.000000 0.140896 0.401582 0.189507 0.045098 0.023760 0.407042 0.099220 0.125879 0.372053 0.399132 0.315457 0.167118 0.291605 0.244596 0.342323 0.140584 0.254971 0.238244 0.251617 0.244789 0.197141 0.276665 0.392449 0.129836 0.120727 0.406488 0.262373 0.301888 0.150360 0.358528 0.325088 0.344855 0.263600 0.343699 0.387855 0.293090 0.349973 0.001798 0.127569 0.186667 0.176006 0.216596 0.269591 0.245939 0.380895 0.085110 0.320357
0.040863 0.365135 0.275745 0.234930 0.285805 0.189809 0.090594 0.358406 0.318397 0.060702 0.211346 0.427145 0.207504 0.130499 0.389732 0.348209 0.281384 0.075418 0.192099 0.021974 0.229281 0.102269 0.254908 0.354846 0.304710 0.442241 0.323864 0.297082 0.412942 0.135991 0.304439 0.439395 0.353938 0.120767 0.276540 0.113877 0.168319 0.289303 0.063984 0.305354 0.279212 0.323583 0.159210 0.329484 0.279851 0.261304 0.109818 0.225803 0.272262 0.274746 0.301592 0.205240 0.145682 0.146658 0.109968 0.125869 0.066428 0.284815 0.508011 0.414426 0.087506 0.304502 0.358089
0.000000 0.183223 0.326935 0.230389 0.348454 0.089994 0.148250 0.394851 0.385534 0.223135 0.327073 0.243372 0.094223 0.030088 0.170783 0.116871 0.307271 0.066308 0.165856 0.102001 0.131037 0.374011 0.326866 0.207714 0.177605 0.169798 0.070362 0.131198 0.288986 0.245242 0.327086 0.174498 0.034763 0.055818 0.122532 0.147288 0.228645 0.271577 0.357690 0.189987 0.239555 0.004654 0.322068 0.173031 0.196604 0.245633 0.134450 0.235449 0.237446 0.546268 0.285392 0.114482 0.250494 0.387215 0.128665 0.382023 0.461673 0.017613 0.306283 0.205603 0.152232 0.379359 0.194894
0.210630 0.474782 0.130884 0.125772 0.163441 0.459167 0.194778 0.130378 0.319875 0.411066 0.271846 0.366395 0.384937 0.248282 0.295031 0.193123 0.412712 0.205849 0.393527 0.313078 0.266644 0.328477 0.315027 0.268353 0.355074 0.138578 0.156495 0.299142 0.408368 0.242934 0.414455 0.116042 0.313672 0.329031 0.248889 0.496998 0.269205 0.123450 0.287468 0.189668 0.361625 0.264876 0.273910 0.140192 0.222903 0.053551 0.282569 0.441118 0.261205 0.212492 0.108703 0.301629 0.207084 0.021103 0.237058 0.270856 0.339010 0.261583 0.252609 0.000000 0.290970 0.206776 0.181943
