DEPONS-master/data/CentralBaltic/prey0000_04.asc
NCOLS 400 
NROWS 400 
XLLCORNER 4750000.0 
YLLCORNER 3200000.0 
CELLSIZE 1000.0 
NODATA_value -9999 
[rows 280 to 307 of 400, columns 315 to 377 of 400]
0.286106 0.554753 0.688789 0.589422 0.619806 0.656138 0.322065 0.495164 0.436381 0.585746 0.233928 0.431285 0.287751 0.091087 0.399417 0.289909 0.344661 0.623429 0.589166 0.204824 0.723201 0.591336 0.344513 0.529860 0.527100 0.308735 0.439682 0.515823 0.651262 0.681123 0.652420 0.689007 0.629319 0.121772 0.536296 0.595778 0.381710 0.340788 0.614766 0.276949 0.472461 0.525328 0.612226 0.432788 0.384178 0.325223 0.718364 0.585335 0.656246 0.384377 0.588770 0.606159 0.759543 0.614596 0.776283 0.673484 0.416656 0.398853 0.548108 0.529160 0.442622 0.506358 0.896256
0.632897 0.494761 0.421800 0.451122 0.454203 0.290340 0.430817 0.558152 0.508238 0.338640 0.289379 0.225486 0.486889 0.613258 0.375759 0.601688 0.625642 0.166764 0.684297 0.197101 0.346208 0.748054 0.460652 0.446079 0.307116 0.734656 0.574710 0.434161 0.233237 0.385525 0.653494 0.212052 0.557210 0.397350 0.431034 0.495852 0.557834 0.485152 0.547422 0.420552 0.630875 0.485790 0.433738 0.141993 0.388505 0.309813 0.558774 0.621773 0.502216 0.677587 0.502329 0.447695 0.647077 0.372574 0.783984 0.722655 0.878130 0.356211 0.663634 0.721825 0.722485 0.837241 0.324527
0.475943 0.387075 0.153137 0.597189 0.294992 0.653293 0.537710 0.644632 0.523818 0.385429 0.222563 0.588563 0.605385 0.146772 0.184481 0.565548 0.387020 0.258947 0.481120 0.478515 0.405199 0.474623 0.438759 0.462254 0.618797 0.457497 0.433321 0.428048 0.294326 0.259808 0.530701 0.350775 0.614750 0.294966 0.611903 0.622517 0.397502 0.785384 0.263436 0.694915 0.462437 0.674735 0.463041 0.374170 0.319874 0.694201 0.510989 0.596375 0.557246 0.276877 0.356285 0.603144 0.535325 0.425713 0.501590 0.779380 0.748301 0.886352 0.718651 0.696460 0.633073 0.422878 0.777188
0.403247 0.283993 0.201554 0.434525 0.351007 0.699422 0.477598 0.766651 0.365758 0.358940 0.175015 0.446907 0.481338 0.426369 0.616558 0.280424 0.606918 0.136070 0.668436 0.854616 0.147094 0.251051 0.417893 0.500478 0.590333 0.426480 0.225892 0.622401 0.517978 0.419177 0.360490 0.406167 0.656838 0.409190 0.447350 0.436778 0.340403 0.415819 0.460106 0.310002 0.453582 0.596687 0.762321 0.683732 0.794673 0.145147 0.559003 0.715034 0.845524 0.308771 0.493727 0.702060 0.669949 0.692877 0.536625 0.476054 0.638148 0.585771 0.502681 0.504570 0.642829 0.735301 0.806797
0.217076 0.262502 0.591949 0.377141 0.450789 0.357166 0.305921 0.318079 0.493046 0.463102 0.368556 0.466800 0.455711 0.264758 0.421310 0.955845 0.323646 0.695745 0.598403 0.362625 0.539018 0.188023 0.293190 0.502887 0.755364 0.573625 0.703518 0.586600 0.611130 0.897363 0.627429 0.644702 0.403792 0.479977 0.450600 0.766976 0.650658 0.446630 0.563717 0.218181 0.420929 0.225091 0.390429 0.545422 0.853506 0.493888 0.417828 0.409933 0.560061 0.539960 0.735535 0.581968 0.475031 0.584733 0.806287 0.774080 0.649555 0.560333 0.495458 0.323182 0.584162 0.535866 0.761696
0.624171 0.578633 0.497215 0.128463 0.412501 0.434755 0.424660 0.830249 0.225713 0.368587 0.619129 0.560209 0.422558 0.214100 0.497357 0.553099 0.364042 0.430396 0.353313 0.672185 0.205194 0.314752 0.308325 0.621921 0.342477 0.423896 0.510922 0.504385 0.634399 0.191622 0.208786 0.438250 0.421477 0.427628 0.230017 0.508925 0.356015 0.247333 0.458898 0.476583 0.576701 0.777681 0.493318 0.671630 0.245041 0.861709 0.477669 0.548528 0.476189 0.739837 0.546575 0.692572 0.459833 0.656163 0.733809 0.604480 0.588766 0.478633 0.465071 0.484741 0.534161 0.788329 0.649391
0.412268 0.428944 0.654091 0.556894 0.510417 0.639963 0.570153 0.683963 0.543631 0.433624 0.604491 0.282763 0.510671 0.611122 0.131156 0.326777 0.334827 0.423706 0.316684 0.433809 0.423661 0.595676 0.498395 0.699339 0.278144 0.491704 0.603836 0.381701 0.423637 0.312047 0.460530 0.427282 0.528625 0.521493 0.693213 0.482444 0.714094 0.355205 0.646556 0.579201 0.666119 0.733705 0.424085 0.782568 0.601809 0.495646 0.451280 0.834469 0.609226 0.559452 0.441941 0.428989 0.393622 0.296842 0.730558 0.452670 0.562768 0.587296 0.738164 0.659601 0.364046 0.660060 0.442254
0.374044 0.448652 0.335757 0.628105 0.492446 0.605850 0.250897 0.630733 0.690773 0.402054 0.512339 0.488351 0.329749 0.556274 0.486459 0.500861 0.645493 0.261186 0.292567 0.631355 0.326445 0.707486 0.294312 0.444813 0.486011 0.771800 0.355908 0.434444 0.260239 0.534474 0.289997 0.486334 0.376502 0.648619 0.686244 0.410599 0.605156 0.502467 0.342354 0.571006 0.775051 0.406176 0.495203 0.521697 0.344660 0.842087 0.800296 0.864438 0.567735 0.869825 0.588199 0.299422 0.910305 0.821240 0.601968 0.657144 0.389985 0.707337 0.912884 0.692199 0.241265 0.549256 0.741409
0.614455 0.418243 0.517703 0.689292 0.220301 0.367726 0.494383 0.457227 0.640129 0.748750 0.496362 0.309531 0.577700 0.425151 0.584196 0.255540 0.660654 0.486099 0.310451 0.299372 0.697375 0.596642 0.824937 0.521590 0.612509 0.716942 0.390351 0.516662 0.177573 0.405101 0.617944 0.500517 0.443429 0.529467 0.271368 0.303272 0.363406 0.538870 0.379532 0.456791 0.503788 0.532339 0.266207 0.599730 0.429449 0.665962 0.375839 0.182184 0.746123 0.635235 0.663542 0.527983 0.570248 0.513846 0.397192 0.437681 0.890496 0.602169 0.422278 0.471720 0.500695 0.638683 0.650987
0.410848 0.837926 0.459923 0.412767 0.594152 0.633859 0.634414 0.625074 0.680646 0.620722 0.388786 0.621008 0.628625 0.416046 0.446073 0.572512 0.320768 0.487623 0.755315 0.250060 0.254804 0.294933 0.260920 0.472925 0.675409 0.396759 0.344074 0.707206 0.475018 0.556841 0.624404 0.584873 0.396349 0.466707 0.695803 0.740867 0.514819 0.536836 0.706077 0.342064 0.204239 0.760841 0.628853 0.562059 0.385984 0.699814 0.495939 0.837203 0.404230 0.850912 0.320094 0.663662 0.619051 0.444143 0.636806 0.596900 0.714597 0.764763 0.564813 0.440273 0.752517 0.448303 0.866908
0.516805 0.596406 0.533568 0.330312 0.598325 0.337448 0.280096 0.552487 0.468388 0.510990 0.393094 0.471164 0.401137 0.627756 0.456173 0.433073 0.082276 0.645638 0.515795 0.388554 0.288136 0.616872 0.217858 0.275030 0.527297 0.008079 0.469007 0.560670 0.392392 0.360708 0.544715 0.690921 0.373867 0.621356 0.485938 0.579843 0.533165 0.536507 0.490574 0.717075 0.426486 0.410042 0.498857 0.401267 0.298201 0.425287 0.249206 0.437663 0.504369 0.726554 0.576393 0.449106 0.644831 0.293471 0.732797 0.539224 0.752550 0.540679 0.629952 0.463550 0.673463 0.493303 0.857473
0.029699 0.527646 0.633429 0.347609 0.402352 0.345989 0.678443 0.359926 0.619613 0.441825 0.172932 0.292269 0.372379 0.650394 0.443408 0.451887 0.479579 0.178164 0.492795 0.226540 0.528629 0.383112 0.573599 0.668991 0.710531 0.613231 0.579619 0.638154 0.590118 0.203097 0.616084 0.382594 0.154236 0.640039 0.585560 0.438645 0.570141 0.780924 0.402583 0.736924 0.282900 0.419275 0.684283 0.314674 0.594390 0.792179 0.498585 0.248952 0.816151 0.585456 0.494033 0.719023 0.337368 0.618828 0.867997 0.805359 0.603736 0.505758 0.567440 0.456931 0.510757 0.646120 0.544466
0.702358 0.592457 0.712163 0.281542 0.595283 0.506248 0.447440 0.616588 0.302499 0.353361 0.566335 0.580691 0.499155 0.371654 0.193111 0.359605 0.535743 0.565117 0.507078 0.496423 0.543937 0.644287 0.585809 0.428988 0.334109 0.473101 0.504799 0.342109 0.385704 0.592760 0.696944 0.568804 0.377421 0.452840 0.690442 0.593024 0.602957 0.482729 0.710948 0.420902 0.726218 0.601584 0.645256 0.865599 0.344054 0.720114 0.755951 0.828941 0.663964 0.529085 0.538580 0.725395 0.235577 0.333170 0.502908 0.523174 0.547053 0.410076 0.463788 0.416812 0.666934 0.262620 0.733956
0.459539 0.566299 0.409479 0.499347 0.255127 0.138186 0.512582 0.613824 0.580830 0.366420 0.679812 0.627516 0.209413 0.512081 0.314037 0.255314 0.559527 0.710455 0.350727 0.314889 0.266619 0.323431 0.342145 0.659685 0.448375 0.588681 0.245667 0.343537 0.175487 0.451331 0.422397 0.489513 0.705846 0.480176 0.672432 0.394313 0.803172 0.356195 0.525103 0.476745 0.352555 0.373967 0.452117 0.608252 0.408029 0.431534 0.874147 0.544075 0.398340 0.680140 0.661439 0.589878 0.539509 0.723745 0.682433 0.695660 0.634782 0.498188 0.722060 0.782813 0.742470 0.792017 0.253879
0.664797 0.288624 0.452529 0.290138 0.448574 0.695469 0.856030 0.513541 0.632939 0.469354 0.627655 0.543769 0.509504 0.455403 0.175324 0.380201 0.517554 0.451157 0.669737 0.479046 0.527703 0.631015 0.455239 0.132143 0.421799 0.666934 0.337810 0.548257 0.584604 0.520734 0.510208 0.333766 0.593778 0.534483 0.652732 0.506817 0.410795 0.358312 0.706038 0.769155 0.618729 0.718070 0.713593 0.362207 0.604667 0.481393 0.609834 0.858421 0.555398 0.539834 0.722087 0.560958 0.541811 0.312887 0.940621 0.744859 0.772889 0.605347 0.514036 0.688648 0.602919 0.564077 0.811924
0.417205 0.482806 0.525791 0.467819 0.452379 0.035126 0.627661 0.246007 0.560171 0.293411 0.642737 0.792425 0.695432 0.104121 0.641664 0.602468 0.651547 0.568337 0.296446 0.302702 0.731071 0.448147 0.274509 0.496025 0.673563 0.131173 0.449803 0.503683 0.478300 0.473153 0.402477 0.453510 0.578794 0.235609 0.206364 0.418380 0.543358 0.601338 0.572560 0.531619 0.846017 0.432412 0.766482 0.849741 0.625687 0.450215 0.887999 0.323388 0.630168 0.498024 0.640538 0.669054 0.338514 0.796893 0.649959 0.510101 0.810277 0.716127 0.676324 0.827087 0.499660 0.990408 0.743162
0.289441 0.573687 0.484528 0.517061 0.465620 0.809097 0.453509 0.451931 0.628248 0.495321 0.692996 0.533967 0.559853 0.567051 0.701339 0.471187 0.391581 0.564941 0.600563 0.310330 0.523523 0.128692 0.777127 0.289212 0.211227 0.503800 0.451226 0.691939 0.387548 0.461142 0.414958 0.401053 0.624186 0.780884 0.325339 0.703275 0.494390 0.554740 0.908402 0.925114 0.616579 0.624954 0.471533 0.416023 0.327043 0.791849 0.638585 0.747910 0.331421 0.341682 0.470859 0.628685 0.614668 0.516658 0.447213 0.717948 0.332710 0.641250 0.586432 0.912316 0.406199 0.723221 0.645455
0.345169 0.313598 0.422951 0.616662 0.432188 0.590458 0.687665 0.392960 0.485725 0.332499 0.401217 0.529460 0.524625 0.355329 0.449053 0.590608 0.326736 0.269661 0.317189 0.795664 0.704426 0.478073 0.689365 0.314197 0.417558 0.467171 0.736150 0.239631 0.593163 0.432179 0.599135 0.479523 0.785671 0.667459 0.331010 0.742977 0.340806 0.311874 0.546249 0.644395 0.503959 0.656883 0.600551 0.472036 0.455601 0.507912 0.745220 0.626067 0.691828 0.820246 0.696161 0.576210 0.406942 0.675857 0.565269 0.457002 0.554643 0.375281 0.881111 0.691634 0.574107 0.659828 0.863919
0.209451 0.471312 0.391942 0.625628 0.450714 0.580570 0.495878 0.454019 0.322078 0.349040 0.325992 0.468244 0.478437 0.240385 0.529236 0.226384 0.361120 0.617492 0.794810 0.472050 0.245723 0.507696 0.489262 0.247593 0.246760 0.478358 0.592753 0.433101 0.384490 0.496102 0.534733 0.488815 0.373997 0.298013 0.662468 0.508244 0.652812 0.701830 0.542042 0.818740 0.425674 0.661859 0.380998 0.661979 0.362129 0.718443 0.306188 0.500218 0.801792 0.444620 0.353714 0.266549 0.663297 0.623645 0.333685 0.726960 0.631640 0.723240 0.660133 0.700608 0.764098 0.597147 0.396781
0.429587 0.462180 0.296786 0.707607 0.528313 0.414441 0.425817 0.429501 0.368233 0.569559 0.562780 0.453737 0.797541 0.486359 0.316515 0.232311 0.390519 0.403387 0.370848 0.688560 0.303289 0.630098 0.349803 0.539115 0.465922 0.690021 0.508329 0.811580 0.551300 0.592074 0.425143 0.602982 0.603833 0.787439 0.318472 0.452271 0.405652 0.415088 0.666257 0.500749 0.565407 0.777549 0.276237 0.658591 0.551693 0.343750 0.676748 0.640995 0.432707 0.329844 0.734664 0.928547 0.556903 0.490602 0.436418 0.621443 0.354478 0.408613 0.559438 0.549418 0.646026 0.575005 0.707767
0.213514 0.336989 0.540841 0.747436 0.512997 0.415013 0.270659 0.336704 0.422425 0.510701 0.316035 0.169165 0.617385 0.624737 0.560525 0.737417 0.481478 0.213130 0.537047 0.564174 0.459272 0.702273 0.274041 0.539606 0.477968 0.453918 0.462143 0.671116 0.300138 0.523806 0.209253 0.450717 0.557488 0.257498 0.752472 0.454958 0.639208 0.199358 0.660632 0.567088 0.375842 0.608319 0.572177 0.356522 0.585382 0.706984 0.855115 0.596766 0.270044 0.884060 0.644890 0.427631 0.471971 0.405272 0.651848 0.346497 0.420526 0.523969 0.474580 0.527919 0.695687 0.756724 0.547931
0.533407 0.266901 0.600618 0.318875 0.671114 0.499932 0.539584 0.602769 0.621010 0.428663 0.365106 0.805190 0.577499 0.410109 0.432484 0.616001 0.637860 0.347291 0.498719 0.416480 0.394823 0.320499 0.195672 0.185516 0.686909 0.178803 0.506297 0.570000 0.550537 0.388572 0.635190 0.677938 0.610821 0.680343 0.345095 0.621067 0.400425 0.236938 0.769535 0.794258 0.389373 0.561285 0.664627 0.526313 0.643206 0.598960 0.593942 0.556882 0.637214 0.464030 0.633121 0.325021 0.737332 0.588102 0.515448 0.446761 0.392595 0.657175 0.636236 0.544365 0.717944 0.476900 0.796924
0.253118 0.381201 0.429194 0.168138 0.148103 0.382234 0.204442 0.528138 0.372746 0.634331 0.573272 0.347222 0.612382 0.414492 0.416185 0.301618 0.563137 0.414204 0.369769 0.400923 0.370259 0.475890 0.596573 0.510126 0.480857 0.837209 0.416579 0.556196 0.274777 0.308921 0.350024 0.563114 0.422215 0.752191 0.523131 0.517067 0.258737 0.676603 0.810639 0.553526 0.533258 0.644579 0.329546 0.802853 0.820765 0.390505 0.490101 0.505826 0.745246 0.462220 0.618063 0.583866 0.499133 0.649091 0.394182 0.791272 0.634626 0.660683 0.642922 0.605218 0.554958 0.490861 0.458807
0.502341 0.365192 0.326481 0.657758 0.206548 0.154693 0.373959 0.400870 0.687411 0.421903 0.522996 0.779673 0.710147 0.450268 0.214816 0.509332 0.521854 0.749346 0.514697 0.658232 0.358332 0.625701 0.421951 0.447865 0.336904 0.379224 0.366636 0.378806 0.493082 0.307103 0.283050 0.500738 0.347569 0.594449 0.489859 0.587972 0.372250 0.309210 0.432130 0.405254 0.252637 0.437632 0.500121 0.491757 0.740995 0.569038 0.425575 0.452608 0.394369 0.618273 0.529314 0.642855 0.606112 0.635559 0.593988 0.374677 0.724545 0.847822 0.558857 0.692478 0.609021 0.470694 0.783122
0.318491 0.307215 0.358189 0.395589 0.369111 0.461813 0.725609 0.408208 0.545890 0.351661 0.405860 0.578427 0.476466 0.192454 0.583767 0.680204 0.368568 0.625964 0.273303 0.268074 0.352656 0.497838 0.342145 0.362982 0.632895 0.640927 0.272705 0.545457 0.561113 0.352367 0.381109 0.510956 0.533426 0.426415 0.380074 0.793944 0.549371 0.254628 0.197200 0.639686 0.462314 0.298474 0.350399 0.621341 0.572534 0.589755 0.673578 0.418573 0.559143 0.551607 0.696616 0.994106 0.626979 0.444604 0.456354 0.438663 0.520324 0.513571 0.689025 0.506627 0.949926 0.553195 0.652111
0.297374 0.388542 0.453769 0.459824 0.675354 0.279845 0.569926 0.466651 0.211046 0.334373 0.589098 0.316717 0.299630 0.488874 0.701780 0.346358 0.200252 0.552415 0.503891 0.520311 0.526031 0.325411 0.186328 0.446531 0.318607 0.397538 0.652404 0.669296 0.577743 0.488010 0.712110 0.575407 0.667229 0.629588 0.719305 0.572540 0.478576 0.413792 0.464859 0.549208 0.724284 0.403660 0.398981 0.590477 0.662956 0.812412 0.684142 0.726568 0.772833 0.582285 0.735277 0.475264 0.731591 0.899816 0.441634 0.555610 0.395510 0.728254 0.311712 0.499711 0.503649 0.702607 0.694577
0.568937 0.737376 0.571245 0.365823 0.316370 0.354840 0.296797 0.516825 0.329275 0.358494 0.588154 0.686830 0.262129 0.528572 0.308630 0.389726 0.480710 0.517713 0.602453 0.422289 0.480592 0.523061 0.298590 0.307763 0.496068 0.808811 0.547784 0.570298 0.309880 0.525546 0.612561 0.542143 0.240607 0.507455 0.631168 0.711742 0.439204 0.515213 0.727917 0.173771 0.392643 0.524506 0.609966 0.402801 0.384957 0.311644 0.368284 0.640141 0.540786 0.434383 0.568754 0.642170 0.711705 0.534570 0.747247 0.445081 0.876567 0.562077 0.354971 0.643256 0.817003 0.497519 0.710899
0.649696 0.549128 0.620035 0.345784 0.375926 0.548601 0.576229 0.343827 0.549734 0.347662 0.549819 0.686022 0.526254 0.513684 0.463441 0.499192 0.620564 0.318335 0.503359 0.282631 0.161143 0.651077 0.597276 0.804479 0.599515 0.267981 0.317561 0.559951 0.305178 0.746126 0.574532 0.480908 0.482843 0.586334 0.526395 0.612909 0.385039 0.550613 0.519075 0.666168 0.363988 0.463405 0.648786 0.663641 0.435671 0.507893 0.830480 0.689586 0.392763 0.446373 0.446733 0.531442 0.894904 0.697585 0.489514 0.662078 0.572213 0.477833 0.828548 0.300060 0.732301 0.728450 0.568288
