DEPONS-master/data/CentralBaltic/prey0000_02.asc
NCOLS 400 
NROWS 400 
XLLCORNER 4750000.0 
YLLCORNER 3200000.0 
CELLSIZE 1000.0 
NODATA_value -9999 
[rows 280 to 307 of 400, columns 126 to 188 of 400]
0.134843 0.394696 0.345286 0.188090 0.308096 0.204761 0.267847 0.492835 0.286941 0.307013 0.288081 0.262699 0.252194 0.040122 0.386212 0.191667 0.257127 0.471206 0.205026 0.305119 0.484866 0.296853 0.206253 0.288180 0.158370 0.358393 0.291122 0.260745 0.296199 0.402172 0.369099 0.217526 0.318154 0.287055 0.379173 0.135752 0.349956 0.027428 0.388175 0.386802 0.332699 0.219403 0.388314 0.094747 0.149119 0.446140 0.160842 0.187842 0.289884 0.320411 0.390936 0.303961 0.369031 0.198412 0.278711 0.262647 0.140392 0.450722 0.248202 0.309847 0.394721 0.116016 0.590327
0.268262 0.486005 0.116501 0.354670 0.246115 0.174971 0.272024 0.310045 0.499104 0.528765 0.262153 0.403801 0.332136 0.414210 0.328800 0.495341 0.214130 0.452551 0.364017 0.398273 0.196221 0.193857 0.215809 0.094883 0.304701 0.392027 0.180079 0.415714 0.357312 0.365251 0.000000 0.308849 0.230771 0.586164 0.244360 0.194894 0.406386 0.390302 0.373705 0.407194 0.382554 0.435775 0.385031 0.494015 0.510357 0.395650 0.076375 0.601688 0.459329 0.209240 0.363535 0.440600 0.195064 0.554291 0.272294 0.152784 0.458212 0.308009 0.386344 0.345183 0.314241 0.193486 0.480081
0.373564 0.429648 0.075258 0.273329 0.164992 0.414050 0.401104 0.161726 0.068693 0.452787 0.134212 0.286249 0.271992 0.111868 0.373362 0.212863 0.418741 0.229924 0.366680 0.238622 0.159385 0.140147 0.321996 0.419635 0.150781 0.461485 0.421845 0.230850 0.427175 0.413355 0.239167 0.061708 0.462454 0.244328 0.231092 0.385196 0.572767 0.473636 0.536681 0.277804 0.430154 0.314661 0.356773 0.410286 0.437614 0.226086 0.441377 0.443598 0.460529 0.423561 0.309575 0.188423 0.613330 0.265549 0.329247 0.184721 0.185583 0.417709 0.274528 0.167222 0.296405 0.272822 0.487301
0.339208 0.097848 0.523875 0.236664 0.376658 0.499593 0.316062 0.422960 0.482917 0.160254 0.357362 0.529239 0.131255 0.268144 0.362237 0.231577 0.252317 0.288101 0.268002 0.220518 0.344735 0.220304 0.235107 0.193939 0.331825 0.134296 0.469878 0.535399 0.199584 0.206036 0.243573 0.429420 0.091060 0.259905 0.409736 0.310774 0.301660 0.300182 0.356036 0.024734 0.448952 0.391030 0.301381 0.131583 0.449791 0.000000 0.487524 0.246264 0.520408 0.127778 0.324836 0.345901 0.197282 0.400530 0.434417 0.229060 0.211320 0.093949 0.427203 0.277693 0.438212 0.320342 0.082673
0.098871 0.420086 0.086413 0.261317 0.279261 0.446483 0.594130 0.155551 0.386243 0.268857 0.185058 0.435162 0.633919 0.454944 0.460798 0.207023 0.608676 0.163406 0.323336 0.250090 0.550979 0.079556 0.262063 0.220908 0.359418 0.424876 0.163907 0.389459 0.253615 0.235070 0.157318 0.079754 0.000000 0.319701 0.295084 0.326433 0.181045 0.518527 0.202917 0.108529 0.245871 0.388702 0.353189 0.456135 0.319347 0.355093 0.323196 0.377034 0.277109 0.498807 0.135312 0.244150 0.511219 0.347246 0.208297 0.192551 0.365002 0.342208 0.466587 0.425772 0.477124 0.293636 0.250404
0.410311 0.306152 0.401839 0.153689 0.242798 0.249721 0.274694 0.384765 0.196614 0.190760 0.333747 0.338816 0.251692 0.228238 0.413898 0.131726 0.330065 0.172111 0.335538 0.428236 0.245345 0.121690 0.056524 0.263949 0.236055 0.000055 0.250652 0.177484 0.477273 0.340634 0.141702 0.248969 0.320824 0.466934 0.418048 0.342313 0.213670 0.402057 0.256249 0.332252 0.129682 0.251032 0.283737 0.000000 0.400515 0.299661 0.213930 0.107633 0.065678 0.633872 0.285682 0.359380 0.307744 0.384755 0.324139 0.172637 0.277400 0.128898 0.304705 0.154323 0.144237 0.373768 0.117045
0.339963 0.351965 0.395580 0.000000 0.413840 0.127681 0.533632 0.174254 0.494634 0.407731 0.500979 0.274969 0.091679 0.117698 0.353384 0.097176 0.488380 0.142436 0.409625 0.250119 0.381687 0.422952 0.285486 0.108693 0.518414 0.185353 0.395938 0.498925 0.277203 0.350525 0.378173 0.349893 0.268292 0.260518 0.515179 0.414728 0.375252 0.407137 0.408092 0.418921 0.209841 0.221107 0.335777 0.413515 0.268090 0.219136 0.517803 0.260441 0.166670 0.501542 0.203206 0.533275 0.000000 0.453564 0.243038 0.328467 0.236189 0.250336 0.025246 0.263393 0.117901 0.345217 0.000000
0.282262 0.211642 0.524912 0.313327 0.332946 0.367505 0.334267 0.006118 0.220745 0.282338 0.502221 0.153856 0.449257 0.398830 0.534011 0.402295 0.206441 0.316284 0.356024 0.373142 0.315341 0.226573 0.202298 0.191429 0.462424 0.216256 0.368993 0.332746 0.357206 0.347231 0.576670 0.397989 0.332239 0.455900 0.519508 0.367636 0.260503 0.323527 0.261968 0.298397 0.191091 0.256957 0.274458 0.276594 0.269717 0.407282 0.201701 0.199377 0.379431 0.322046 0.160184 0.737848 0.281569 0.249448 0.378925 0.319469 0.485848 0.400640 0.330817 0.429044 0.024446 0.513010 0.152378
0.255501 0.378333 0.485311 0.313023 0.400950 0.206076 0.190808 0.088653 0.398438 0.183288 0.179724 0.330633 0.409003 0.422882 0.427570 0.091812 0.504449 0.240254 0.434990 0.324027 0.078662 0.279062 0.468024 0.417291 0.194379 0.107194 0.072060 0.313230 0.378711 0.352002 0.293548 0.253652 0.122027 0.105171 0.033913 0.362378 0.449429 0.240616 0.544884 0.232917 0.403527 0.277340 0.233943 0.252876 0.564453 0.156745 0.348015 0.320125 0.043262 0.388189 0.389456 0.386011 0.379983 0.425306 0.394198 0.556620 0.258127 0.236554 0.439122 0.171859 0.396505 0.307025 0.449701
0.405818 0.266341 0.380095 0.208178 0.123754 0.434168 0.275161 0.356132 0.407701 0.215333 0.504730 0.234623 0.359828 0.327302 0.308209 0.292397 0.508191 0.219148 0.360731 0.174322 0.128539 0.326969 0.427291 0.173202 0.329872 0.208204 0.474210 0.409138 0.247434 0.510124 0.432807 0.280184 0.241879 0.270292 0.185514 0.287692 0.234480 0.314467 0.351188 0.099336 0.459101 0.211589 0.437916 0.306486 0.544323 0.428138 0.321479 0.302945 0.484628 0.360166 0.300108 0.196696 0.228883 0.371687 0.414679 0.258827 0.321611 0.377300 0.210229 0.347331 0.356251 0.384605 0.383939
0.378237 0.584638 0.340565 0.331571 0.220269 0.186342 0.220885 0.421153 0.258012 0.295727 0.311542 0.254118 0.357418 0.297027 0.149128 0.008834 0.044288 0.213627 0.330390 0.503890 0.208086 0.333813 0.070548 0.381474 0.306576 0.568334 0.284809 0.372438 0.421882 0.251464 0.228863 0.399587 0.520938 0.568046 0.241342 0.049301 0.524612 0.431377 0.316872 0.480546 0.356684 0.222158 0.639791 0.162551 0.324414 0.407308 0.165919 0.335406 0.408898 0.556675 0.241355 0.402858 0.112866 0.287030 0.291287 0.284650 0.233119 0.362549 0.365787 0.143929 0.158492 0.302778 0.239030
0.395900 0.203264 0.401645 0.179769 0.208824 0.375133 0.140771 0.222732 0.503498 0.430842 0.476274 0.357847 0.331235 0.378925 0.441822 0.093260 0.037153 0.332216 0.385280 0.268786 0.483982 0.325417 0.293285 0.238179 0.108445 0.188290 0.367243 0.372969 0.302490 0.485133 0.500400 0.532987 0.318911 0.321146 0.474307 0.422917 0.252483 0.429779 0.441355 0.181608 0.230486 0.416334 0.445598 0.219880 0.372087 0.460638 0.634442 0.398019 0.468622 0.145887 0.336439 0.397306 0.208635 0.268031 0.304925 0.322581 0.255130 0.355985 0.254096 0.119344 0.525791 0.345656 0.414994
0.318015 0.137846 0.119005 0.223722 0.439999 0.175286 0.319773 0.273218 0.185508 0.409752 0.184916 0.244960 0.232766 0.118603 0.237616 0.347664 0.076304 0.083222 0.164467 0.303747 0.411736 0.418884 0.648366 0.167228 0.455638 0.531886 0.131851 0.404564 0.324614 0.141802 0.080477 0.096056 0.395417 0.371813 0.348582 0.234830 0.437635 0.417889 0.417984 0.419787 0.195630 0.645505 0.393819 0.331956 0.153606 0.207750 0.430320 0.217574 0.460380 0.409124 0.154690 0.371778 0.190150 0.043178 0.219387 0.069845 0.198508 0.238185 0.267343 0.271986 0.207331 0.214692 0.244444
0.192510 0.281702 0.359785 0.243817 0.182811 0.134871 0.199797 0.280692 0.129582 0.319481 0.150583 0.182282 0.342864 0.265560 0.169914 0.276043 0.287692 0.427147 0.267813 0.260205 0.431881 0.509860 0.466828 0.340171 0.229468 0.411070 0.289108 0.297069 0.204843 0.268233 0.533185 0.263131 0.407239 0.368575 0.104320 0.235994 0.309188 0.245095 0.294533 0.203713 0.209586 0.160768 0.303765 0.227200 0.193712 0.324562 0.266540 0.214208 0.147842 0.243915 0.474992 0.347269 0.343943 0.425279 0.399364 0.479676 0.298762 0.381489 0.419984 0.155597 0.546817 0.600001 0.461713
0.530352 0.318076 0.375931 0.329542 0.361605 0.117823 0.229195 0.296521 0.052876 0.181450 0.174694 0.370786 0.314104 0.252146 0.225376 0.319671 0.229961 0.229475 0.250265 0.373591 0.426484 0.266472 0.193274 0.178491 0.155321 0.493599 0.248018 0.145528 0.328664 0.495280 0.391957 0.182940 0.363888 0.275880 0.262393 0.263533 0.284219 0.474609 0.552180 0.049120 0.523449 0.247752 0.448710 0.493982 0.432686 0.153329 0.209361 0.491255 0.311138 0.331902 0.338096 0.287989 0.493178 0.244039 0.367321 0.227020 0.150348 0.164845 0.245444 0.400920 0.305764 0.371593 0.229084
0.379905 0.282558 0.218633 0.123022 0.217609 0.456824 0.377277 0.299240 0.378913 0.337293 0.299287 0.287269 0.438893 0.016766 0.342204 0.517706 0.384142 0.230217 0.427840 0.508837 0.571647 0.450173 0.273297 0.289052 0.265110 0.107593 0.164288 0.342097 0.382849 0.423910 0.381471 0.277787 0.423250 0.180212 0.230435 0.381292 0.376605 0.338556 0.387922 0.219675 0.334625 0.509113 0.456061 0.401152 0.333486 0.415593 0.368544 0.251517 0.523579 0.324975 0.124724 0.268662 0.096952 0.094305 0.361995 0.056736 0.457457 0.252036 0.388857 0.540408 0.392713 0.227946 0.149198
0.384189 0.464103 0.193998 0.222278 0.223496 0.296228 0.238198 0.360351 0.207229 0.135421 0.335885 0.285816 0.269373 0.210502 0.203185 0.220141 0.260744 0.369519 0.135343 0.303962 0.420937 0.426059 0.164330 0.527144 0.411738 0.392098 0.175129 0.219657 0.399159 0.128711 0.352640 0.508257 0.354977 0.159721 0.293414 0.342869 0.481402 0.208006 0.540268 0.217828 0.194735 0.073569 0.484037 0.354542 0.463595 0.180139 0.185843 0.316166 0.323539 0.154476 0.371340 0.318768 0.425155 0.435331 0.431551 0.211872 0.430452 0.395352 0.264375 0.220573 0.156363 0.418913 0.379544
0.272055 0.198868 0.481850 0.350078 0.312650 0.289313 0.479974 0.167249 0.534220 0.170025 0.065979 0.309410 0.324735 0.446142 0.391736 0.273376 0.169791 0.285726 0.359942 0.441740 0.200562 0.142982 0.002626 0.508946 0.491690 0.446895 0.215972 0.250930 0.221119 0.360633 0.207149 0.184880 0.238975 0.378061 0.467371 0.577539 0.415342 0.345461 0.206234 0.328012 0.379700 0.255583 0.266078 0.542198 0.244369 0.405412 0.427532 0.408517 0.481744 0.452168 0.436024 0.188116 0.094365 0.133662 0.327204 0.319100 0.217014 0.327309 0.107251 0.391785 0.238526 0.487659 0.333376
0.476514 0.318636 0.366780 0.294334 0.090216 0.119284 0.207547 0.129462 0.454464 0.545163 0.388474 0.154890 0.517842 0.258052 0.420645 0.441552 0.348180 0.241432 0.256215 0.347153 0.441769 0.465067 0.248042 0.441414 0.182928 0.458294 0.400936 0.063319 0.460086 0.424489 0.095684 0.144463 0.000000 0.492257 0.396575 0.253468 0.300474 0.164306 0.142441 0.240342 0.247521 0.142111 0.278558 0.247876 0.346814 0.239025 0.385832 0.486972 0.232353 0.387934 0.383196 0.178240 0.282952 0.288714 0.360885 0.320917 0.440314 0.521379 0.586138 0.459987 0.192251 0.273582 0.183531
0.127590 0.612023 0.173389 0.379759 0.000000 0.072224 0.330063 0.366730 0.274647 0.337457 0.115172 0.420137 0.326594 0.383280 0.382612 0.264528 0.239924 0.504099 0.055488 0.220517 0.299428 0.357684 0.357278 0.407387 0.000000 0.487926 0.367892 0.204127 0.343137 0.327329 0.436010 0.348833 0.388419 0.480885 0.500632 0.242114 0.338829 0.336254 0.335123 0.371543 0.421971 0.096445 0.211323 0.389335 0.127439 0.301121 0.224082 0.438112 0.375953 0.317257 0.119981 0.167707 0.359884 0.411400 0.367699 0.298321 0.408513 0.192061 0.105926 0.065329 0.287719 0.270392 0.070284
0.354795 0.367758 0.372226 0.543852 0.386796 0.379003 0.426426 0.350074 0.564811 0.465932 0.262023 0.409005 0.139307 0.490363 0.429130 0.269915 0.439822 0.333238 0.262377 0.038548 0.080582 0.307777 0.313017 0.172256 0.056570 0.677990 0.287182 0.105818 0.371911 0.379061 0.145991 0.408567 0.358677 0.487995 0.333667 0.376232 0.464637 0.491499 0.193189 0.367168 0.313154 0.491280 0.448808 0.415469 0.444386 0.249978 0.320576 0.358527 0.359675 0.443976 0.417657 0.496836 0.372091 0.350149 0.259954 0.159045 0.273643 0.445031 0.171939 0.502087 0.205340 0.424468 0.237856
0.300023 0.488191 0.332316 0.482705 0.203993 0.466444 0.438266 0.192876 0.372441 0.048231 0.153694 0.229704 0.351378 0.262155 0.474419 0.062201 0.357017 0.385350 0.607234 0.250158 0.337679 0.361477 0.386113 0.454518 0.307181 0.125035 0.386479 0.613043 0.349429 0.366571 0.255860 0.327843 0.116634 0.354631 0.510580 0.430146 0.285723 0.208018 0.355705 0.475933 0.394627 0.101288 0.167977 0.367903 0.124135 0.011234 0.165629 0.454046 0.214242 0.403399 0.332588 0.177589 0.296770 0.456487 0.491450 0.463728 0.279000 0.621084 0.309223 0.419203 0.204801 0.333593 0.087686
0.159104 0.342228 0.112602 0.407405 0.206662 0.303983 0.015688 0.327942 0.279053 0.107555 0.505111 0.443096 0.529960 0.151577 0.365923 0.319244 0.534084 0.254787 0.384469 0.547515 0.415576 0.082714 0.313573 0.267016 0.129387 0.377900 0.195634 0.088705 0.234517 0.325362 0.258412 0.269271 0.403330 0.091186 0.502935 0.537210 0.471500 0.439832 0.199518 0.000000 0.531029 0.359172 0.098431 0.277761 0.306258 0.344774 0.410338 0.369313 0.406563 0.325020 0.440478 0.213161 0.158193 0.382356 0.427992 0.189810 0.234701 0.189240 0.349403 0.420817 0.353438 0.199940 0.419467
0.277170 0.183727 0.233155 0.073181 0.000000 0.273208 0.274296 0.063474 0.382621 0.264802 0.227172 0.264808 0.384802 0.212625 0.330502 0.193349 0.442516 0.287949 0.334101 0.187015 0.194753 0.222598 0.198515 0.374554 0.546475 0.444252 0.433468 0.340863 0.490114 0.000000 0.244661 0.261379 0.343287 0.287748 0.277583 0.180912 0.222757 0.306568 0.358844 0.489353 0.179815 0.217136 0.276125 0.413358 0.112288 0.289985 0.328461 0.281539 0.166082 0.347736 0.281576 0.393623 0.317588 0.238573 0.115110 0.042712 0.249257 0.249791 0.208102 0.228616 0.281804 0.224865 0.276912
0.212591 0.251759 0.278232 0.320653 0.436307 0.327007 0.361579 0.463065 0.012286 0.510204 0.227069 0.128056 0.335934 0.240071 0.115570 0.230613 0.544666 0.383129 0.193866 0.465765 0.272964 0.429010 0.387192 0.182266 0.285020 0.407180 0.468081 0.430353 0.317139 0.562776 0.386729 0.405811 0.512665 0.245011 0.421911 0.338272 0.134496 0.210904 0.293246 0.440377 0.355730 0.167245 0.294969 0.452245 0.274144 0.224678 0.353928 0.176331 0.421894 0.444434 0.240538 0.280692 0.124077 0.197031 0.371460 0.448028 0.132521 0.393134 0.379563 0.505956 0.410009 0.188771 0.312920
0.320524 0.127682 0.324652 0.434504 0.374750 0.347621 0.411796 0.299186 0.444876 0.070183 0.296664 0.169035 0.228834 0.220579 0.315520 0.341558 0.408893 0.374784 0.210820 0.245479 0.283741 0.143672 0.329758 0.194122 0.339096 0.173452 0.355803 0.422093 0.213670 0.227962 0.348583 0.486570 0.279765 0.136191 0.357978 0.060393 0.207009 0.293410 0.236262 0.403594 0.373297 0.337238 0.383879 0.336410 0.299325 0.283306 0.211702 0.250372 0.309239 0.488786 0.379386 0.236236 0.402758 0.127943 0.191330 0.323781 0.269824 0.310012 0.625295 0.382919 0.333341 0.370049 0.275833
0.457278 0.152163 0.382447 0.259289 0.315213 0.261410 0.175544 0.341449 0.368078 0.198761 0.424751 0.293899 0.189958 0.359676 0.303769 0.275832 0.336987 0.191469 0.433403 0.259658 0.319320 0.236593 0.319068 0.383701 0.305858 0.264739 0.318788 0.428932 0.371642 0.288470 0.386161 0.339437 0.358188 0.410746 0.100055 0.352167 0.254027 0.338367 0.378396 0.061362 0.417879 0.093523 0.249828 0.285961 0.154536 0.000000 0.385660 0.291144 0.234342 0.302177 0.276843 0.403180 0.259940 0.161496 0.411218 0.286392 0.390185 0.315768 0.372866 0.226693 0.242535 0.600785 0.348564
0.302343 0.299749 0.309644 0.121403 0.613904 0.187120 0.572564 0.171104 0.204266 0.342205 0.298154 0.163639 0.377261 0.340944 0.356378 0.232579 0.075535 0.245499 0.205998 0.316598 0.399480 0.260308 0.115135 0.316246 0.203892 0.277110 0.293481 0.491775 0.368000 0.281133 0.143603 0.317266 0.240679 0.342581 0.177891 0.372703 0.510113 0.428734 0.251239 0.280106 0.439057 0.421993 0.269611 0.530389 0.191102 0.128201 0.103354 0.372213 0.209121 0.490766 0.498488 0.158254 0.275501 0.297697 0.351801 0.014145 0.282618 0.311225 0.307650 0.258341 0.148931 0.412190 0.254641
