DEPONS-master/data/CentralBaltic/prey0000_02.asc
NCOLS 400 
NROWS 400 
XLLCORNER 4750000.0 
YLLCORNER 3200000.0 
CELLSIZE 1000.0 
NODATA_value -9999 
[rows 252 to 279 of 400, columns 252 to 314 of 400]
0.290312 0.431066 0.201967 0.180041 0.473860 0.351354 0.267930 0.416223 0.164458 0.457124 0.404334 0.139197 0.330803 0.264610 0.277334 0.265538 0.272795 0.289134 0.357853 0.072315 0.428525 0.469085 0.172433 0.273007 0.328746 0.193697 0.088940 0.196815 0.298035 0.421408 0.522479 0.249403 0.225929 0.205602 0.133888 0.233973 0.462323 0.273418 0.386191 0.242195 0.326266 0.445472 0.168582 0.126213 0.484124 0.231088 0.432639 0.424670 0.328538 0.194527 0.211174 0.370109 0.133998 0.334756 0.537404 0.094086 0.196841 0.355268 0.425058 0.304460 0.333118 0.092023 0.312754
0.304041 0.315229 0.511999 0.373026 0.381102 0.249276 0.431844 0.360083 0.263634 0.377347 0.301417 0.067270 0.186627 0.403660 0.258181 0.204449 0.384127 0.249681 0.389339 0.450858 0.162774 0.434603 0.323795 0.403730 0.430090 0.186366 0.444347 0.410170 0.403701 0.589137 0.341013 0.161521 0.395459 0.343367 0.251803 0.218661 0.542994 0.179396 0.385682 0.448932 0.116933 0.278033 0.094009 0.479228 0.270616 0.452080 0.356311 0.305281 0.409257 0.333783 0.176565 0.386689 0.379714 0.115403 0.393840 0.346721 0.077274 0.397143 0.065081 0.350204 0.216027 0.277781 0.304453
0.363346 0.422169 0.147936 0.209260 0.224672 0.264389 0.213254 0.411983 0.267902 0.334717 0.242982 0.299567 0.338045 0.378096 0.541032 0.296097 0.157318 0.530223 0.461861 0.172479 0.362045 0.185698 0.439019 0.333170 0.304274 0.335323 0.421378 0.260702 0.295589 0.358235 0.406540 0.353860 0.438003 0.226800 0.348047 0.306729 0.440583 0.083076 0.309702 0.363095 0.211313 0.349625 0.308578 0.542592 0.213703 0.356935 0.370457 0.438630 0.375132 0.377271 0.488130 0.248704 0.220078 0.457500 0.054106 0.367366 0.217856 0.271198 0.496351 0.288224 0.109912 0.291296 0.265105
0.129890 0.374227 0.438915 0.287665 0.362717 0.403540 0.182675 0.415603 0.284199 0.406664 0.137198 0.508317 0.449223 0.372287 0.331366 0.121642 0.319595 0.199794 0.154400 0.513584 0.147152 0.438676 0.221011 0.291583 0.589168 0.255042 0.198637 0.373502 0.262371 0.299095 0.396755 0.216437 0.287858 0.276815 0.514579 0.319455 0.386003 0.255887 0.165156 0.427696 0.211818 0.320164 0.205190 0.301047 0.381201 0.363632 0.258080 0.138270 0.101776 0.250742 0.415770 0.532009 0.310281 0.358717 0.258668 0.219591 0.215486 0.379858 0.171868 0.067286 0.000000 0.335530 0.408563
0.389972 0.624033 0.196630 0.201314 0.378957 0.304816 0.374500 0.519031 0.059679 0.298059 0.418178 0.324709 0.194419 0.331700 0.261963 0.319938 0.084889 0.345021 0.472578 0.296511 0.468908 0.648541 0.396881 0.225285 0.490139 0.423141 0.295610 0.367590 0.422216 0.220828 0.479003 0.515927 0.395486 0.403089 0.247505 0.354219 0.142299 0.299644 0.283532 0.279243 0.291251 0.365157 0.235521 0.613517 0.575940 0.355874 0.180410 0.438726 0.000000 0.168058 0.077083 0.328169 0.549238 0.237243 0.421634 0.360183 0.225798 0.000000 0.109674 0.415103 0.272536 0.546635 0.368562
0.284914 0.264030 0.142040 0.568639 0.242036 0.137503 0.276167 0.343720 0.188966 0.273876 0.537054 0.453641 0.350288 0.273890 0.133045 0.507428 0.244717 0.199021 0.333031 0.349756 0.563281 0.216323 0.303739 0.436746 0.216362 0.489849 0.150333 0.313306 0.207222 0.237740 0.282416 0.323175 0.405686 0.436081 0.172725 0.289207 0.044707 0.585453 0.301829 0.302539 0.208798 0.319640 0.423933 0.203477 0.472863 0.406329 0.392700 0.235089 0.190857 0.200756 0.307653 0.329654 0.234447 0.176710 0.418830 0.478238 0.586886 0.168964 0.258941 0.276910 0.268078 0.113751 0.571952
0.521543 0.248400 0.429995 0.224844 0.519517 0.114688 0.188033 0.194760 0.198483 0.300109 0.503056 0.219560 0.215841 0.467021 0.165809 0.242373 0.298869 0.447187 0.115288 0.383229 0.168482 0.322083 0.278597 0.204579 0.266227 0.165621 0.283242 0.326547 0.243033 0.351916 0.481395 0.493936 0.253185 0.362079 0.261543 0.401736 0.265405 0.269098 0.204042 0.621928 0.436394 0.259605 0.501974 0.370526 0.173565 0.261133 0.094056 0.357027 0.374575 0.290387 0.264737 0.448145 0.276286 0.466513 0.433343 0.188326 0.323818 0.245944 0.190991 0.331415 0.270109 0.318833 0.183395
0.171612 0.417046 0.383590 0.152429 0.560356 0.336898 0.363171 0.113866 0.417443 0.386475 0.333703 0.369333 0.227907 0.238495 0.362757 0.440989 0.148770 0.107055 0.452661 0.356210 0.396131 0.123812 0.289134 0.465455 0.248100 0.326105 0.512558 0.437971 0.266925 0.106393 0.186120 0.334981 0.318689 0.447177 0.290147 0.284305 0.264649 0.266472 0.207512 0.255835 0.248338 0.200033 0.397303 0.254234 0.287940 0.262738 0.342652 0.361799 0.503377 0.196369 0.299745 0.501255 0.359413 0.199728 0.163562 0.415117 0.439996 0.162647 0.119635 0.416287 0.477420 0.394407 0.312710
0.392446 0.384320 0.398897 0.268495 0.041800 0.578181 0.166484 0.377874 0.367820 0.126132 0.489360 0.427910 0.065477 0.261428 0.416207 0.365473 0.368957 0.097393 0.332238 0.417025 0.121648 0.268659 0.303362 0.255117 0.397954 0.371658 0.379954 0.353076 0.257676 0.278137 0.298542 0.246948 0.052178 0.308175 0.403283 0.425416 0.135791 0.314062 0.280373 0.169015 0.406626 0.367200 0.292640 0.096861 0.174014 0.376924 0.232563 0.500641 0.405684 0.293735 0.249380 0.321270 0.129117 0.414887 0.100104 0.441694 0.448675 0.365507 0.381954 0.197480 0.154114 0.160203 0.406967
0.465253 0.479413 0.148670 0.350775 0.395911 0.312135 0.272324 0.436067 0.403276 0.257230 0.342380 0.270699 0.452755 0.331505 0.386334 0.486768 0.335004 0.575273 0.251076 0.452658 0.146749 0.123915 0.404336 0.488479 0.000000 0.282539 0.273686 0.514419 0.066779 0.378621 0.316119 0.303995 0.247319 0.183922 0.317451 0.117462 0.338634 0.104367 0.241498 0.535516 0.139319 0.262670 0.344412 0.513100 0.324184 0.333094 0.297385 0.464034 0.232591 0.251854 0.280800 0.450626 0.271222 0.272001 0.347176 0.349474 0.207967 0.126111 0.140945 0.403713 0.284796 0.541187 0.300717
0.460834 0.245178 0.127133 0.176566 0.110716 0.480560 0.598657 0.403517 0.077446 0.091647 0.344007 0.240220 0.498308 0.247977 0.163720 0.434191 0.451514 0.307955 0.287445 0.436551 0.502270 0.438835 0.174431 0.359740 0.215506 0.216403 0.488447 0.514664 0.389418 0.079216 0.281067 0.331185 0.145302 0.391519 0.362865 0.463711 0.117525 0.152072 0.290577 0.323564 0.276677 0.323683 0.241776 0.258918 0.177292 0.579220 0.044106 0.367087 0.367959 0.399670 0.474802 0.226864 0.226736 0.369736 0.188530 0.398524 0.343178 0.427740 0.454158 0.259670 0.326184 0.577285 0.480430
0.288896 0.252489 0.183734 0.357226 0.329363 0.405971 0.235438 0.313682 0.203303 0.379436 0.196250 0.309669 0.300707 0.385299 0.051783 0.186315 0.376203 0.269682 0.415929 0.371080 0.268128 0.320457 0.112466 0.281565 0.353762 0.496318 0.161722 0.472249 0.231098 0.423171 0.173702 0.223279 0.297800 0.098192 0.458430 0.352239 0.127980 0.415677 0.321882 0.241671 0.612793 0.310182 0.401941 0.657779 0.344250 0.288296 0.320997 0.171590 0.173249 0.381349 0.390596 0.427652 0.372637 0.204054 0.216094 0.295011 0.502392 0.356129 0.269245 0.431321 0.159652 0.238764 0.543433
0.617228 0.234668 0.162153 0.082965 0.485778 0.272565 0.395389 0.163658 0.233168 0.259177 0.476409 0.148160 0.406778 0.551458 0.171687 0.456148 0.320075 0.403663 0.215583 0.179562 0.330332 0.266141 0.241308 0.292250 0.272890 0.430244 0.323991 0.410983 0.336554 0.304805 0.404298 0.469746 0.233046 0.300816 0.551280 0.610632 0.403694 0.453694 0.401302 0.339246 0.146753 0.000000 0.268639 0.336258 0.186492 0.298616 0.247810 0.462179 0.210599 0.400214 0.366740 0.485545 0.188553 0.142255 0.124950 0.409642 0.291937 0.289905 0.056459 0.479248 0.408079 0.245701 0.300714
0.269458 0.564303 0.314997 0.369127 0.253230 0.187665 0.364974 0.386872 0.306603 0.257301 0.284976 0.204302 0.449596 0.244484 0.213525 0.413518 0.104685 0.376804 0.343397 0.315859 0.204063 0.246793 0.123444 0.440387 0.229853 0.345824 0.522574 0.240256 0.423159 0.435582 0.372726 0.565527 0.483882 0.305106 0.315345 0.127066 0.267424 0.321029 0.442934 0.294989 0.338489 0.220145 0.315967 0.297644 0.061578 0.290599 0.453021 0.292129 0.322119 0.458918 0.430050 0.227719 0.178485 0.160871 0.379075 0.240026 0.272856 0.132059 0.327430 0.509609 0.506875 0.166848 0.232938
0.137110 0.452341 0.142757 0.292064 0.143496 0.391954 0.353064 0.257052 0.193324 0.240894 0.143911 0.273814 0.316061 0.184033 0.154811 0.284514 0.340678 0.495302 0.332007 0.243307 0.391307 0.467845 0.101593 0.211481 0.328735 0.208352 0.214498 0.271839 0.224118 0.276151 0.164402 0.311503 0.164111 0.348654 0.370571 0.586919 0.465809 0.092086 0.234508 0.000955 0.258099 0.252672 0.284479 0.419805 0.333600 0.106675 0.532032 0.125599 0.404960 0.389735 0.450431 0.307118 0.178086 0.599277 0.293526 0.080833 0.402036 0.019281 0.216401 0.317426 0.289499 0.086878 0.253861
0.380274 0.283673 0.154899 0.469320 0.190917 0.358896 0.213342 0.183683 0.435289 0.418672 0.328884 0.394865 0.486578 0.035939 0.636539 0.310467 0.236961 0.219439 0.077970 0.020557 0.243507 0.364094 0.452544 0.179800 0.233846 0.367344 0.278243 0.250561 0.560477 0.262372 0.273966 0.228355 0.211087 0.147102 0.242076 0.288279 0.308995 0.269266 0.507181 0.319030 0.217017 0.235391 0.439413 0.233597 0.186574 0.351221 0.247522 0.345193 0.078757 0.310588 0.106900 0.128130 0.354926 0.479313 0.092024 0.262238 0.193312 0.468435 0.373044 0.287871 0.353255 0.407905 0.263074
0.538622 0.300956 0.215296 0.322070 0.226972 0.369873 0.317622 0.452867 0.270631 0.481879 0.140613 0.468517 0.433715 0.400782 0.093944 0.121202 0.329481 0.392327 0.431933 0.388360 0.301216 0.398502 0.355183 0.306041 0.251118 0.450170 0.243685 0.312941 0.280254 0.459777 0.205701 0.416374 0.362110 0.285064 0.393960 0.102024 0.056906 0.050453 0.206596 0.187995 0.149592 0.439935 0.363277 0.368652 0.662393 0.399459 0.294152 0.252885 0.142342 0.390338 0.140407 0.391575 0.250699 0.389820 0.230631 0.157472 0.327927 0.290512 0.380586 0.062124 0.500906 0.152531 0.110123
0.351525 0.328681 0.276449 0.253123 0.316019 0.236853 0.097258 0.361052 0.258602 0.335425 0.292299 0.350289 0.113407 0.369758 0.311348 0.350677 0.289009 0.326184 0.270346 0.000000 0.284827 0.433262 0.263745 0.175202 0.386953 0.347878 0.244512 0.316090 0.322315 0.422775 0.440715 0.152903 0.325962 0.154147 0.361482 0.139942 0.258558 0.064420 0.199942 0.290201 0.402556 0.165485 0.283436 0.312179 0.560829 0.384251 0.263143 0.532192 0.405694 0.312822 0.415171 0.108719 0.288940 0.148270 0.277362 0.258123 0.170682 0.181430 0.411083 0.080643 0.055551 0.429339 0.237813
0.418517 0.230934 0.359832 0.259641 0.288943 0.231406 0.072362 0.062542 0.336924 0.163489 0.504752 0.281259 0.340225 0.493158 0.474634 0.187233 0.239049 0.290355 0.269966 0.179343 0.471606 0.225786 0.269041 0.354904 0.610986 0.286411 0.362490 0.499141 0.247002 0.373014 0.505729 0.143961 0.290992 0.365697 0.355477 0.421667 0.104021 0.312695 0.159460 0.366089 0.204916 0.329507 0.296841 0.101149 0.527139 0.178821 0.288846 0.187848 0.537766 0.467689 0.286471 0.387595 0.468728 0.412798 0.258825 0.283407 0.304211 0.338732 0.264504 0.456817 0.582854 0.161288 0.190479
0.056538 0.296953 0.114811 0.256159 0.507995 0.117746 0.469020 0.076514 0.249502 0.400469 0.134203 0.338070 0.304778 0.636158 0.292791 0.330934 0.263720 0.404446 0.332041 0.358020 0.361179 0.206807 0.214628 0.288044 0.267364 0.553638 0.381922 0.556857 0.205265 0.344151 0.434946 0.216038 0.441727 0.414387 0.292852 0.178648 0.356442 0.352193 0.348303 0.070444 0.478410 0.203009 0.397340 0.198050 0.204934 0.076739 0.380991 0.071187 0.289356 0.170101 0.109316 0.287013 0.306413 0.387002 0.206941 0.371496 0.430870 0.330460 0.479690 0.215596 0.340708 0.388420 0.274501
0.198940 0.150714 0.164312 0.372061 0.195850 0.304546 0.431489 0.578047 0.320723 0.286986 0.294594 0.348399 0.135704 0.419830 0.419885 0.200132 0.292388 0.332002 0.390911 0.395497 0.487639 0.153372 0.234400 0.328713 0.388328 0.119718 0.318053 0.457814 0.315071 0.384087 0.429069 0.182111 0.513481 0.305871 0.323681 0.382657 0.203212 0.372143 0.447147 0.384973 0.177499 0.160041 0.295552 0.273296 0.357295 0.271152 0.187282 0.501477 0.222095 0.250523 0.427258 0.434119 0.385822 0.424566 0.189201 0.289683 0.295536 0.454568 0.149479 0.289810 0.215456 0.523324 0.297970
0.121962 0.199445 0.500941 0.135090 0.257774 0.086898 0.169966 0.535119 0.075648 0.030164 0.309469 0.503605 0.497196 0.084276 0.231945 0.251641 0.224716 0.389917 0.467777 0.318757 0.344180 0.279882 0.185678 0.090582 0.244158 0.243145 0.349193 0.372336 0.341939 0.270869 0.380309 0.061407 0.383461 0.220087 0.324222 0.216392 0.210346 0.347449 0.307310 0.246752 0.164610 0.195786 0.247952 0.435623 0.229257 0.238675 0.244653 0.377489 0.316600 0.566798 0.440832 0.334472 0.413758 0.496527 0.213884 0.225050 0.044155 0.345155 0.304281 0.700161 0.278023 0.196510 0.365398
0.266700 0.315590 0.295281 0.294947 0.226543 0.579987 0.222235 0.243807 0.553382 0.406720 0.012806 0.351299 0.148291 0.295308 0.445677 0.135889 0.398252 0.363010 0.179517 0.494801 0.326756 0.153987 0.171564 0.285721 0.232893 0.239392 0.310094 0.177274 0.272294 0.394583 0.394177 0.470073 0.292417 0.491177 0.194505 0.091901 0.281867 0.416196 0.419415 0.392887 0.350596 0.400386 0.215150 0.211666 0.403315 0.184273 0.366029 0.571172 0.366797 0.354378 0.377873 0.473625 0.430448 0.524357 0.454145 0.372875 0.488984 0.349272 0.129783 0.443206 0.144080 0.376072 0.540250
0.075320 0.457452 0.557982 0.188016 0.363423 0.303678 0.518708 0.343305 0.378636 0.379420 0.450920 0.168914 0.325977 0.404119 0.296179 0.332235 0.181826 0.349714 0.548884 0.247282 0.420869 0.436708 0.259759 0.252391 0.491741 0.169008 0.496015 0.253357 0.329754 0.331878 0.094439 0.539084 0.313272 0.189027 0.303455 0.171148 0.249553 0.456866 0.159297 0.408407 0.345786 0.365441 0.224864 0.409464 0.360124 0.080736 0.406651 0.494970 0.239571 0.377718 0.452827 0.353436 0.251241 0.560465 0.735394 0.328473 0.327877 0.288827 0.138512 0.318363 0.296731 0.306617 0.444908
0.265333 0.263621 0.356379 0.197594 0.211456 0.435467 0.372235 0.238966 0.471186 0.301144 0.551540 0.270144 0.337864 0.470415 0.151495 0.365543 0.093753 0.243880 0.416083 0.343110 0.241443 0.107045 0.364242 0.262875 0.214926 0.347693 0.118439 0.321383 0.438644 0.473512 0.286915 0.249278 0.233231 0.432021 0.337722 0.296825 0.141758 0.051509 0.406368 0.284591 0.229823 0.395969 0.360540 0.452555 0.530525 0.278258 0.346625 0.445463 0.470765 0.260003 0.130489 0.214591 0.260476 0.415652 0.220446 0.372591 0.583973 0.183104 0.306357 0.292859 0.420419 0.314456 0.324869
0.430548 0.490339 0.162419 0.338056 0.312407 0.233185 0.199309 0.135128 0.448436 0.231646 0.198243 0.341929 0.416448 0.177774 0.142720 0.299245 0.533840 0.282098 0.358686 0.403971 0.406019 0.149045 0.202375 0.303035 0.537535 0.511577 0.263407 0.155902 0.117230 0.170870 0.233186 0.293855 0.279551 0.291822 0.000000 0.204815 0.341303 0.425820 0.207928 0.571591 0.344878 0.188624 0.173072 0.218321 0.187321 0.533668 0.341409 0.241626 0.417317 0.086578 0.318701 0.198815 0.476653 0.187045 0.389140 0.334876 0.165076 0.211965 0.296473 0.503606 0.492418 0.261802 0.338625
0.255052 0.047052 0.380023 0.152463 0.265961 0.301269 0.126729 0.326624 0.499011 0.515610 0.140277 0.055114 0.452441 0.515413 0.541568 0.430385 0.371503 0.222190 0.215704 0.432947 0.350823 0.146138 0.498864 0.137506 0.400366 0.192872 0.540306 0.189686 0.094690 0.408457 0.284685 0.061176 0.190403 0.210338 0.316340 0.435799 0.294003 0.327192 0.314350 0.298196 0.214486 0.247066 0.205317 0.229026 0.621866 0.550295 0.512349 0.169074 0.398151 0.307615 0.415435 0.509639 0.282442 0.346141 0.234071 0.202885 0.364078 0.409602 0.344488 0.269470 0.193995 0.339270 0.253881
0.566018 0.255441 0.317897 0.249737 0.277327 0.374407 0.264939 0.224422 0.408506 0.313751 0.282313 0.170016 0.352367 0.067106 0.333581 0.289647 0.133756 0.376093 0.367335 0.252394 0.424937 0.359096 0.479989 0.514072 0.524014 0.181066 0.371019 0.348601 0.159412 0.365695 0.380017 0.132589 0.199443 0.238614 0.283502 0.475739 0.372302 0.334859 0.384187 0.209619 0.345167 0.571105 0.236870 0.300515 0.304026 0.390606 0.310590 0.020258 0.318818 0.341873 0.166700 0.402886 0.284115 0.424124 0.275028 0.388367 0.145312 0.400010 0.515449 0.014252 0.144675 0.326345 0.400434
