DEPONS-master/data/CentralBaltic/prey0000_02.asc
NCOLS 400 
NROWS 400 
XLLCORNER 4750000.0 
YLLCORNER 3200000.0 
CELLSIZE 1000.0 
NODATA_value -9999 
[rows 224 to 251 of 400, columns 126 to 188 of 400]
0.322632 0.368612 0.375760 0.354493 0.219797 0.203211 0.237924 0.089602 0.080599 0.396231 0.343753 0.451695 0.452322 0.372200 0.249264 0.383147 0.418573 0.180440 0.416284 0.119908 0.315740 0.423735 0.411919 0.272890 0.383107 0.279627 0.302812 0.460969 0.232470 0.157241 0.339273 0.427638 0.174198 0.565695 0.118372 0.147549 0.349882 0.264951 0.332864 0.192816 0.200991 0.066799 0.359504 0.439274 0.335721 0.262882 0.368621 0.123963 0.346457 0.353431 0.258753 0.267038 0.458168 0.327316 0.248763 0.210667 0.357009 0.471587 0.203634 0.333408 0.329996 0.333250 0.550348
0.390656 0.091584 0.424892 0.315109 0.496841 0.411884 0.367894 0.206934 0.410960 0.223205 0.119452 0.186317 0.251499 0.228785 0.447470 0.275296 0.548552 0.202001 0.291928 0.352127 0.138730 0.441353 0.296890 0.483322 0.520263 0.540850 0.397252 0.371588 0.390351 0.355269 0.330654 0.347779 0.451843 0.220532 0.362047 0.331364 0.399628 0.410317 0.333334 0.419354 0.263478 0.129188 0.607439 0.260153 0.433040 0.318284 0.133624 0.137773 0.346526 0.124144 0.193079 0.342818 0.317619 0.126637 0.089736 0.175063 0.268191 0.000000 0.573758 0.232399 0.271608 0.197124 0.203337
0.412134 0.384658 0.468435 0.260988 0.615122 0.005012 0.473120 0.277092 0.315759 0.270582 0.438775 0.324485 0.175951 0.321343 0.401420 0.285857 0.485692 0.561828 0.414527 0.112213 0.360443 0.367461 0.410716 0.398210 0.269123 0.196867 0.202620 0.407570 0.277866 0.112137 0.408244 0.240487 0.298596 0.409807 0.121300 0.302362 0.132020 0.149324 0.482969 0.626042 0.509281 0.237189 0.223839 0.430043 0.527351 0.163864 0.386650 0.434861 0.214921 0.272013 0.360141 0.324498 0.276658 0.295522 0.295184 0.284437 0.344878 0.378959 0.532283 0.524303 0.298040 0.202927 0.283213
0.573103 0.333453 0.117083 0.272343 0.320240 0.172782 0.373486 0.391779 0.342476 0.191660 0.516476 0.438300 0.542879 0.248615 0.218591 0.405986 0.403497 0.379337 0.266747 0.290083 0.305249 0.259058 0.308926 0.271431 0.075488 0.458324 0.302710 0.236946 0.156373 0.311590 0.268746 0.340938 0.330723 0.369738 0.586364 0.103884 0.217768 0.053013 0.355648 0.248229 0.303768 0.345009 0.127699 0.227294 0.303908 0.145328 0.379841 0.387192 0.524751 0.185305 0.215427 0.312687 0.290946 0.232934 0.437615 0.433541 0.359773 0.299827 0.465550 0.354922 0.644014 0.101894 0.405957
0.202856 0.255784 0.256234 0.465114 0.187749 0.277884 0.152739 0.297812 0.253563 0.315763 0.328778 0.444816 0.192639 0.233871 0.308100 0.200366 0.147169 0.244990 0.379666 0.104874 0.306363 0.256217 0.231632 0.193382 0.098687 0.256853 0.424414 0.442845 0.448347 0.393601 0.206234 0.095299 0.360280 0.437015 0.139711 0.337626 0.316263 0.270148 0.473556 0.262806 0.153870 0.408354 0.390167 0.488219 0.223360 0.366764 0.441086 0.235947 0.241616 0.260303 0.412489 0.130788 0.316391 0.416659 0.439155 0.299088 0.267926 0.362948 0.288364 0.435327 0.104357 0.371844 0.359266
0.307954 0.367570 0.387954 0.144218 0.491631 0.337845 0.182930 0.173461 0.309392 0.044390 0.049416 0.210626 0.093887 0.314598 0.359570 0.391870 0.503131 0.324859 0.341250 0.264207 0.389191 0.231574 0.482898 0.178928 0.246020 0.378600 0.308309 0.126142 0.174216 0.403997 0.424252 0.255946 0.374476 0.097597 0.000000 0.279511 0.372759 0.206554 0.226024 0.379414 0.153020 0.134386 0.565272 0.479463 0.275171 0.443436 0.165549 0.354194 0.371083 0.219036 0.160945 0.304477 0.381281 0.441910 0.338482 0.391947 0.264974 0.342132 0.280557 0.254919 0.331751 0.337019 0.303210
0.306975 0.045873 0.350407 0.147121 0.224451 0.345419 0.447798 0.276376 0.394276 0.380761 0.402923 0.002592 0.243469 0.284729 0.283068 0.253326 0.220994 0.341627 0.349221 0.440301 0.493764 0.351428 0.268895 0.497037 0.138086 0.036984 0.203190 0.266874 0.340343 0.294496 0.192453 0.311414 0.136882 0.322329 0.178972 0.313820 0.453727 0.331626 0.091755 0.412422 0.540259 0.331005 0.288730 0.409019 0.292293 0.380169 0.073767 0.349847 0.432853 0.112595 0.312076 0.187120 0.420409 0.521987 0.173704 0.154854 0.296762 0.106875 0.260735 0.475403 0.325000 0.260358 0.449744
0.459688 0.218143 0.405785 0.158739 0.132418 0.366573 0.486052 0.287513 0.339293 0.235954 0.248320 0.382745 0.409421 0.454636 0.349122 0.365456 0.348226 0.128401 0.492069 0.417194 0.143614 0.442143 0.289506 0.333275 0.290752 0.340789 0.395919 0.268335 0.400702 0.466426 0.333866 0.232802 0.288357 0.213376 0.297584 0.219438 0.384939 0.346931 0.332896 0.377792 0.464963 0.467535 0.474580 0.382151 0.340313 0.423136 0.373265 0.219989 0.336863 0.415159 0.170104 0.363652 0.355311 0.454584 0.232403 0.304718 0.465733 0.289265 0.133305 0.529090 0.319669 0.347313 0.112798
0.280657 0.315925 0.211050 0.588283 0.079622 0.404177 0.351736 0.261375 0.106185 0.231099 0.294254 0.535764 0.108369 0.365550 0.413090 0.133005 0.247468 0.389483 0.075145 0.349450 0.619108 0.011358 0.524232 0.161142 0.331657 0.079421 0.125761 0.299144 0.495244 0.310862 0.071934 0.322662 0.093141 0.292950 0.183689 0.334766 0.394459 0.270561 0.450917 0.076847 0.265858 0.638452 0.374273 0.464887 0.267480 0.118882 0.283523 0.536999 0.352091 0.382350 0.343230 0.377408 0.472397 0.129813 0.359191 0.366754 0.207024 0.372704 0.500571 0.279111 0.257480 0.337764 0.269809
0.494899 0.452008 0.080469 0.211704 0.431837 0.293203 0.167846 0.062906 0.384547 0.282679 0.119796 0.440299 0.379826 0.130022 0.311778 0.405582 0.186730 0.185225 0.390342 0.157873 0.096567 0.203700 0.334164 0.283881 0.328395 0.373477 0.472048 0.197147 0.214957 0.222226 0.246700 0.154947 0.192903 0.346793 0.254357 0.205565 0.334581 0.229069 0.214211 0.168581 0.272240 0.432642 0.277351 0.242117 0.203197 0.245080 0.440559 0.299377 0.397556 0.313270 0.368691 0.128264 0.271028 0.390297 0.310853 0.320308 0.177671 0.420049 0.393053 0.236857 0.226496 0.500534 0.447089
0.421887 0.302635 0.279110 0.319535 0.263219 0.562986 0.294035 0.276682 0.386632 0.112353 0.189748 0.293592 0.288428 0.146956 0.160460 0.550799 0.176443 0.180073 0.268910 0.053705 0.566896 0.252484 0.217757 0.316982 0.397966 0.338180 0.233061 0.002476 0.085066 0.294259 0.343772 0.410669 0.173280 0.463365 0.464775 0.352686 0.130194 0.368017 0.362993 0.177710 0.164483 0.330010 0.527828 0.415515 0.123568 0.419200 0.352499 0.352139 0.162094 0.293223 0.195915 0.048234 0.370025 0.399873 0.298390 0.137836 0.416643 0.368576 0.302599 0.145255 0.301972 0.208893 0.407982
0.196190 0.550891 0.179761 0.368154 0.274277 0.269980 0.219382 0.249473 0.307648 0.154439 0.348962 0.408638 0.413745 0.158190 0.347660 0.364299 0.453063 0.141684 0.091973 0.379446 0.213093 0.389534 0.504034 0.227485 0.310034 0.311212 0.255224 0.264939 0.373312 0.399311 0.253731 0.350776 0.100293 0.247930 0.151887 0.314645 0.214135 0.344077 0.225682 0.304722 0.409221 0.320661 0.385667 0.471871 0.275204 0.325672 0.310251 0.455689 0.460453 0.340146 0.341663 0.322789 0.298876 0.000000 0.402864 0.332948 0.350882 0.263540 0.156938 0.307044 0.237717 0.343486 0.435151
0.324254 0.433038 0.193167 0.413876 0.300645 0.239136 0.304989 0.151128 0.535967 0.042778 0.332240 0.190886 0.463353 0.308395 0.245437 0.434879 0.234176 0.461105 0.391521 0.149341 0.395391 0.331526 0.242471 0.117927 0.496128 0.341736 0.510190 0.504481 0.223111 0.424916 0.455200 0.339736 0.447404 0.192463 0.321662 0.202877 0.250873 0.344304 0.381506 0.451973 0.257253 0.509095 0.327507 0.314522 0.242709 0.300616 0.350045 0.263296 0.347409 0.337426 0.281940 0.221791 0.318085 0.193455 0.292798 0.183162 0.152165 0.306254 0.264944 0.266097 0.341107 0.213714 0.333633
0.225285 0.105699 0.202082 0.288511 0.291947 0.317061 0.397188 0.416618 0.000000 0.136922 0.487684 0.299534 0.378403 0.421160 0.461202 0.258876 0.433475 0.386712 0.208768 0.449308 0.289059 0.459056 0.082959 0.372321 0.059560 0.163431 0.346931 0.234164 0.146592 0.312782 0.443345 0.000000 0.272449 0.479932 0.297540 0.340009 0.240507 0.167318 0.526185 0.350705 0.120219 0.390530 0.000000 0.399070 0.361908 0.430739 0.361351 0.129203 0.461602 0.261536 0.429228 0.491094 0.371640 0.146699 0.356130 0.000000 0.008071 0.191602 0.406234 0.241858 0.177902 0.285059 0.439223
0.447016 0.344305 0.257005 0.261446 0.346167 0.205241 0.268230 0.301197 0.276699 0.519024 0.341835 0.196105 0.354707 0.065278 0.334722 0.191538 0.132647 0.325412 0.249717 0.357881 0.242925 0.125434 0.335253 0.228105 0.200760 0.010171 0.352827 0.388391 0.164656 0.273223 0.371612 0.363965 0.286268 0.195996 0.316816 0.086558 0.294941 0.250212 0.320235 0.372357 0.321514 0.464726 0.336165 0.381011 0.173147 0.473956 0.264507 0.346634 0.275341 0.313374 0.529180 0.446163 0.261283 0.017557 0.342295 0.374591 0.327691 0.261274 0.231143 0.203392 0.289147 0.390080 0.260642
0.311200 0.162306 0.110598 0.328287 0.282322 0.228394 0.121969 0.194771 0.088334 0.412568 0.268293 0.244042 0.415830 0.000000 0.285608 0.378646 0.521063 0.172925 0.300754 0.241881 0.389730 0.270227 0.444873 0.410547 0.285939 0.279798 0.409438 0.411692 0.385867 0.427151 0.230993 0.486913 0.694768 0.533449 0.502260 0.494510 0.247261 0.405348 0.102341 0.130311 0.172718 0.276301 0.158387 0.261205 0.232275 0.184707 0.245730 0.655846 0.452987 0.196372 0.301140 0.367977 0.120987 0.239914 0.211892 0.444178 0.280858 0.343893 0.022040 0.509228 0.365179 0.171521 0.373355
0.259826 0.470067 0.292303 0.217984 0.277731 0.186077 0.221645 0.213823 0.159339 0.139999 0.303161 0.348139 0.229727 0.137269 0.455778 0.141619 0.384733 0.461924 0.399078 0.172370 0.181134 0.167674 0.272972 0.043642 0.391455 0.364621 0.344926 0.467103 0.415078 0.473058 0.089480 0.453403 0.208782 0.437954 0.188214 0.298237 0.041811 0.017939 0.385200 0.512985 0.219443 0.094123 0.225484 0.545827 0.159457 0.360519 0.243072 0.172016 0.335831 0.286077 0.426358 0.394878 0.111644 0.464569 0.394873 0.319436 0.345833 0.287283 0.239334 0.163561 0.169220 0.323357 0.263319
0.651917 0.553870 0.275665 0.451560 0.164821 0.489459 0.216191 0.409946 0.272101 0.260955 0.308967 0.178808 0.148499 0.212544 0.547188 0.621692 0.476624 0.345147 0.453532 0.250699 0.410490 0.199838 0.239362 0.337778 0.404147 0.287201 0.414178 0.384727 0.179800 0.175505 0.105166 0.124382 0.161405 0.458344 0.376887 0.372582 0.467565 0.462528 0.352509 0.381520 0.318274 0.234780 0.448843 0.270091 0.422885 0.175048 0.017133 0.211045 0.323154 0.333928 0.022463 0.338850 0.318032 0.339875 0.486919 0.235657 0.122454 0.145660 0.358512 0.484566 0.358384 0.249192 0.339674
0.123974 0.308713 0.236991 0.222820 0.000000 0.355564 0.350179 0.436042 0.343920 0.216031 0.173383 0.241657 0.387192 0.634204 0.348508 0.123882 0.283800 0.389473 0.259262 0.279282 0.325570 0.145019 0.350465 0.359423 0.289080 0.335801 0.260476 0.219115 0.386968 0.249058 0.232797 0.198334 0.308524 0.422094 0.589345 0.209002 0.373047 0.413504 0.265011 0.242556 0.313116 0.195234 0.460263 0.212797 0.079519 0.018118 0.164169 0.238493 0.036583 0.247991 0.116967 0.235886 0.323524 0.251663 0.322940 0.377988 0.164704 0.185533 0.109069 0.176340 0.404687 0.387309 0.304327
0.441346 0.228473 0.338145 0.242034 0.440196 0.347887 0.213316 0.136933 0.241710 0.203355 0.458419 0.434236 0.496225 0.335860 0.302396 0.300264 0.201012 0.209404 0.488097 0.325894 0.269424 0.249270 0.293935 0.271884 0.000000 0.485329 0.171443 0.739850 0.402503 0.118530 0.382311 0.528164 0.533669 0.365512 0.361840 0.223228 0.229809 0.382601 0.469594 0.291027 0.188292 0.243728 0.335583 0.191546 0.502509 0.351808 0.081613 0.287348 0.169102 0.235710 0.482986 0.456554 0.135070 0.165950 0.258907 0.357724 0.146408 0.362843 0.340520 0.237322 0.259560 0.500435 0.291883
0.450893 0.267469 0.344118 0.121883 0.338160 0.514179 0.238771 0.310549 0.563056 0.165903 0.151682 0.375347 0.489896 0.411590 0.293551 0.276653 0.528002 0.305592 0.137997 0.469235 0.229969 0.261089 0.339753 0.151283 0.191436 0.008555 0.279970 0.206687 0.523266 0.258127 0.158396 0.576919 0.246038 0.260971 0.509223 0.268496 0.217907 0.354136 0.170617 0.446493 0.457600 0.327991 0.244416 0.222930 0.039670 0.352934 0.469629 0.350261 0.223327 0.366021 0.104248 0.297456 0.431459 0.010680 0.209508 0.395419 0.269877 0.210915 0.376875 0.566584 0.417768 0.332199 0.270681
0.391652 0.283072 0.354303 0.290111 0.295856 0.401093 0.159971 0.000000 0.185130 0.394296 0.330406 0.072799 0.400822 0.192202 0.294241 0.293102 0.437884 0.089673 0.041821 0.186164 0.189932 0.253625 0.180992 0.399802 0.262820 0.250326 0.397836 0.250140 0.353693 0.391120 0.280358 0.471255 0.030203 0.079346 0.423625 0.388079 0.195043 0.181738 0.260321 0.381762 0.230287 0.265338 0.394713 0.316791 0.291030 0.490809 0.249654 0.268074 0.330637 0.282925 0.330245 0.512499 0.285903 0.211912 0.163598 0.289273 0.374124 0.385418 0.414885 0.521753 0.133518 0.112474 0.443050
0.451833 0.249937 0.229141 0.160390 0.192944 0.233767 0.413068 0.256810 0.482318 0.167161 0.235040 0.294824 0.373681 0.309316 0.401363 0.355063 0.393074 0.520057 0.530828 0.525361 0.272331 0.226639 0.373804 0.326999 0.364317 0.410352 0.312324 0.347859 0.223593 0.422951 0.337186 0.510750 0.160248 0.405563 0.355615 0.183861 0.317875 0.407868 0.530883 0.362105 0.226705 0.326385 0.552752 0.547364 0.342908 0.247898 0.377468 0.153344 0.166972 0.000000 0.455542 0.334142 0.219697 0.232172 0.199038 0.226856 0.289046 0.307923 0.297532 0.481080 0.644323 0.464308 0.438033
0.344853 0.410140 0.342160 0.243655 0.407468 0.133916 0.302769 0.143043 0.303705 0.069545 0.607891 0.386577 0.328709 0.542706 0.200596 0.274805 0.516517 0.216439 0.535125 0.402171 0.387963 0.419800 0.278811 0.421289 0.393954 0.308873 0.348631 0.416694 0.112587 0.259219 0.243248 0.216902 0.332891 0.099144 0.375730 0.490267 0.487957 0.248436 0.356988 0.395831 0.266478 0.188627 0.333557 0.344137 0.508774 0.450943 0.328412 0.196326 0.461423 0.503644 0.229488 0.242861 0.268147 0.164323 0.243540 0.477761 0.278192 0.493606 0.511867 0.344214 0.337851 0.276780 0.468332
0.395295 0.311527 0.309990 0.187089 0.559382 0.224486 0.032315 0.272570 0.385281 0.462623 0.432059 0.314182 0.440072 0.347164 0.397904 0.254267 0.349984 0.192072 0.080644 0.270890 0.348283 0.247494 0.159040 0.384749 0.133128 0.186061 0.360024 0.438936 0.161847 0.369178 0.204012 0.251651 0.253174 0.368981 0.442393 0.352793 0.304052 0.460232 0.480310 0.644581 0.320673 0.308197 0.127626 0.307375 0.451476 0.260153 0.269934 0.290983 0.174653 0.333027 0.390607 0.371107 0.160225 0.247881 0.382787 0.444893 0.452802 0.474059 0.213944 0.330676 0.441122 0.284694 0.184189
0.508308 0.495347 0.334001 0.457379 0.101205 0.418078 0.452290 0.464436 0.319439 0.267827 0.229944 0.176800 0.124932 0.279562 0.185685 0.335966 0.296918 0.562443 0.128254 0.375809 0.161566 0.337672 0.062698 0.376211 0.408954 0.186104 0.367930 0.377517 0.394280 0.155714 0.151260 0.151992 0.474171 0.491294 0.055152 0.385424 0.503691 0.323982 0.287326 0.312832 0.342267 0.490275 0.204525 0.341261 0.372328 0.138807 0.069009 0.192196 0.214243 0.241789 0.296116 0.181441 0.215063 0.247384 0.257262 0.347648 0.402256 0.349658 0.165853 0.603783 0.262662 0.388880 0.086847
0.320280 0.439643 0.090800 0.406842 0.338829 0.271401 0.225847 0.016473 0.210420 0.137141 0.248010 0.351689 0.369792 0.309758 0.339634 0.372464 0.475978 0.357766 0.228651 0.295666 0.364384 0.295690 0.266343 0.243803 0.491587 0.326000 0.155421 0.297398 0.449828 0.065360 0.590887 0.391353 0.406283 0.258122 0.280831 0.353505 0.403122 0.390604 0.152714 0.334689 0.514437 0.181859 0.188819 0.419136 0.450375 0.300638 0.118146 0.336400 0.194437 0.335859 0.453812 0.504770 0.158632 0.348339 0.327179 0.330393 0.180409 0.426766 0.336184 0.164639 0.186740 0.338247 0.191473
0.388853 0.349261 0.249880 0.481770 0.181907 0.208115 0.181061 0.156814 0.234210 0.532565 0.381907 0.214853 0.172664 0.113301 0.144007 0.370490 0.448019 0.254197 0.407447 0.093607 0.532354 0.118589 0.184910 0.270388 0.164237 0.456468 0.245692 0.426445 0.129297 0.316828 0.349211 0.359515 0.237089 0.143595 0.350392 0.182692 0.101532 0.398714 0.337774 0.281310 0.518264 0.296999 0.325931 0.397455 0.106199 0.170597 0.308669 0.367185 0.188949 0.348731 0.528308 0.410038 0.192217 0.413246 0.314341 0.361120 0.197988 0.385739 0.144514 0.194060 0.391271 0.239993 0.225881
