DEPONS-master/data/CentralBaltic/prey0000_05.asc
NCOLS 400 
NROWS 400 
XLLCORNER 4750000.0 
YLLCORNER 3200000.0 
CELLSIZE 1000.0 
NODATA_value -9999 
[rows 56 to 83 of 400, columns 63 to 125 of 400]
0.484784 0.289272 0.232979 0.825491 0.579713 0.773994 0.495166 0.615401 0.646656 0.689678 0.443602 0.375318 0.408363 0.364628 0.743137 0.637208 0.729706 0.430402 0.303017 0.413709 0.797050 0.779471 0.256802 0.486883 0.590435 0.536973 0.387264 0.420969 0.482372 0.531222 0.771642 0.437935 0.567642 0.552517 0.752775 0.365138 0.467634 0.461114 0.426845 0.455351 0.453728 0.372288 0.530848 0.676467 0.386013 0.720795 0.593696 0.404376 0.447798 0.343978 0.663945 0.641324 0.510372 0.679478 0.384204 0.508500 0.632498 0.716843 0.274657 0.429526 0.678065 0.803969 0.762211
0.323829 0.443781 0.539675 0.405178 0.677993 0.682644 0.512943 0.168812 0.564453 0.299728 0.373668 0.644082 0.539862 0.551693 0.372829 0.265881 0.744092 0.348351 0.435718 0.777096 0.395625 0.418124 0.587370 0.527839 0.747581 0.793287 0.535235 0.451562 0.580518 0.740701 0.663629 0.390956 0.666723 0.684360 0.564744 0.455270 0.667654 0.831766 0.449427 0.411493 0.891650 0.619274 0.477599 0.301213 0.520682 0.468070 0.670965 0.557217 0.540907 0.426888 0.923416 0.563441 0.476491 0.561399 0.251629 0.488888 0.493066 0.330744 0.588608 0.527809 0.938312 0.579470 0.445282
0.667365 0.179282 0.879013 0.665370 0.304983 0.687686 0.307332 0.426426 0.661216 0.518465 0.365014 0.721769 0.618068 0.697908 0.622514 0.692166 0.778051 0.271181 0.652649 0.652943 0.356624 0.445209 0.581733 0.301616 0.352658 0.458248 0.406185 0.330994 0.205374 0.580306 0.618601 0.677335 0.321849 0.551484 0.628241 0.896309 0.401544 0.362406 0.687175 0.375821 0.555795 0.317271 0.448644 0.321010 0.429910 0.837703 0.523225 0.771949 0.702058 0.848602 0.613250 0.487240 0.458549 0.735528 0.668042 0.685501 0.420381 0.441419 0.309407 0.334223 0.438285 0.459702 0.764487
0.788711 0.382573 0.758881 0.419251 0.307136 0.646481 0.268036 0.825183 0.438063 0.463778 0.530111 0.359870 0.429525 0.804027 0.353761 0.746233 0.741112 0.284872 0.394068 0.536601 0.431887 0.486111 0.159117 0.519804 0.536907 0.348095 0.340678 0.392584 0.554943 0.678843 0.380820 0.116714 0.575365 0.600420 0.507263 0.514569 0.634608 0.354789 0.437928 0.708458 0.702515 0.515370 0.460304 0.752646 0.721133 0.634867 0.509328 0.522414 0.525754 0.525411 0.430081 0.573508 0.525439 0.449680 0.746347 0.567905 0.608899 0.573251 0.631068 0.660560 0.543460 0.339902 0.343525
0.516844 0.512011 0.428881 0.604618 0.402778 0.410675 0.435456 0.686711 0.373313 0.479243 0.863367 0.836163 0.418782 0.388409 0.276581 0.620291 0.708439 0.523888 0.617587 0.580719 0.340783 0.777966 0.521425 0.388726 0.838873 0.625957 0.379185 0.331778 0.799888 0.347215 0.745326 0.795375 0.478016 0.354010 0.813454 0.236642 0.271567 0.648511 0.533207 0.253610 0.500247 0.356776 0.702397 0.302191 0.546948 0.285982 0.297604 0.604202 0.562206 0.302352 0.535926 0.344957 0.519829 0.358448 0.660091 0.579184 0.429880 0.302731 0.604888 0.403875 0.610234 0.639607 0.433798
0.688658 0.288951 0.744921 0.460256 0.490821 0.908542 0.430346 0.530138 0.592927 0.640838 0.454692 0.581382 0.616831 0.519963 0.423543 0.638621 0.260826 0.550801 0.434710 0.404081 0.515785 0.549205 0.582139 0.479010 0.381903 0.333367 0.679724 0.747188 0.507230 0.752830 0.635909 0.501024 0.606070 0.350731 0.737049 0.489800 0.561375 0.380202 0.698838 0.201080 0.716746 0.627856 0.138521 0.707973 0.245773 0.710132 0.129341 0.497968 0.349994 0.376650 0.402543 0.693549 0.436593 0.622641 0.377354 0.804874 0.431093 0.800131 0.627848 0.715957 0.760792 0.505669 0.701191
0.649806 0.647858 0.380075 0.418386 0.793874 0.692202 0.517882 0.786578 0.879265 0.655230 0.429013 0.421328 0.552245 0.560146 0.242624 0.616707 0.609927 0.353429 0.762196 0.489039 0.511260 0.754739 0.352056 0.457724 0.386513 0.578191 0.506465 0.419977 0.476257 0.627695 0.484599 0.386561 0.422312 0.443905 0.689075 0.535352 0.392900 0.425259 0.222441 0.620364 0.618138 0.669512 0.650176 0.642437 0.371902 0.242601 0.446619 0.767332 0.550233 0.319188 0.327777 0.517611 0.562534 0.238338 0.597875 0.407146 0.652565 0.715669 0.808462 0.479596 0.685464 0.429254 0.778084
0.701010 0.286469 0.587447 0.778386 0.523197 0.601733 0.534276 0.791883 0.333156 0.362183 0.538430 0.413038 0.790243 0.646932 0.163884 0.626959 0.834237 0.699604 0.495155 0.563114 0.296178 0.544603 0.583239 0.565925 0.708554 0.513011 0.526549 0.723053 0.649081 0.829995 0.437922 0.507366 0.520055 0.312523 0.712674 0.606062 0.436418 0.618291 0.521602 0.576061 0.874841 0.491341 0.738688 0.749194 0.263679 0.622840 0.801306 0.512070 0.617834 0.478010 0.907474 1.000000 0.721268 0.389928 0.729124 0.606323 0.343751 0.757642 0.554812 0.602926 0.394851 0.341759 0.505666
0.687062 0.783395 0.396132 0.283731 1.000000 0.577748 0.768040 0.786918 0.536938 0.718537 0.378405 0.698253 0.691813 0.614756 0.417074 0.721532 0.442389 0.349099 0.762038 0.270898 0.449288 0.457123 0.575062 0.393466 0.773901 0.390022 0.802901 0.662034 0.669052 0.745414 0.896573 0.299348 0.453261 0.535140 0.676002 0.509665 0.777547 0.672541 0.394716 0.304617 0.557342 0.289903 0.199409 0.637923 0.527155 0.638379 0.299353 0.728256 0.343865 0.444200 0.770765 0.436495 0.550868 0.538714 0.517324 0.581827 0.744167 0.274445 0.228799 0.610873 0.446370 0.419319 0.489653
0.663475 0.687166 0.377284 0.531596 0.647907 0.411531 0.247392 0.393036 0.454605 0.457696 0.497341 0.430824 0.589359 0.387689 0.574089 0.695772 0.739319 0.189305 0.323151 0.459292 0.268840 0.309743 0.419226 0.386586 0.221833 0.519671 0.467614 0.355242 0.197521 0.508894 0.690073 0.518072 0.499027 0.392730 0.527380 0.386917 0.716531 0.638672 0.721847 0.369114 0.633982 0.255882 0.716162 0.292412 0.302983 0.625985 0.528504 0.362787 0.351148 0.333131 0.863539 0.614948 0.745349 0.802447 0.507120 0.612504 0.891421 0.232824 0.199591 0.666575 0.464031 0.655092 0.513224
0.553110 0.605762 0.235546 0.490749 0.457853 0.564256 0.553714 0.359050 0.532818 0.443502 0.467519 0.630983 0.508273 0.256828 0.674966 0.629827 0.857317 0.583919 0.747020 0.569002 0.394378 0.568151 0.913943 0.187731 0.633921 0.228456 0.599115 0.426422 0.619715 0.775120 0.762272 0.440118 0.619992 0.684508 0.742513 0.644258 0.605816 0.581676 0.354892 0.372205 0.613216 0.775179 0.402283 0.299944 0.422167 0.481545 0.307082 0.228081 0.307439 0.107106 0.365000 0.520831 0.832746 0.807793 0.680021 0.301508 0.587923 0.844912 0.573410 0.431478 0.439810 0.206341 0.674016
0.538703 0.302164 0.659086 0.323531 0.345973 0.542486 0.865209 0.543229 0.491543 0.600435 0.328295 0.347374 0.440969 0.360710 0.603041 0.347497 0.581855 0.588435 0.785284 0.573228 0.431311 0.491900 0.383120 0.557740 0.694005 0.373907 0.773103 0.677155 0.366904 0.351549 0.505922 0.449483 0.508708 0.692009 0.798456 0.349097 0.684666 0.554559 0.439127 0.524461 0.376897 0.673487 0.549791 0.755694 0.596118 0.374415 0.232687 0.333769 0.544267 0.404719 0.551124 0.796040 0.486914 0.620681 0.821293 0.105148 0.473505 0.950770 0.465841 0.534487 0.818602 0.448233 0.816430
0.539221 0.340000 0.693837 0.680130 0.674373 0.358110 0.619848 0.479020 0.614266 0.871181 0.660382 0.838084 0.619912 0.772474 0.817534 0.489008 0.724357 0.522961 0.212817 0.503577 0.447885 0.626386 0.296877 0.332822 0.529303 0.430892 0.861853 0.329730 0.277437 0.646662 0.453073 0.356094 0.642968 0.653924 0.337068 0.757551 0.481624 0.381251 0.550366 0.453448 0.584660 0.644289 0.523613 0.369592 0.605396 0.485757 0.611949 0.343557 0.434805 0.551162 0.416165 0.701026 0.969725 0.233847 0.632637 0.361130 0.476970 0.367847 0.660880 0.478181 0.230774 0.686788 0.554267
0.377673 0.751697 0.324617 0.600280 0.155136 0.650777 0.592931 0.609494 0.521666 0.682737 0.626860 0.492216 0.519363 0.539157 0.820224 0.825283 0.305424 0.437655 0.741459 0.708206 1.000000 0.480391 0.467296 0.462194 0.625886 0.426429 0.517839 0.395178 0.678662 0.144917 0.577107 0.640618 0.660244 0.663393 0.662481 0.449631 0.380308 0.852724 0.546519 0.307868 0.474765 0.418457 0.719139 0.664375 0.372591 0.654960 0.640994 0.605003 0.552585 0.612126 0.639417 0.645777 0.454184 0.787361 0.736344 0.530664 0.877000 0.381688 0.410529 0.399837 0.560815 0.647746 0.675594
0.756889 0.802051 0.600293 0.442055 0.483277 0.602667 0.498207 0.609402 0.392708 0.400818 0.720922 0.531826 0.725399 0.635545 0.481928 0.540096 0.359054 0.541364 0.832217 0.582126 0.718340 0.499774 0.309794 0.303959 0.232000 0.389918 0.507831 0.432605 0.588871 0.580737 0.434584 0.656971 0.846937 0.375438 0.326595 0.545957 0.729065 0.489546 0.764450 0.642913 0.730877 0.372684 0.548531 0.171164 0.488493 0.319019 0.814628 0.727360 0.655273 0.423693 0.413227 0.185183 0.681189 0.556421 0.649724 0.623290 0.603485 0.810189 0.413045 0.645511 0.675956 0.746885 0.877543
0.406814 0.451674 0.551517 0.285412 0.823850 0.218872 0.828127 0.397456 0.292793 0.433759 0.606060 0.459617 0.556667 0.493745 0.646811 0.440749 0.565428 0.476069 0.446583 0.570604 0.299886 0.447691 0.417552 0.449452 0.351385 0.240473 0.562960 0.440558 0.795918 0.705805 0.647288 0.586905 0.365346 0.336842 0.380884 0.513152 0.446455 0.602719 0.690857 0.609228 0.556648 0.286400 0.377462 0.631562 0.626100 0.296937 0.583908 0.645689 0.347692 0.641235 0.761234 0.594141 0.437925 0.536960 0.229870 0.544950 0.289313 0.444966 0.541462 0.304779 0.639335 0.644389 0.761701
0.628577 0.274606 0.784112 0.573959 0.536461 0.569631 0.538408 0.621596 0.156067 0.318271 0.676916 0.822039 0.625779 0.689948 0.316861 0.756972 0.632985 0.224122 0.566473 0.420640 0.493617 0.813818 0.830866 0.794510 0.407571 0.641586 0.867392 0.629117 0.538541 0.489192 0.796485 0.504835 0.410358 0.297108 0.821197 0.564284 0.525938 0.379791 0.375209 0.525383 0.663883 0.597420 0.643649 0.325938 0.453178 0.632882 0.408288 0.347981 0.629720 0.547286 0.441772 0.749797 0.197914 0.271250 0.409205 0.502155 0.538766 0.504704 0.619735 0.212591 0.428554 0.377268 0.661291
0.690697 0.593352 0.325638 0.723564 0.454283 0.897650 0.516722 0.632178 0.309266 0.339176 0.360062 0.396171 0.326844 0.416309 0.703354 0.675937 0.390460 0.687461 0.287043 0.514206 0.407944 0.428130 0.447638 0.700130 0.258967 0.653951 0.562136 0.421286 0.555279 0.595772 0.458049 0.688150 0.336575 0.545769 0.660174 0.680159 0.461313 0.396241 0.440338 0.555326 0.394674 0.658563 0.559166 0.503748 0.223083 0.711870 0.636459 0.481161 0.486153 0.411544 0.705571 0.500807 0.481560 0.730093 0.715244 0.525511 0.487373 0.421703 0.394427 0.324178 0.637407 0.633800 0.585809
0.654305 0.423324 0.597775 0.498433 0.603385 0.593168 0.306752 0.674124 0.489482 0.537974 0.379547 0.516524 0.367365 0.472691 0.638391 0.709247 0.240626 0.405245 0.537228 0.436148 0.607399 0.708766 0.347235 0.648722 0.788548 0.463375 0.872788 0.570398 0.393475 0.646433 0.725116 0.400940 0.342752 0.469757 0.587350 0.277914 0.215950 0.339113 0.685975 0.408382 0.599956 0.614133 0.459714 0.270988 0.700276 0.712809 0.650585 0.394554 0.409348 0.440339 0.265832 0.476609 0.818020 0.673646 0.283618 0.317890 0.491512 0.549935 0.558128 0.349577 0.437832 0.814966 0.462421
0.394004 0.260772 0.316116 0.812231 0.505998 0.656831 0.547667 0.864737 0.360629 0.943297 0.242060 0.459795 0.643237 0.414124 0.645204 0.661156 0.557304 0.578595 0.572822 0.644440 0.618886 0.247557 0.734846 0.477546 0.293661 0.578221 0.558130 0.555433 0.596240 0.602399 0.207936 0.543828 0.610342 0.647158 0.563420 0.542909 0.504274 0.383110 0.600145 0.548376 0.373201 0.456033 0.152564 0.321799 0.488988 0.324804 0.857297 0.413642 0.710171 0.705888 0.667879 0.494599 0.679578 0.506341 0.383785 0.808661 0.731013 0.596614 0.449415 0.691013 0.428946 0.953038 0.205520
0.718386 0.515013 0.150448 0.468169 0.454797 0.700874 0.331487 0.760986 0.458024 0.619530 0.614345 0.594749 0.912484 0.273328 0.520247 0.473271 0.374689 0.832844 0.628227 0.898540 0.517297 0.398421 0.475884 0.393255 0.696624 0.430061 0.618103 0.447850 0.361159 0.586905 0.471738 0.689558 0.899938 0.479416 0.602631 0.540848 0.250142 0.505094 0.691852 0.771061 0.677815 0.735761 0.602525 0.453252 0.304310 0.711242 0.707956 0.392551 0.617011 0.290009 0.237145 0.399697 0.521522 0.633503 0.530666 0.576079 0.445676 0.370877 0.347524 0.612805 0.911650 0.820175 0.191548
0.368792 0.393213 0.626708 0.668330 0.395695 0.472432 0.289871 0.398318 0.701991 0.473496 0.493827 0.408078 0.533879 0.515643 0.690717 0.248898 0.356191 0.606551 0.731659 0.760897 0.609266 0.491876 0.750476 0.075961 0.749229 0.411638 0.670890 0.614075 0.846733 0.538396 0.286032 0.362298 0.587006 0.752444 0.675118 0.714345 0.630727 0.515792 0.437916 0.610275 0.459384 0.400145 0.693254 0.619493 0.355165 0.407171 0.366961 0.654104 0.094942 0.308416 0.546240 0.567643 0.641097 0.107697 0.561907 0.585332 0.708541 0.599384 0.834340 0.589358 0.502519 0.309663 0.574511
0.544378 0.706137 0.762074 0.350458 0.204446 0.380595 0.254279 0.778682 0.481799 0.409754 0.768485 0.589248 0.503601 0.711767 0.613885 0.573570 0.589113 0.712441 0.415913 0.480446 0.397778 0.573510 0.602644 0.534925 0.368205 0.605423 0.736594 0.781725 0.717719 0.502912 0.654773 0.111582 0.637255 0.412863 0.657782 0.251974 0.485954 0.796279 0.362582 0.381867 0.596886 0.524195 0.692903 0.487819 0.361494 0.648386 0.740255 0.421044 0.406003 0.345836 0.746046 0.325887 0.507631 0.229274 0.505810 0.479464 0.727720 0.191686 0.400655 0.243040 0.294839 0.417102 0.813261
0.602093 0.527677 0.413980 0.525444 0.740838 0.465010 0.329207 0.356156 0.206472 0.858242 0.439069 0.649261 0.597245 0.459352 0.425014 0.528141 0.424527 0.331672 0.653274 0.283482 0.430574 0.589837 0.603062 0.635015 0.548154 0.382056 0.364237 0.479845 0.384858 0.277828 0.770611 0.553852 0.742142 0.471465 0.585082 0.407997 0.200715 0.707152 0.349693 0.426202 0.341667 0.622460 0.382065 0.849108 0.612908 0.641641 0.377932 0.359694 0.548599 0.483994 0.459272 0.563967 0.816549 0.695511 0.375405 0.660011 0.246523 0.369153 0.469470 0.771488 0.434259 0.458201 0.663713
0.731914 0.397061 0.672413 0.713430 0.383091 0.578396 0.713948 0.727160 0.303227 0.518762 0.704047 0.286600 0.612160 0.371666 0.549596 0.522797 0.540412 0.742665 0.631344 0.474316 0.756089 0.604899 0.642267 0.545048 0.617918 0.478677 0.517894 0.621101 0.667320 0.600740 0.730121 0.452383 0.718853 0.379402 0.605386 0.780314 0.206130 0.645447 0.623315 0.468796 0.405719 0.334951 0.378188 0.705324 0.614910 0.491959 0.343913 0.696110 0.551398 0.228303 0.169204 0.596399 0.770778 0.446852 0.621711 0.167767 0.480460 0.464004 0.729224 0.540038 0.697097 0.784949 0.660951
0.547323 0.429203 0.729215 0.485445 0.438199 0.587880 0.495386 0.441579 0.576645 0.689937 0.514592 0.225892 0.297155 0.531001 0.800254 0.446852 0.456559 0.678977 0.323772 0.391825 0.612930 0.885234 0.573929 0.424505 0.465039 0.755851 0.562741 0.765369 0.786428 0.443043 0.501523 0.363505 0.532928 0.542822 0.527286 0.519822 0.457140 0.704155 0.807305 0.341549 0.321402 0.240807 0.565819 0.491408 0.600839 0.689485 0.532854 0.623968 0.437649 0.593498 0.695634 0.582904 0.699365 0.664885 0.434669 0.240745 0.351331 0.367336 0.303344 0.385839 0.524475 0.371276 0.713950
0.449606 0.764597 0.617512 0.377246 0.840717 0.460254 0.339388 0.434799 0.355872 0.859529 0.504092 0.325436 0.797648 0.613149 0.775725 0.321363 0.617748 0.476076 0.387755 0.497914 0.787924 0.712300 0.631374 0.557524 0.571711 0.778553 0.786066 0.721205 0.561974 0.089843 0.549421 0.410760 0.553638 0.592677 0.212098 0.373906 0.219391 0.568848 0.794748 0.386466 0.475615 0.331250 0.571011 0.607497 0.486721 0.310597 0.686784 0.328841 0.726886 0.470392 0.603002 0.687765 0.654760 0.419993 0.522749 0.269085 0.380560 0.357310 0.551358 0.720587 0.708506 0.719619 0.586118
0.346965 0.210520 0.363771 0.676583 0.275845 0.479297 0.634143 0.756876 0.589219 0.746299 0.389101 0.276456 0.618664 0.706659 0.595544 0.493328 0.349879 0.344757 0.590229 0.673343 0.592028 0.517435 0.357156 0.495084 0.481791 0.511641 0.654460 0.546300 0.456705 0.692169 0.694476 0.512739 0.569937 0.609659 0.537442 0.522898 0.592117 0.386493 0.390509 0.591905 0.205113 0.615381 0.753878 0.350513 0.741797 0.787938 0.507795 0.733633 0.766518 0.580590 0.818195 0.285179 0.354775 0.228560 0.409812 0.637363 0.333242 0.280808 0.343388 0.749552 0.514207 0.316506 0.413269
