DEPONS-master/data/CentralBaltic/prey0000_11.asc
NCOLS 400 
NROWS 400 
XLLCORNER 4750000.0 
YLLCORNER 3200000.0 
CELLSIZE 1000.0 
NODATA_value -9999 
[rows 224 to 251 of 400, columns 0 to 62 of 400]
-9999 -9999 -9999 -9999 -9999 -9999 -9999 -9999 0.311309 0.420697 0.424446 0.275833 0.350178 0.618067 0.148730 0.306268 0.519732 0.215741 0.355812 0.416559 0.264531 0.360146 0.306172 0.461183 0.350231 0.370200 0.541053 0.175593 0.149758 0.073852 0.345772 0.423248 0.165863 0.267996 0.195032 0.293734 0.708664 0.196709 0.268175 0.349597 0.410177 0.306422 0.125562 0.395629 0.232185 0.051213 0.346626 0.263996 0.284324 0.430921 0.352164 0.220456 0.199172 0.517604 0.034066 0.443844 0.200994 0.431918 0.228831 0.107115 0.347640 0.080515 0.366815
-9999 -9999 -9999 -9999 -9999 -9999 -9999 -9999 0.375307 0.530310 0.411553 0.464661 0.391914 0.358058 0.470140 0.364554 0.139470 0.512982 0.443741 0.420657 0.414556 0.444088 0.431950 0.299492 0.424290 0.200516 0.199147 0.235835 0.294313 0.375373 0.352112 0.316282 0.295122 0.331313 0.295393 0.278921 0.391994 0.370053 0.400715 0.307010 0.000000 0.174458 0.370394 0.124889 0.386835 0.125338 0.289009 0.183147 0.219415 0.228640 0.500633 0.373312 0.098858 0.338822 0.000000 0.380596 0.173578 0.328890 0.417461 0.463038 0.000000 0.185711 0.335653
-9999 -9999 -9999 -9999 -9999 -9999 -9999 -9999 0.534226 0.413397 0.254588 0.261773 0.432470 0.314986 0.442187 0.410261 0.344901 0.369510 0.316128 0.700716 0.296820 0.545222 0.126521 0.357148 0.292021 0.144462 0.384169 0.279365 0.362320 0.398382 0.301444 0.258440 0.218690 0.261122 0.264938 0.289207 0.373138 0.139602 0.331143 0.135407 0.163041 0.107861 0.191060 0.287760 0.266304 0.080054 0.170499 0.216205 0.235062 0.216583 0.343703 0.242883 0.363448 0.219492 0.231615 0.405641 0.235707 0.025272 0.363274 0.214217 0.128313 0.165492 0.175099
-9999 -9999 -9999 -9999 -9999 -9999 -9999 -9999 0.325231 0.372088 0.387272 0.103934 0.330127 0.395659 0.448566 0.381518 0.291091 0.235290 0.652177 0.214618 0.273102 0.339618 0.409442 0.377583 0.489520 0.174606 0.203442 0.310416 0.308897 0.396835 0.178074 0.361352 0.222302 0.253957 0.338686 0.281219 0.323354 0.326795 0.454384 0.295343 0.384837 0.291514 0.297227 0.205853 0.286663 0.342569 0.298757 0.341997 0.305129 0.283278 0.190709 0.178606 0.428362 0.119980 0.151344 0.383658 0.325010 0.185560 0.370993 0.353372 0.082583 0.251480 0.225854
-9999 -9999 -9999 -9999 -9999 -9999 -9999 -9999 0.471598 0.383911 0.426504 0.386952 0.313679 0.314918 0.336911 0.454790 0.464069 0.443955 0.395617 0.286757 0.121942 0.417954 0.338126 0.317984 0.258334 0.366305 0.254195 0.242706 0.221539 0.318508 0.193172 0.638444 0.290833 0.249123 0.084261 0.265888 0.165132 0.276569 0.100472 0.392416 0.343076 0.332335 0.140597 0.337137 0.325059 0.303542 0.233429 0.328741 0.220795 0.158575 0.275220 0.296802 0.334293 0.025475 0.222642 0.408224 0.414704 0.225638 0.249867 0.255890 0.148258 0.375339 0.064216
-9999 -9999 -9999 -9999 -9999 -9999 -9999 -9999 0.343619 0.491730 0.164627 0.273884 0.377425 0.314037 0.157403 0.269246 0.302399 0.256615 0.594198 0.284340 0.474162 0.574276 0.273839 0.381463 0.467200 0.246928 0.343300 0.242879 0.151398 0.118769 0.116959 0.107183 0.375485 0.417166 0.237025 0.227331 0.209075 0.444485 0.537706 0.143129 0.126707 0.331693 0.360309 0.273534 0.283271 0.136845 0.309733 0.410370 0.403565 0.264146 0.284098 0.234780 0.085713 0.000000 0.052689 0.324249 0.407398 0.146249 0.143912 0.379024 0.418108 0.270054 0.051232
-9999 -9999 -9999 -9999 -9999 -9999 -9999 -9999 0.136160 0.334133 0.547332 0.100904 0.254605 0.556840 0.418166 0.175155 0.307554 0.545457 0.344580 0.485685 0.435545 0.529222 0.500471 0.337909 0.388403 0.281035 0.174474 0.453002 0.521979 0.405131 0.250160 0.221539 0.147726 0.000000 0.289157 0.327380 0.158074 0.089927 0.250345 0.110360 0.258501 0.345911 0.211704 0.282777 0.388197 0.254523 0.354808 0.274817 0.327204 0.076097 0.276101 0.124530 0.282574 0.234936 0.000000 0.305212 0.330871 0.202334 0.333866 0.365073 0.139450 0.038683 0.192636
-9999 -9999 -9999 -9999 -9999 -9999 -9999 -9999 0.242868 0.302441 0.409771 0.198483 0.212766 0.339137 0.537246 0.332844 0.469915 0.333206 0.384365 0.000000 0.330337 0.288570 0.424679 0.305647 0.410710 0.429988 0.088773 0.302194 0.188204 0.486085 0.372733 0.246871 0.196592 0.439877 0.124882 0.216355 0.419506 0.300543 0.462262 0.563640 0.259171 0.186257 0.227073 0.291561 0.424477 0.154190 0.365017 0.532681 0.119114 0.468895 0.325659 0.345701 0.204414 0.208689 0.259721 0.437916 0.119694 0.254225 0.168443 0.110327 0.288459 0.192788 0.143502
-9999 -9999 -9999 -9999 -9999 -9999 -9999 -9999 0.436899 0.267613 0.552070 0.264347 0.304591 0.372442 0.320156 0.456821 0.478845 0.461277 0.392707 0.500406 0.555802 0.291624 0.248011 0.128464 0.325071 0.393631 0.513664 0.475061 0.536684 0.397727 0.405889 0.278009 0.220941 0.154538 0.233705 0.319646 0.309916 0.456953 0.139985 0.328944 0.318002 0.226943 0.123145 0.330564 0.223907 0.166647 0.074341 0.460083 0.064179 0.135534 0.359924 0.311707 0.396572 0.370571 0.324782 0.353828 0.271229 0.427857 0.210534 0.284556 0.285118 0.328590 0.103413
-9999 -9999 -9999 -9999 -9999 -9999 -9999 -9999 0.580054 0.308368 0.243832 0.453959 0.511527 0.524324 0.164953 0.506405 0.422140 0.396871 0.418626 0.269291 0.177438 0.556900 0.136560 0.292483 0.268107 0.554855 0.693557 0.278118 0.571359 0.359322 0.330361 0.503640 0.360394 0.204258 0.367034 0.233368 0.374988 0.299121 0.269434 0.418089 0.217886 0.431071 0.476368 0.504729 0.176122 0.224205 0.312183 0.315383 0.388837 0.275787 0.007408 0.391302 0.532010 0.178014 0.178065 0.365518 0.394821 0.262923 0.100909 0.300515 0.162893 0.274159 0.292539
-9999 -9999 -9999 -9999 -9999 -9999 -9999 -9999 0.445945 0.417793 0.561198 0.468525 0.383726 0.396368 0.330523 0.468731 0.292302 0.516800 0.137923 0.328257 0.342794 0.384232 0.187853 0.187020 0.233588 0.289677 0.383277 0.427453 0.193032 0.374575 0.121253 0.367497 0.142825 0.474186 0.322315 0.261863 0.584578 0.579558 0.207749 0.390652 0.306495 0.252887 0.183291 0.431725 0.301511 0.030957 0.306202 0.451453 0.397119 0.211699 0.227229 0.168578 0.259218 0.144953 0.288241 0.129456 0.233895 0.280300 0.189769 0.242285 0.283282 0.227172 0.167512
-9999 -9999 -9999 -9999 -9999 -9999 -9999 -9999 0.407430 0.352854 0.061720 0.401526 0.233419 0.291214 0.581849 0.372886 0.265785 0.380297 0.137437 0.338933 0.413657 0.363832 0.312598 0.588034 0.324790 0.477129 0.243422 0.257350 0.569649 0.229347 0.205933 0.021965 0.308629 0.514669 0.147072 0.310149 0.381315 0.321741 0.158350 0.345264 0.280226 0.291153 0.258675 0.294618 0.259442 0.458503 0.242337 0.258133 0.268179 0.387902 0.447035 0.158649 0.381045 0.222398 0.110714 0.411777 0.504363 0.274157 0.158586 0.423435 0.427702 0.359539 0.033711
-9999 -9999 -9999 -9999 -9999 -9999 -9999 -9999 0.274953 0.348719 0.312483 0.247853 0.177721 0.240668 0.369891 0.240199 0.505478 0.176680 0.247393 0.503782 0.318824 0.314243 0.173074 0.395514 0.110803 0.507000 0.271159 0.402911 0.235653 0.145980 0.119756 0.164214 0.234683 0.382196 0.211600 0.120257 0.238553 0.387932 0.442716 0.166806 0.332018 0.357654 0.243696 0.284588 0.263349 0.234114 0.000000 0.092009 0.414949 0.094625 0.161859 0.214490 0.181747 0.218249 0.199393 0.497750 0.288706 0.479035 0.156509 0.200002 0.432085 0.381534 0.230022
-9999 -9999 -9999 -9999 -9999 -9999 -9999 -9999 0.477550 0.377247 0.443221 0.445730 0.345094 0.214305 0.387861 0.469029 0.466575 0.273471 0.250819 0.396166 0.463030 0.302396 0.319540 0.188199 0.100568 0.355011 0.610063 0.344846 0.371619 0.374455 0.133933 0.115691 0.376500 0.314728 0.557378 0.351902 0.232552 0.352964 0.314279 0.296073 0.389690 0.236929 0.316179 0.530212 0.336611 0.390546 0.338158 0.347835 0.305904 0.326939 0.004256 0.304035 0.074256 0.131072 0.419667 0.303073 0.315007 0.481148 0.106592 0.255185 0.139318 0.281926 0.372388
-9999 -9999 -9999 -9999 -9999 -9999 -9999 -9999 0.357628 0.080232 0.314049 0.155520 0.412209 0.026260 0.524093 0.396887 0.259375 0.465733 0.413016 0.195197 0.390155 0.329185 0.072169 0.193318 0.220576 0.435848 0.267472 0.415308 0.185293 0.148737 0.240034 0.471596 0.442511 0.376678 0.388004 0.439400 0.460698 0.502712 0.296281 0.375886 0.470497 0.038100 0.127864 0.331287 0.437263 0.139366 0.158051 0.427911 0.192932 0.271305 0.083436 0.203851 0.431083 0.327786 0.329872 0.380363 0.120798 0.184322 0.362559 0.036432 0.166105 0.232996 0.109280
-9999 -9999 -9999 -9999 -9999 -9999 -9999 -9999 0.334967 0.423927 0.419965 0.271302 0.258799 0.149372 0.490252 0.412094 0.298614 0.386477 0.199769 0.344298 0.283700 0.224396 0.279229 0.475733 0.268910 0.379424 0.558094 0.305443 0.224804 0.482195 0.110450 0.223081 0.452704 0.272304 0.290604 0.261762 0.111240 0.314865 0.394941 0.194123 0.426084 0.280193 0.215267 0.413677 0.305882 0.238528 0.310868 0.310541 0.152249 0.242649 0.222769 0.236283 0.219792 0.264919 0.057131 0.477846 0.156583 0.142621 0.148462 0.515688 0.331742 0.252938 0.333144
-9999 -9999 -9999 -9999 -9999 -9999 -9999 -9999 0.335902 0.531914 0.473409 0.142770 0.293785 0.357637 0.286347 0.254938 0.281033 0.233585 0.378567 0.489327 0.464975 0.349178 0.488226 0.172376 0.288547 0.214001 0.302997 0.244998 0.368247 0.246521 0.498894 0.690509 0.427507 0.226615 0.260172 0.288669 0.379743 0.587274 0.254366 0.203672 0.308852 0.407794 0.207903 0.140057 0.474641 0.081328 0.298632 0.367345 0.113275 0.227191 0.156888 0.255878 0.132648 0.339184 0.135871 0.398903 0.255713 0.225134 0.275501 0.000000 0.300906 0.146190 0.227366
-9999 -9999 -9999 -9999 -9999 -9999 -9999 -9999 0.296959 0.273833 0.230050 0.187388 0.389547 0.402675 0.396379 0.253023 0.199466 0.071792 0.395205 0.248043 0.393821 0.281798 0.578980 0.422453 0.542595 0.330614 0.361826 0.335869 0.176433 0.459719 0.380149 0.353289 0.086568 0.358787 0.001316 0.454105 0.527965 0.288349 0.551748 0.226538 0.033288 0.440725 0.304392 0.308564 0.294036 0.174932 0.248137 0.078576 0.232705 0.326738 0.305181 0.238165 0.342029 0.000000 0.165705 0.303398 0.168981 0.407774 0.284859 0.112295 0.039344 0.196445 0.296439
-9999 -9999 -9999 -9999 -9999 -9999 -9999 -9999 0.240680 0.307201 0.305994 0.544412 0.466697 0.350925 0.103358 0.250064 0.391802 0.406069 0.490906 0.400712 0.512999 0.423407 0.270941 0.191384 0.213348 0.598729 0.301786 0.388985 0.354203 0.333250 0.365780 0.324307 0.090963 0.257981 0.412026 0.263251 0.416217 0.312603 0.172499 0.086205 0.486869 0.172224 0.396607 0.347423 0.189499 0.150292 0.254302 0.222858 0.430506 0.206826 0.142016 0.146275 0.354518 0.252126 0.327892 0.336795 0.417414 0.065490 0.360159 0.272125 0.416845 0.098574 0.250570
-9999 -9999 -9999 -9999 -9999 -9999 -9999 -9999 0.409509 0.393392 0.375166 0.374540 0.279844 0.374242 0.233910 0.242667 0.324220 0.516968 0.434950 0.162839 0.292379 0.358106 0.427981 0.092783 0.252729 0.389165 0.386951 0.327724 0.185838 0.454897 0.104769 0.342714 0.437343 0.540993 0.317629 0.160006 0.256132 0.222206 0.269411 0.187863 0.127812 0.202083 0.381484 0.107732 0.308713 0.104260 0.305869 0.374897 0.247428 0.303053 0.309961 0.405115 0.202663 0.280668 0.236101 0.353851 0.382459 0.178275 0.261828 0.209805 0.251650 0.167380 0.144712
-9999 -9999 -9999 -9999 -9999 -9999 -9999 -9999 0.272209 0.231642 0.291256 0.403268 0.342886 0.146140 0.353979 0.452108 0.467248 0.512029 0.304888 0.318491 0.262402 0.135743 0.352258 0.120072 0.257400 0.284559 0.455564 0.357924 0.296343 0.222167 0.458114 0.434237 0.345598 0.424027 0.421673 0.546651 0.282617 0.145336 0.209457 0.241369 0.250537 0.260262 0.362305 0.359341 0.401604 0.492141 0.292280 0.311318 0.267791 0.539214 0.223698 0.158353 0.320420 0.298483 0.071060 0.306570 0.189094 0.324567 0.144480 0.182967 0.457432 0.515759 0.207465
-9999 -9999 -9999 -9999 -9999 -9999 -9999 -9999 0.384288 0.330786 0.506764 0.251203 0.185288 0.369298 0.528002 0.586276 0.168539 0.360522 0.452096 0.384114 0.380944 0.449757 0.131647 0.118163 0.446030 0.202744 0.143060 0.371564 0.385929 0.420518 0.471150 0.276018 0.183871 0.424721 0.173580 0.431048 0.267362 0.377876 0.205504 0.227538 0.326474 0.656156 0.293321 0.393442 0.384101 0.121587 0.532811 0.098817 0.170661 0.084736 0.233190 0.342288 0.194308 0.201021 0.309216 0.187328 0.333272 0.429223 0.401512 0.355225 0.218463 0.285987 0.126590
-9999 -9999 -9999 -9999 -9999 -9999 -9999 -9999 0.264955 0.583297 0.365591 0.265382 0.403143 0.481523 0.351216 0.242750 0.256615 0.203656 0.456003 0.487222 0.471758 0.040752 0.212599 0.527703 0.258062 0.226153 0.437076 0.224221 0.342883 0.230959 0.220256 0.509544 0.210308 0.230818 0.392894 0.237673 0.414164 0.353327 0.232634 0.271022 0.000000 0.310122 0.288960 0.430523 0.334737 0.535592 0.169612 0.177215 0.261826 0.277063 0.238967 0.245681 0.346992 0.064197 0.251339 0.062473 0.238969 0.134963 0.209171 0.136518 0.378637 0.217991 0.506979
-9999 -9999 -9999 -9999 -9999 -9999 -9999 -9999 0.415399 0.206979 0.208753 0.457097 0.349874 0.383078 0.455614 0.316586 0.252707 0.334695 0.460249 0.377829 0.423688 0.128911 0.556048 0.494394 0.301955 0.285078 0.501025 0.252848 0.291957 0.415800 0.318234 0.477215 0.340360 0.260788 0.496054 0.441380 0.000000 0.064378 0.235944 0.260777 0.197107 0.186459 0.186687 0.358070 0.175207 0.202378 0.106569 0.198295 0.324232 0.245836 0.307603 0.371279 0.134008 0.371610 0.261031 0.113101 0.274898 0.321573 0.216950 0.252435 0.000000 0.180371 0.450319
-9999 -9999 -9999 -9999 -9999 -9999 -9999 -9999 0.242400 0.342279 0.270151 0.509410 0.437493 0.334347 0.118312 0.198049 0.484711 0.362026 0.345994 0.339118 0.279902 0.525981 0.248242 0.403471 0.232442 0.533541 0.235464 0.034892 0.188333 0.466799 0.482543 0.242896 0.384911 0.554957 0.306242 0.411130 0.283594 0.228865 0.260167 0.364717 0.438782 0.128139 0.190288 0.277447 0.311856 0.100558 0.319675 0.223192 0.098911 0.098707 0.311272 0.252872 0.358035 0.311401 0.227941 0.330433 0.291411 0.171247 0.079865 0.370514 0.213172 0.360876 0.206289
-9999 -9999 -9999 -9999 -9999 -9999 -9999 -9999 0.430709 0.092685 0.402246 0.304978 0.265987 0.304132 0.593968 0.259691 0.453040 0.394168 0.384655 0.253195 0.330336 0.410503 0.132578 0.484273 0.331484 0.148385 0.235293 0.390740 0.472765 0.435933 0.315030 0.283311 0.198473 0.334098 0.312382 0.346879 0.000000 0.000000 0.262623 0.163516 0.282261 0.200110 0.271714 0.221464 0.362153 0.264379 0.069830 0.000000 0.226095 0.476047 0.255164 0.366032 0.317854 0.287093 0.003969 0.240554 0.209096 0.298691 0.184067 0.348766 0.079724 0.332077 0.142346
-9999 -9999 -9999 -9999 -9999 -9999 -9999 -9999 0.207491 0.238314 0.378762 0.466296 0.359780 0.261762 0.324274 0.335653 0.169887 0.360413 0.261327 0.266167 0.270241 0.411788 0.229740 0.415131 0.380527 0.174019 0.189924 0.500016 0.386897 0.294095 0.156178 0.292711 0.174887 0.470133 0.281641 0.293410 0.426407 0.284153 0.178777 0.319503 0.346386 0.387712 0.271831 0.238782 0.299272 0.304254 0.157928 0.341728 0.225205 0.426502 0.083197 0.469186 0.211883 0.260479 0.247264 0.278158 0.132566 0.275324 0.248211 0.135492 0.214974 0.337037 0.311571
-9999 -9999 -9999 -9999 -9999 -9999 -9999 -9999 0.470867 0.228806 0.545062 0.354510 0.383702 0.477960 0.525135 0.509496 0.307070 0.160596 0.536117 0.395278 0.444881 0.293040 0.160406 0.330296 0.440079 0.423781 0.263605 0.471748 0.514127 0.333858 0.328597 0.466908 0.477675 0.370310 0.505764 0.473575 0.270286 0.275029 0.350557 0.221362 0.204517 0.240807 0.187577 0.199077 0.096315 0.256842 0.266326 0.166272 0.185300 0.306286 0.413064 0.224842 0.192090 0.326536 0.293435 0.236171 0.242120 0.248174 0.271753 0.204340 0.339030 0.450485 0.170679
