DEPONS-master/data/CentralBaltic/prey0000_04.asc
NCOLS 400 
NROWS 400 
XLLCORNER 4750000.0 
YLLCORNER 3200000.0 
CELLSIZE 1000.0 
NODATA_value -9999 
[rows 56 to 83 of 400, columns 0 to 62 of 400]
-9999 -9999 -9999 -9999 -9999 -9999 -9999 -9999 0.780716 0.950660 0.791732 0.605341 0.480205 0.636071 0.318026 0.680821 0.282001 0.381322 0.592312 0.493494 0.603493 0.721585 0.526032 0.934929 0.401965 0.853646 0.721043 0.631678 0.366354 0.369740 0.399310 0.570438 0.780578 0.390468 0.592329 0.417875 0.525567 0.536525 0.480261 0.678067 0.732258 0.611835 0.603308 0.722658 0.398571 0.364267 0.686136 0.262878 0.640299 0.370908 0.562563 0.217553 0.519115 0.736220 0.682819 0.599532 0.431790 0.495499 0.223701 0.367643 0.297551 0.556212 0.404333
-9999 -9999 -9999 -9999 -9999 -9999 -9999 -9999 0.610256 0.851279 0.982378 0.625303 0.667925 0.822244 0.523038 0.472780 0.641779 0.825762 0.641374 0.826941 0.458317 0.495381 0.529792 0.659185 0.510478 0.679682 0.529804 0.407927 0.347905 0.438233 0.482254 0.527818 0.710927 0.710813 0.648413 0.506973 0.448878 0.742632 0.302145 0.542248 0.718014 0.404522 0.437154 0.468930 0.497169 0.459046 0.544265 0.419187 0.644377 0.461690 0.357069 0.557363 0.731836 0.308351 0.726806 0.548119 0.502230 0.835271 0.368302 0.472082 0.355955 0.659860 0.561225
-9999 -9999 -9999 -9999 -9999 -9999 -9999 -9999 0.575490 0.776491 0.740353 0.800739 0.773463 0.476593 0.548902 0.787266 0.494313 0.821074 0.626275 0.473540 0.570966 0.740626 0.631444 0.737808 0.477874 0.754584 0.447950 0.744837 0.378236 0.483987 0.718907 0.906035 0.344689 0.214801 0.648999 0.514116 0.564594 0.432140 0.333598 0.587685 0.559871 0.645189 0.850400 0.563239 0.545129 0.534122 0.657389 0.669921 0.354477 0.577488 0.695568 0.576963 0.379492 0.203284 0.507569 0.402521 0.696504 0.472147 0.589633 0.583466 0.342455 0.460797 0.175549
-9999 -9999 -9999 -9999 -9999 -9999 -9999 -9999 0.898104 0.461031 0.876690 0.724525 0.842332 0.699390 0.642570 0.400216 0.450462 0.687315 0.557620 0.593936 0.715590 0.743032 0.770860 0.433562 0.437355 0.339524 0.755570 0.517612 0.352822 0.697649 0.425207 0.457032 0.676493 1.000000 0.474796 0.878273 0.738517 0.670754 0.672012 0.825556 0.487767 0.462567 0.492879 0.657964 0.390154 0.378388 0.549490 0.376186 0.452394 0.608917 0.749205 0.500113 0.401896 0.474626 0.631766 0.336461 0.237470 0.382760 0.335520 0.207577 0.490953 0.646366 0.161958
-9999 -9999 -9999 -9999 -9999 -9999 -9999 -9999 0.495062 0.860320 0.527650 0.541130 0.699967 0.536695 0.560819 0.664871 0.733073 0.738657 0.764274 0.597951 0.142722 0.752225 0.504018 0.520271 0.719597 0.455111 0.543545 0.505281 0.773107 0.530798 0.714137 0.360771 0.806552 0.728361 0.701744 0.420982 0.496345 0.592900 0.545093 0.595056 0.762348 0.682064 0.604311 0.643579 0.481392 0.504920 0.132878 0.344923 0.444735 0.601951 0.636319 0.277689 0.619520 0.378452 0.373083 0.426672 0.176493 0.698092 0.700398 0.440711 0.262508 0.391115 0.524595
-9999 -9999 -9999 -9999 -9999 -9999 -9999 -9999 0.723350 0.669856 0.851707 0.987511 0.727063 0.745124 0.632732 0.472237 0.794573 0.488427 0.876746 0.707342 0.746068 0.424962 0.885424 0.817728 0.582616 0.377422 0.514831 0.367328 0.660205 0.775278 0.680018 0.618551 0.646822 0.711808 0.620290 0.353461 0.569216 0.597483 0.850667 0.369810 0.536103 0.538311 0.484743 0.465442 0.367264 0.216681 0.684960 0.740666 0.715890 0.741538 0.545817 0.280403 0.401476 0.479057 0.647961 0.395985 0.371459 0.309464 0.559015 0.415440 0.372333 0.352476 0.635142
-9999 -9999 -9999 -9999 -9999 -9999 -9999 -9999 0.624353 0.822224 0.622646 0.653219 0.800265 0.626166 0.687356 0.628225 0.424831 0.602543 0.554913 0.851265 0.366438 0.857626 0.382206 0.547909 0.589421 0.473401 0.705897 0.571198 0.689215 0.559172 0.597858 0.491489 0.871859 0.395403 0.376412 0.814717 0.583985 0.789577 0.561488 0.719114 0.536577 0.490547 0.501147 0.251618 0.659545 0.825679 0.541816 0.456864 0.578665 0.455045 0.155785 0.611816 0.614267 0.476829 0.683893 0.508960 0.628581 0.515042 0.413650 0.644707 0.636725 0.498868 0.455144
-9999 -9999 -9999 -9999 -9999 -9999 -9999 -9999 0.627649 0.751516 0.798922 0.380097 0.724027 0.458197 0.609002 0.817492 0.813193 0.861201 0.771078 0.657124 0.909273 0.970093 0.668179 0.390252 0.671319 0.550253 0.664891 0.532562 0.700656 0.372497 0.900901 0.373703 0.535662 0.522017 0.647281 0.736743 0.641523 0.549668 0.654477 0.765728 0.256614 0.504682 0.567866 0.460856 0.496218 0.572425 0.535103 0.562487 0.636210 0.273777 0.556200 0.331560 0.689257 0.405556 0.490772 0.560217 0.756865 0.663374 0.453633 0.433723 0.769383 0.237862 0.623303
-9999 -9999 -9999 -9999 -9999 -9999 -9999 -9999 0.688075 0.853246 0.482951 0.644944 0.399883 0.477608 0.603309 0.664342 0.554474 0.763669 0.663474 0.406692 0.446054 0.387986 0.731911 0.532008 0.356993 0.321154 0.786619 0.775976 0.594931 0.628581 0.459024 0.573178 0.527863 0.665352 0.687962 0.531173 0.682971 0.576926 0.425750 0.639483 0.544106 0.824571 0.564603 0.429231 1.000000 0.531450 0.261865 0.178224 0.415324 0.766857 0.378218 0.743417 0.454497 0.373474 0.688303 0.753064 0.459607 0.674833 0.607307 0.370813 0.274155 0.407475 0.750007
-9999 -9999 -9999 -9999 -9999 -9999 -9999 -9999 0.580311 0.809947 0.857486 0.589671 0.916279 0.844234 0.666268 0.811747 0.633936 0.680416 0.987049 0.545832 0.785950 0.855172 0.622633 0.243561 0.630738 0.747700 0.649926 0.519963 0.650453 0.699742 0.759063 0.604520 0.443694 0.090911 0.338140 0.434226 0.430158 0.432125 0.844452 0.467539 0.513011 0.582981 0.725809 0.468767 0.716252 0.633952 0.458698 0.329736 0.371853 0.514434 0.635232 0.250457 0.598714 0.438784 0.382355 0.366236 0.275591 0.376239 0.380522 0.290841 0.628749 0.455154 0.319108
-9999 -9999 -9999 -9999 -9999 -9999 -9999 -9999 0.890429 0.984420 0.880199 0.690422 0.736809 0.737104 0.631891 0.530850 0.654290 0.951748 0.415185 0.812423 0.518730 0.454622 0.533992 0.689094 0.767976 0.832751 0.577738 0.415258 0.491915 0.432112 0.687752 0.607749 0.699742 0.833138 0.458375 0.509198 0.518438 0.562286 0.738089 0.532102 0.498775 0.710013 0.551695 0.499921 0.619909 0.392443 0.543853 0.325670 0.643045 0.348435 0.560603 0.663794 0.386788 0.359263 0.599213 0.083197 0.213277 0.745221 0.375509 0.659112 0.342522 0.354187 0.485256
-9999 -9999 -9999 -9999 -9999 -9999 -9999 -9999 0.628270 0.691542 0.691087 0.836549 0.875066 0.518905 0.598327 0.342621 0.678905 0.617830 0.739290 0.542523 0.499182 0.423335 0.567347 0.705109 0.328294 0.620537 0.536124 0.655443 0.320187 0.914463 0.702723 0.491610 0.281524 0.404369 0.351544 0.250424 0.527789 0.487300 0.449657 0.443571 0.372922 0.723426 0.772862 0.573342 0.583761 0.691256 0.459115 0.711530 0.477292 0.749757 0.283271 0.192741 0.282108 0.555250 0.438033 0.195333 0.399176 0.606113 0.092109 0.665975 0.481681 0.583149 0.478031
-9999 -9999 -9999 -9999 -9999 -9999 -9999 -9999 0.570180 0.922751 0.607645 0.832739 0.541146 0.506787 0.452138 0.855745 0.548320 0.812088 0.755333 0.693546 0.704278 0.851254 0.760746 0.345071 0.533180 0.608880 0.254933 0.746189 0.760519 0.551577 0.716025 0.368484 0.296086 0.512922 0.457158 0.467954 0.339599 0.784349 0.672398 0.244846 0.649438 0.612977 0.635430 0.625364 0.595712 0.213108 0.461736 0.717030 0.694187 0.769890 0.646260 0.329722 0.673971 0.545682 0.638090 0.439963 0.770285 0.572087 0.556365 0.276491 0.561659 0.741477 0.381921
-9999 -9999 -9999 -9999 -9999 -9999 -9999 -9999 0.608612 0.787744 0.933037 0.718614 0.698092 0.756836 0.662921 0.432327 0.640081 0.472899 0.587108 0.663179 0.852386 0.634093 0.815813 0.567534 0.698078 0.468412 0.984055 0.511021 0.841458 0.635160 0.721378 0.349204 0.617113 0.377818 0.771363 0.694712 0.883635 0.456015 0.324941 0.485938 0.630115 0.722754 0.418444 0.308452 0.507195 0.625574 0.590023 0.468927 0.325389 0.622925 0.862255 0.230437 0.248057 0.401612 0.404620 0.732721 0.357238 0.728467 0.538298 0.414714 0.229215 0.729432 0.458626
-9999 -9999 -9999 -9999 -9999 -9999 -9999 -9999 0.706298 0.750445 0.950295 0.681096 0.686614 0.643710 0.465828 0.869623 0.761040 0.641303 0.554748 0.753155 0.793707 0.424686 0.786125 0.567210 0.607519 0.505603 0.928586 0.436157 0.619205 0.503212 0.696487 0.508693 0.591147 0.663655 0.687991 0.615173 0.504071 0.584513 0.349900 0.254572 0.686614 0.584138 0.635218 0.334226 0.651301 0.205448 0.685512 0.797857 0.818721 0.637419 0.756371 0.487020 0.716644 0.696042 0.409172 0.176238 0.494502 0.293400 0.274289 0.583184 0.272484 0.589966 0.298440
-9999 -9999 -9999 -9999 -9999 -9999 -9999 -9999 0.899600 0.568504 0.968109 0.888116 0.885349 0.709950 0.663154 0.703748 0.293545 0.667781 0.689541 0.595233 0.505253 0.484071 0.330531 0.719090 0.822117 0.638139 0.756838 0.719412 0.524947 0.498579 0.574915 0.309831 0.531024 0.470594 0.764964 0.689878 0.378480 0.335240 0.470878 0.614868 0.571417 0.350658 0.360930 0.528310 0.622091 0.552677 0.547088 0.656028 0.744943 0.483601 0.697240 0.580422 0.581281 0.347709 0.298041 0.395835 0.399750 0.573203 0.655758 0.184734 0.469905 0.700310 0.390607
-9999 -9999 -9999 -9999 -9999 -9999 -9999 -9999 0.730778 0.894525 0.661572 0.713229 0.478986 0.810389 0.615353 0.490460 0.854693 0.770024 0.421385 0.648632 0.617988 0.663494 0.545347 0.523494 0.884111 0.580033 0.470319 0.718671 0.590364 0.869630 0.697910 0.581306 0.708510 0.197526 0.653396 0.708571 0.686919 0.382137 0.724121 0.535574 0.642454 0.394729 0.763441 0.651035 0.563105 0.499346 0.642032 0.348613 0.449949 0.742399 0.781312 0.474266 0.789421 0.164126 0.518055 0.316956 0.369224 0.926013 0.622174 0.202226 0.494600 0.393745 0.551560
-9999 -9999 -9999 -9999 -9999 -9999 -9999 -9999 0.862308 0.820381 0.745091 0.958001 0.779511 0.654073 0.685446 0.351764 0.634567 0.767369 0.816339 0.411824 0.782047 0.880499 0.468191 0.765457 0.454206 0.505313 0.652172 0.947741 0.866656 0.615796 0.874495 0.611579 0.431512 0.658318 0.697711 0.518512 0.352693 0.445229 0.617534 0.581209 0.333296 0.364072 0.206982 0.760198 0.765471 0.702649 0.342053 0.533231 0.440979 0.622178 0.361275 0.472627 0.607478 0.600467 0.827185 0.615338 0.436535 0.703743 0.403044 0.616750 0.297174 0.741357 0.187981
-9999 -9999 -9999 -9999 -9999 -9999 -9999 -9999 0.679310 0.590586 0.586519 0.563323 0.760745 0.759606 0.555738 0.666270 0.700735 0.548277 0.497505 0.582951 0.723107 0.535743 0.530700 0.754073 0.744557 0.937824 0.584844 0.415756 0.877554 0.581468 0.835252 0.618987 0.710745 0.778653 0.490224 0.578348 0.615779 0.369698 0.712089 0.572299 0.291779 0.430760 0.491835 0.826958 0.698374 0.471575 0.492373 0.559620 0.659456 0.492455 0.505890 0.756838 0.370708 0.235277 0.567618 0.659057 0.286818 0.315869 0.474887 0.539668 0.558271 0.551888 0.484465
-9999 -9999 -9999 -9999 -9999 -9999 -9999 -9999 0.338823 0.773268 0.746687 0.872183 0.535442 0.624401 0.880174 0.748565 0.721531 0.914523 0.664071 0.435062 0.486029 0.605929 0.605942 0.938742 0.548452 0.966133 0.550574 0.749240 0.895731 0.609870 0.620433 0.448714 0.296550 0.505261 0.602602 0.919200 0.657636 0.658891 0.597643 0.351248 0.440233 0.302467 0.807331 0.567693 0.351166 0.434884 0.624831 0.496697 0.740524 0.122556 0.768043 0.577285 0.426017 0.731042 0.408222 0.418812 0.116586 0.487450 0.212401 0.329739 0.442409 0.793707 0.483610
-9999 -9999 -9999 -9999 -9999 -9999 -9999 -9999 0.615027 0.520470 0.631407 0.829465 0.360296 0.630650 0.854731 0.558230 0.342414 0.560018 0.621276 0.591991 0.469483 0.468691 0.603381 0.684768 0.493830 0.811356 0.863237 0.632200 0.746945 0.522401 0.714559 0.544816 0.286430 0.661323 0.411212 0.382426 0.518845 0.757263 0.436381 0.442141 0.636036 0.236198 0.630060 0.753466 0.396567 0.542319 0.229284 0.448439 0.415490 0.197884 0.599061 0.389750 0.448968 0.361564 0.432407 0.570713 0.249551 0.335628 0.613943 0.671163 0.210125 0.629659 0.309094
-9999 -9999 -9999 -9999 -9999 -9999 -9999 -9999 0.673987 0.590240 0.803961 0.707161 0.550958 0.711208 0.955758 0.557550 0.544040 0.620229 0.552869 0.886574 0.588592 0.575041 0.491477 0.744507 0.350963 0.762768 0.656526 0.867516 0.856099 0.584096 0.432773 0.622152 0.906746 0.247287 0.729590 0.424013 0.594848 0.493305 0.610934 0.314967 0.394292 0.391220 0.518661 0.328531 0.615738 0.643149 0.712880 0.326770 0.397165 0.317995 0.447998 0.542301 0.539781 0.180729 0.440540 0.575418 0.344351 0.554223 0.666063 0.538978 0.544758 0.503638 0.580429
-9999 -9999 -9999 -9999 -9999 -9999 -9999 -9999 0.784568 0.599800 0.410421 0.780349 0.623152 0.661560 0.773386 0.458745 0.670346 0.550395 0.379743 0.561205 0.815291 0.481026 0.453197 0.551110 0.454847 0.348614 0.502074 0.672391 0.671733 0.808064 0.392280 0.416768 0.510643 0.794185 0.439036 0.420885 0.577630 0.717156 0.526190 0.283039 0.532678 0.630260 0.580234 0.763987 0.654866 0.328052 0.491220 0.183103 0.467160 0.711613 0.423162 0.747062 0.347693 0.473558 0.336831 0.303274 0.616519 0.630466 0.271170 0.629578 0.291331 0.443631 0.581468
-9999 -9999 -9999 -9999 -9999 -9999 -9999 -9999 0.628438 0.495486 0.753187 0.822721 0.699316 0.736525 0.845803 0.551678 0.582977 0.718560 0.411856 0.577980 0.651744 0.301064 0.482720 0.548013 0.339870 0.444901 0.554009 0.496301 0.578845 0.845134 0.183984 0.483012 0.502720 0.731685 0.542515 0.278842 0.606970 0.547624 0.374921 0.575728 0.435556 0.770148 0.511511 0.605534 0.480613 0.516535 0.370786 0.307226 0.529831 0.365318 0.608562 0.532003 0.242873 0.441105 0.428861 0.396132 0.385233 0.475439 0.398875 0.445077 0.537014 0.384320 0.544154
-9999 -9999 -9999 -9999 -9999 -9999 -9999 -9999 0.846866 0.580526 0.348122 0.676073 0.664469 0.670905 0.669627 0.737819 0.735850 0.716721 0.723345 0.944023 0.863545 0.602881 0.913340 0.388473 0.747202 0.398763 0.253889 0.506658 0.648343 0.477644 0.592756 0.606519 0.330056 0.436467 0.552464 0.489180 0.543831 0.535687 0.901294 0.620694 0.245329 0.774437 0.565131 0.250691 0.749931 0.528003 0.451423 0.612770 0.407323 0.685085 0.322859 0.451277 0.560398 0.433895 0.611483 0.255722 0.337162 0.589932 0.378886 0.766063 0.461537 0.275634 0.380483
-9999 -9999 -9999 -9999 -9999 -9999 -9999 -9999 0.775278 0.548127 0.524422 0.528139 0.683518 0.668746 0.773235 0.501842 0.727534 0.693430 0.762817 0.780816 0.701051 0.911272 0.660358 0.601114 0.951343 0.450242 0.714536 0.744347 0.569053 0.841835 0.508952 0.556624 0.608643 0.221089 0.674995 0.634927 0.362621 0.457476 0.690013 0.596364 0.502385 0.582414 0.749822 0.542891 0.645143 0.478178 0.330037 0.333313 0.566361 0.797071 0.604565 0.447885 0.710844 0.583945 0.552725 0.542789 0.319091 0.518658 0.639804 0.519936 0.474335 0.326766 0.577863
-9999 -9999 -9999 -9999 -9999 -9999 -9999 -9999 0.747869 0.515841 0.596515 0.529344 0.893791 0.732001 0.524534 0.504419 0.216401 0.490803 0.480525 0.719775 0.553575 0.671198 0.470367 0.576696 0.498673 0.777843 0.570245 1.000000 0.743258 0.505029 0.916817 0.645404 0.777471 0.536947 0.516533 0.535525 0.539473 0.343957 0.611450 0.414724 0.459157 0.448171 0.200987 0.859338 0.370033 0.676458 0.439875 0.503540 0.478589 0.466228 0.528786 0.466447 0.435972 0.382869 0.455125 0.211940 0.678323 0.656525 0.303314 0.686146 0.578330 0.573110 0.500392
-9999 -9999 -9999 -9999 -9999 -9999 -9999 -9999 0.568334 0.810770 0.884556 0.864065 0.638891 0.713025 0.849318 0.848022 0.699268 0.634148 0.489844 0.485479 0.876623 0.612369 0.433296 0.611184 0.708622 0.483587 0.480223 0.532130 0.645755 0.906902 0.790982 0.567873 0.678241 0.572086 0.553559 0.619576 0.409118 0.625721 0.786174 0.658582 0.435810 0.392477 0.595085 0.524013 0.614613 0.654352 0.510989 0.396752 0.664760 0.356684 0.627431 0.791535 0.454963 0.277881 0.638355 0.762121 0.803588 0.762303 0.668094 0.664733 0.287074 0.493400 0.414396
