DEPONS-master/data/CentralBaltic/prey0000_03.asc
NCOLS 400 
NROWS 400 
XLLCORNER 4750000.0 
YLLCORNER 3200000.0 
CELLSIZE 1000.0 
NODATA_value -9999 
[rows 140 to 167 of 400, columns 63 to 125 of 400]
0.242107 0.436058 0.525146 0.285262 0.298734 0.306408 0.360077 0.401870 0.499162 0.393246 0.192265 0.491454 0.516142 0.348170 0.226038 0.451730 0.594508 0.406113 0.249399 0.544087 0.294297 0.116330 0.544704 0.331052 0.298939 0.432823 0.389933 0.260675 0.338771 0.486682 0.278598 0.356996 0.483902 0.394778 0.419808 0.404205 0.242432 0.576614 0.385325 0.504917 0.451766 0.230142 0.381299 0.259560 0.509397 0.291268 0.271542 0.565421 0.328001 0.309465 0.408074 0.446996 0.394103 0.335045 0.282570 0.394800 0.368485 0.429204 0.411325 0.445369 0.539148 0.476565 0.190607
0.447050 0.289216 0.474543 0.468773 0.227306 0.556346 0.209535 0.193802 0.192979 0.589898 0.357185 0.428399 0.258619 0.613834 0.468482 0.227874 0.449339 0.252625 0.487297 0.309644 0.228538 0.567476 0.647838 0.353328 0.286890 0.027395 0.451089 0.231502 0.375279 0.595242 0.547797 0.534408 0.408003 0.306109 0.339073 0.514752 0.535955 0.267487 0.317463 0.194800 0.552374 0.543297 0.207394 0.540206 0.177396 0.206913 0.530515 0.244674 0.351961 0.435844 0.204675 0.257971 0.499412 0.443497 0.688314 0.526685 0.473958 0.319729 0.466137 0.611436 0.370198 0.385109 0.532893
0.403682 0.415263 0.298287 0.321051 0.157362 0.259312 0.229683 0.262780 0.312978 0.285587 0.343173 0.535991 0.399098 0.325298 0.203075 0.339745 0.413906 0.508485 0.236649 0.430446 0.654354 0.360712 0.296260 0.325010 0.460626 0.355019 0.646503 0.495464 0.406533 0.106404 0.134934 0.440326 0.383775 0.410296 0.419682 0.194087 0.184942 0.145730 0.305732 0.351058 0.217270 0.110381 0.567584 0.572415 0.269833 0.321577 0.392632 0.183172 0.460244 0.528077 0.428242 0.557174 0.140589 0.271996 0.296342 0.619011 0.436769 0.152972 0.275108 0.515469 0.547598 0.175005 0.279628
0.215200 0.522524 0.419938 0.408202 0.472603 0.302381 0.436491 0.345878 0.357290 0.445139 0.535979 0.302534 0.261379 0.432295 0.446385 0.634250 0.278824 0.018245 0.473938 0.445831 0.420100 0.326045 0.298819 0.312717 0.495209 0.284325 0.209962 0.442386 0.314553 0.592500 0.294343 0.544200 0.627862 0.280755 0.134891 0.561258 0.602570 0.473309 0.473170 0.288662 0.515430 0.470203 0.369812 0.409898 0.339462 0.342512 0.367846 0.219741 0.252574 0.531724 0.524444 0.615844 0.506607 0.401705 0.484541 0.271897 0.356192 0.270635 0.442917 0.311682 0.251728 0.141547 0.139387
0.380314 0.376017 0.459002 0.388345 0.477354 0.250235 0.440582 0.314157 0.620066 0.649180 0.367255 0.300895 0.751209 0.265193 0.524846 0.201667 0.547555 0.196576 0.309611 0.426345 0.286886 0.259863 0.284291 0.199916 0.535580 0.492455 0.393265 0.276405 0.588811 0.188720 0.503478 0.266861 0.484711 0.381906 0.549737 0.402059 0.489858 0.372576 0.223833 0.118291 0.282848 0.447749 0.000000 0.538510 0.202400 0.496142 0.273531 0.257232 0.615068 0.155332 0.229524 0.309106 0.426072 0.266490 0.641305 0.298431 0.396923 0.212666 0.238474 0.451973 0.519775 0.394196 0.557352
0.349662 0.439974 0.343495 0.124257 0.591370 0.545951 0.587118 0.410834 0.404603 0.281489 0.520488 0.459922 0.567649 0.262922 0.314621 0.531002 0.462557 0.543107 0.390748 0.415202 0.374800 0.400870 0.606866 0.506857 0.599233 0.345831 0.109881 0.244387 0.547381 0.211864 0.274226 0.254969 0.432258 0.445419 0.636614 0.336902 0.514218 0.340275 0.336523 0.347879 0.320900 0.312261 0.288253 0.437533 0.340049 0.544473 0.176961 0.422462 0.653847 0.672845 0.483892 0.466782 0.425819 0.337964 0.751050 0.502261 0.025202 0.523932 0.300597 0.456912 0.524322 0.380401 0.387559
0.559778 0.599063 0.438497 0.312553 0.399949 0.645086 0.391477 0.153904 0.432480 0.091555 0.659369 0.244326 0.595855 0.508822 0.453043 0.537777 0.694658 0.523779 0.303062 0.431363 0.221830 0.554133 0.212428 0.159198 0.414732 0.373629 0.428053 0.336215 0.554752 0.478875 0.611237 0.348498 0.165815 0.307287 0.486115 0.403330 0.283162 0.257674 0.493960 0.213125 0.345650 0.436415 0.552338 0.221607 0.353445 0.263494 0.338561 0.137865 0.350299 0.293241 0.366822 0.451278 0.524467 0.197676 0.397798 0.279597 0.419075 0.278928 0.467049 0.279127 0.387093 0.267055 0.482862
0.563377 0.318744 0.172545 0.371907 0.599136 0.185563 0.528646 0.612841 0.584974 0.583003 0.269762 0.325012 0.633872 0.499188 0.164839 0.362454 0.422251 0.362016 0.376669 0.305673 0.337141 0.355268 0.323759 0.539707 0.123184 0.274201 0.259562 0.241242 0.509907 0.270643 0.340153 0.369359 0.595634 0.373753 0.327960 0.489700 0.390562 0.157982 0.046711 0.216199 0.190354 0.251700 0.426886 0.531080 0.320508 0.578799 0.375145 0.778794 0.355567 0.342198 0.691542 0.314123 0.361132 0.568382 0.499510 0.226362 0.104448 0.317580 0.469212 0.443168 0.422113 0.536850 0.335798
0.199070 0.364297 0.458106 0.623328 0.282071 0.333563 0.275017 0.259949 0.374650 0.314864 0.369243 0.509096 0.384979 0.619638 0.253198 0.285003 0.452481 0.475554 0.423902 0.394493 0.408537 0.134643 0.211356 0.361881 0.488218 0.497260 0.629980 0.443975 0.346179 0.589855 0.308077 0.207538 0.301420 0.249390 0.686659 0.057039 0.588085 0.601221 0.484283 0.532160 0.251544 0.617402 0.252851 0.182684 0.551814 0.465337 0.441686 0.379715 0.729758 0.458611 0.510124 0.493666 0.448063 0.261406 0.248741 0.545793 0.550796 0.441455 0.202733 0.199630 0.136552 0.365597 0.376564
0.227056 0.414390 0.711868 0.270020 0.467347 0.353123 0.358850 0.281080 0.445530 0.220934 0.419093 0.434305 0.146612 0.414505 0.282094 0.626622 0.428078 0.430338 0.165613 0.298907 0.500288 0.377531 0.181825 0.395780 0.591757 0.593726 0.581170 0.625191 0.287231 0.369969 0.261801 0.464782 0.345878 0.434406 0.397768 0.387562 0.418684 0.387036 0.365260 0.297383 0.385375 0.321295 0.344369 0.802567 0.245833 0.388816 0.401102 0.006981 0.320013 0.263437 0.183300 0.283421 0.366755 0.331062 0.734019 0.321211 0.584809 0.355447 0.337875 0.574111 0.361507 0.418728 0.382063
0.458898 0.724074 0.428656 0.493459 0.570043 0.389240 0.383779 0.100068 0.086911 0.129812 0.536191 0.535431 0.449578 0.444838 0.416109 0.349853 0.172545 0.304895 0.016836 0.492943 0.484988 0.381679 0.341531 0.473813 0.515160 0.507934 0.443418 0.483634 0.232764 0.275140 0.494030 0.626581 0.315311 0.472273 0.149611 0.216375 0.492132 0.345689 0.624199 0.340363 0.248217 0.463501 0.271146 0.413286 0.496886 0.326560 0.518554 0.446211 0.316483 0.386084 0.403032 0.483539 0.369006 0.147149 0.540998 0.407143 0.480298 0.395503 0.334874 0.271486 0.418996 0.328750 0.245290
0.261132 0.360007 0.491889 0.252101 0.137528 0.553904 0.426444 0.260892 0.220507 0.652162 0.464448 0.443193 0.441234 0.223646 0.287831 0.658166 0.147368 0.393788 0.493577 0.250987 0.350507 0.574014 0.375282 0.311647 0.343962 0.584700 0.277536 0.439368 0.560843 0.653933 0.546877 0.399518 0.596335 0.482675 0.162619 0.372243 0.313272 0.377725 0.374657 0.466133 0.423290 0.527981 0.374929 0.432939 0.338943 0.629177 0.424848 0.619346 0.203840 0.476738 0.457128 0.327075 0.442360 0.525325 0.287213 0.458140 0.346884 0.477302 0.559158 0.335836 0.463374 0.792754 0.509929
0.555362 0.611565 0.243566 0.425098 0.248254 0.250228 0.324368 0.150730 0.395282 0.572124 0.331981 0.181971 0.194272 0.380614 0.203204 0.213417 0.121275 0.599872 0.425869 0.319946 0.472960 0.357779 0.533834 0.442226 0.385980 0.343525 0.505584 0.264238 0.402451 0.161293 0.713666 0.651798 0.551633 0.224223 0.204269 0.674594 0.534818 0.477781 0.605282 0.485444 0.565276 0.449178 0.530773 0.411466 0.437385 0.492053 0.399577 0.403654 0.280030 0.266975 0.528357 0.466854 0.357635 0.375813 0.349904 0.342698 0.684395 0.497055 0.396892 0.590923 0.651898 0.372975 0.378500
0.275086 0.543521 0.508612 0.543884 0.364621 0.544271 0.533559 0.431664 0.368223 0.289289 0.472184 0.431480 0.210131 0.493983 0.242588 0.471203 0.424276 0.463050 0.328319 0.439419 0.328004 0.553445 0.537702 0.389423 0.410914 0.389346 0.059570 0.222089 0.230906 0.539527 0.194435 0.669759 0.392396 0.210127 0.393828 0.704187 0.352726 0.317238 0.253676 0.215971 0.164192 0.153636 0.238865 0.297505 0.391856 0.504889 0.406995 0.336377 0.457733 0.255984 0.368151 0.362517 0.544073 0.539794 0.542163 0.537573 0.193984 0.224882 0.283920 0.360964 0.196599 0.421925 0.737219
0.568449 0.200288 0.586594 0.410357 0.439514 0.199264 0.247268 0.245709 0.376320 0.516380 0.098779 0.251695 0.662579 0.205829 0.414933 0.309503 0.174459 0.382494 0.550062 0.341452 0.373951 0.323011 0.129183 0.666144 0.323213 0.518223 0.622290 0.701526 0.593752 0.394107 0.283014 0.487470 0.387181 0.264907 0.401503 0.473618 0.591224 0.244258 0.368129 0.423514 0.361300 0.376604 0.243034 0.243834 0.340424 0.330108 0.385686 0.022446 0.565392 0.423565 0.564661 0.574368 0.501969 0.469271 0.516104 0.291637 0.262500 0.393908 0.391434 0.657510 0.582719 0.610983 0.257528
0.388741 0.592272 0.546520 0.275239 0.203673 0.284091 0.193546 0.397880 0.572551 0.369403 0.564455 0.336746 0.493469 0.470029 0.489661 0.093870 0.524309 0.281625 0.217834 0.493812 0.468138 0.345193 0.522403 0.390619 0.611130 0.391051 0.546728 0.051402 0.508735 0.410700 0.440982 0.134755 0.137702 0.454656 0.538838 0.375748 0.284729 0.182391 0.675073 0.461220 0.553050 0.290203 0.370683 0.239610 0.157430 0.539195 0.526669 0.531269 0.515162 0.356993 0.272567 0.250782 0.394254 0.444488 0.115313 0.472325 0.170206 0.719367 0.181010 0.463048 0.334801 0.409454 0.317561
0.324787 0.232993 0.606860 0.352946 0.315741 0.697066 0.416985 0.329827 0.446730 0.241907 0.579192 0.206772 0.449626 0.335395 0.053955 0.449751 0.668565 0.415744 0.623339 0.421543 0.566104 0.275387 0.614084 0.522884 0.443256 0.284611 0.761358 0.597607 0.308051 0.501453 0.484370 0.542125 0.394904 0.325827 0.275564 0.477311 0.117677 0.353962 0.143989 0.246978 0.312145 0.380903 0.394870 0.217485 0.478078 0.399331 0.322756 0.624821 0.599494 0.352316 0.433170 0.443125 0.443963 0.365770 0.550693 0.510979 0.366399 0.311110 0.356295 0.291346 0.487585 0.203483 0.477208
0.380413 0.326625 0.297233 0.065658 0.407459 0.340011 0.701138 0.124355 0.250652 0.198468 0.567582 0.294143 0.212663 0.251794 0.588203 0.273755 0.284151 0.252143 0.365320 0.415110 0.394873 0.284568 0.537546 0.342133 0.551469 0.355301 0.510340 0.426561 0.477836 0.495237 0.430240 0.268687 0.371410 0.360699 0.227349 0.358817 0.296852 0.395755 0.508157 0.569454 0.326208 0.475757 0.459659 0.372492 0.252653 0.189438 0.294634 0.415354 0.521398 0.247448 0.248613 0.501952 0.124656 0.344657 0.620775 0.471743 0.302822 0.582283 0.675956 0.393475 0.174955 0.415076 0.441179
0.359443 0.125674 0.308129 0.453063 0.355327 0.357230 0.385690 0.388312 0.512946 0.206643 0.648475 0.292239 0.274344 0.405516 0.140172 0.497765 0.485130 0.136137 0.502897 0.433560 0.283974 0.515201 0.262833 0.241012 0.676175 0.457890 0.494976 0.441990 0.372656 0.260825 0.489589 0.546211 0.179244 0.207740 0.428273 0.507714 0.432071 0.387622 0.081686 0.320085 0.463723 0.415116 0.560080 0.371411 0.199293 0.355285 0.397340 0.599024 0.468303 0.455964 0.613028 0.159073 0.563636 0.114028 0.068867 0.276482 0.630805 0.296748 0.456106 0.598824 0.285487 0.277844 0.443131
0.221452 0.562460 0.502796 0.258575 0.336815 0.370581 0.411227 0.444864 0.405396 0.527575 0.391439 0.565214 0.526495 0.415187 0.475630 0.482359 0.555043 0.275040 0.494412 0.319379 0.279339 0.452391 0.531385 0.144589 0.125545 0.297826 0.422809 0.547292 0.715526 0.411450 0.308816 0.286319 0.227254 0.298132 0.416700 0.341813 0.246580 0.301030 0.255418 0.169029 0.556158 0.335207 0.164919 0.596999 0.151046 0.347073 0.270048 0.436723 0.162828 0.435460 0.328347 0.233038 0.196260 0.282043 0.375373 0.233171 0.362007 0.522765 0.422815 0.431629 0.410765 0.397948 0.114289
0.298416 0.551541 0.575720 0.602211 0.269110 0.362203 0.300966 0.159517 0.611934 0.366401 0.457644 0.550035 0.528084 0.488891 0.084384 0.528864 0.221271 0.449849 0.429734 0.461781 0.459066 0.462916 0.262721 0.522629 0.202748 0.142519 0.519771 0.395743 0.390766 0.224498 0.218380 0.412653 0.387604 0.358944 0.375024 0.458531 0.391068 0.379120 0.512294 0.444603 0.254336 0.383089 0.413203 0.499830 0.307409 0.309905 0.349149 0.396492 0.346116 0.314206 0.250641 0.189055 0.448960 0.555552 0.433644 0.358695 0.167488 0.467665 0.161029 0.549105 0.042347 0.124631 0.694420
0.470255 0.558891 0.588412 0.479745 0.202459 0.403967 0.305597 0.545971 0.437505 0.478238 0.178415 0.337508 0.426425 0.539944 0.359615 0.416044 0.242011 0.221020 0.331683 0.469707 0.246631 0.517306 0.404747 0.423416 0.592442 0.421341 0.541354 0.423593 0.450613 0.381848 0.412192 0.370721 0.286918 0.542902 0.066699 0.489228 0.219116 0.271338 0.747014 0.586819 0.433229 0.140049 0.267726 0.299384 0.536267 0.424832 0.324337 0.191356 0.534114 0.348150 0.354135 0.594961 0.269365 0.580449 0.412511 0.216269 0.363153 0.213118 0.104954 0.486236 0.393494 0.449828 0.516892
0.494031 0.570047 0.519854 0.410295 0.285766 0.400526 0.587271 0.359729 0.520999 0.662919 0.389776 0.700389 0.421955 0.000000 0.322116 0.548925 0.392369 0.291410 0.292008 0.613159 0.425163 0.496311 0.547394 0.264935 0.327018 0.049573 0.342428 0.364694 0.241667 0.508011 0.485801 0.315556 0.392991 0.345184 0.332364 0.671986 0.398595 0.316726 0.367430 0.520798 0.217884 0.491130 0.295692 0.099919 0.457854 0.313770 0.474801 0.532498 0.673538 0.481793 0.286920 0.361600 0.334877 0.506472 0.563928 0.204802 0.265477 0.610173 0.616759 0.355835 0.521041 0.070157 0.279733
0.548243 0.522017 0.333904 0.380266 0.366809 0.442624 0.410850 0.454965 0.279953 0.535425 0.108146 0.456416 0.458731 0.544871 0.487228 0.521107 0.439392 0.527136 0.346069 0.595726 0.244186 0.643827 0.089493 0.515896 0.679726 0.517425 0.334889 0.517804 0.493691 0.252483 0.432365 0.223866 0.556821 0.147895 0.391274 0.353688 0.227040 0.368880 0.278046 0.417122 0.541269 0.314761 0.553742 0.556556 0.325328 0.376271 0.308623 0.225346 0.180199 0.524152 0.646075 0.272392 0.386060 0.137629 0.588160 0.510031 0.619059 0.445131 0.437130 0.304934 0.342847 0.496136 0.412936
0.531628 0.310046 0.516217 0.318672 0.434728 0.581584 0.398845 0.393816 0.282549 0.404241 0.405989 0.258552 0.314615 0.440592 0.535300 0.362198 0.483952 0.374718 0.314260 0.481131 0.163089 0.469045 0.495155 0.192509 0.312800 0.075439 0.488867 0.297244 0.303088 0.304966 0.210905 0.553172 0.129676 0.606146 0.323418 0.158180 0.324720 0.310858 0.334401 0.467075 0.377760 0.317627 0.364714 0.371790 0.597588 0.304283 0.493327 0.307095 0.053724 0.296654 0.195477 0.385408 0.358041 0.384637 0.220118 0.281957 0.426350 0.439184 0.430128 0.565015 0.516715 0.413526 0.522976
0.303358 0.359437 0.400561 0.524255 0.234234 0.445786 0.606755 0.574645 0.408931 0.395224 0.599353 0.155177 0.261771 0.611451 0.416409 0.586384 0.386392 0.376522 0.464778 0.415948 0.386093 0.630358 0.523492 0.340931 0.234432 0.206348 0.489244 0.562360 0.010815 0.366056 0.408330 0.627514 0.392540 0.227709 0.431509 0.264508 0.469597 0.455415 0.418327 0.334932 0.306278 0.483195 0.494939 0.540449 0.255741 0.289087 0.113048 0.406897 0.285705 0.620964 0.461881 0.215418 0.262764 0.579365 0.260806 0.289546 0.335440 0.463906 0.440834 0.216708 0.513616 0.712249 0.646099
0.351049 0.473542 0.247097 0.470190 0.666873 0.194113 0.504366 0.505686 0.704513 0.199558 0.394588 0.466075 0.389206 0.136256 0.161858 0.171643 0.142917 0.206965 0.482841 0.578739 0.514101 0.294479 0.540382 0.359140 0.434898 0.222498 0.299414 0.511428 0.489616 0.412022 0.535215 0.410902 0.322196 0.000000 0.169650 0.160439 0.228280 0.252636 0.272042 0.356898 0.402664 0.502143 0.380940 0.340741 0.494489 0.466920 0.474546 0.233724 0.262814 0.433344 0.615853 0.439659 0.456839 0.390225 0.462651 0.392355 0.480924 0.326004 0.425270 0.774182 0.239061 0.227100 0.311449
0.458062 0.478717 0.445225 0.386474 0.306270 0.165200 0.368092 0.408406 0.414234 0.287544 0.582440 0.587158 0.191642 0.355802 0.410499 0.268780 0.404667 0.490616 0.717708 0.255984 0.252877 0.527945 0.504110 0.405675 0.193429 0.548552 0.241748 0.299393 0.735584 0.331872 0.549617 0.534345 0.297244 0.476537 0.513300 0.342453 0.390116 0.404203 0.377218 0.310615 0.210048 0.260736 0.400609 0.352502 0.299859 0.150104 0.463018 0.445925 0.488156 0.219956 0.270677 0.358274 0.176849 0.526550 0.483410 0.280365 0.540022 0.474544 0.369541 0.549355 0.307548 0.289343 0.305537
