DEPONS-master/data/CentralBaltic/prey0000_05.asc
NCOLS 400 
NROWS 400 
XLLCORNER 4750000.0 
YLLCORNER 3200000.0 
CELLSIZE 1000.0 
NODATA_value -9999 
[rows 0 to 27 of 400, columns 189 to 251 of 400]
-9999 -9999 -9999 -9999 -9999 -9999 -9999 -9999 -9999 -9999 -9999 -9999 -9999 -9999 -9999 -9999 -9999 -9999 -9999 -9999 -9999 -9999 -9999 -9999 -9999 -9999 -9999 -9999 -9999 -9999 -9999 -9999 -9999 -9999 -9999 -9999 -9999 -9999 -9999 -9999 -9999 -9999 -9999 -9999 -9999 -9999 -9999 -9999 -9999 -9999 -9999 -9999 -9999 -9999 -9999 -9999 -9999 -9999 -9999 -9999 -9999 -9999 -9999
-9999 -9999 -9999 -9999 -9999 -9999 -9999 -9999 -9999 -9999 -9999 -9999 -9999 -9999 -9999 -9999 -9999 -9999 -9999 -9999 -9999 -9999 -9999 -9999 -9999 -9999 -9999 -9999 -9999 -9999 -9999 -9999 -9999 -9999 -9999 -9999 -9999 -9999 -9999 -9999 -9999 -9999 -9999 -9999 -9999 -9999 -9999 -9999 -9999 -9999 -9999 -9999 -9999 -9999 -9999 -9999 -9999 -9999 -9999 -9999 -9999 -9999 -9999
-9999 -9999 -9999 -9999 -9999 -9999 -9999 -9999 -9999 -9999 -9999 -9999 -9999 -9999 -9999 -9999 -9999 -9999 -9999 -9999 -9999 -9999 -9999 -9999 -9999 -9999 -9999 -9999 -9999 -9999 -9999 -9999 -9999 -9999 -9999 -9999 -9999 -9999 -9999 -9999 -9999 -9999 -9999 -9999 -9999 -9999 -9999 -9999 -9999 -9999 -9999 -9999 -9999 -9999 -9999 -9999 -9999 -9999 -9999 -9999 -9999 -9999 -9999
-9999 -9999 -9999 -9999 -9999 -9999 -9999 -9999 -9999 -9999 -9999 -9999 -9999 -9999 -9999 -9999 -9999 -9999 -9999 -9999 -9999 -9999 -9999 -9999 -9999 -9999 -9999 -9999 -9999 -9999 -9999 -9999 -9999 -9999 -9999 -9999 -9999 -9999 -9999 -9999 -9999 -9999 -9999 -9999 -9999 -9999 -9999 -9999 -9999 -9999 -9999 -9999 -9999 -9999 -9999 -9999 -9999 -9999 -9999 -9999 -9999 -9999 -9999
-9999 -9999 -9999 -9999 -9999 -9999 -9999 -9999 -9999 -9999 -9999 -9999 -9999 -9999 -9999 -9999 -9999 -9999 -9999 -9999 -9999 -9999 -9999 -9999 -9999 -9999 -9999 -9999 -9999 -9999 -9999 -9999 -9999 -9999 -9999 -9999 -9999 -9999 -9999 -9999 -9999 -9999 -9999 -9999 -9999 -9999 -9999 -9999 -9999 -9999 -9999 -9999 -9999 -9999 -9999 -9999 -9999 -9999 -9999 -9999 -9999 -9999 -9999
-9999 -9999 -9999 -9999 -9999 -9999 -9999 -9999 -9999 -9999 -9999 -9999 -9999 -9999 -9999 -9999 -9999 -9999 -9999 -9999 -9999 -9999 -9999 -9999 -9999 -9999 -9999 -9999 -9999 -9999 -9999 -9999 -9999 -9999 -9999 -9999 -9999 -9999 -9999 -9999 -9999 -9999 -9999 -9999 -9999 -9999 -9999 -9999 -9999 -9999 -9999 -9999 -9999 -9999 -9999 -9999 -9999 -9999 -9999 -9999 -9999 -9999 -9999
-9999 -9999 -9999 -9999 -9999 -9999 -9999 -9999 -9999 -9999 -9999 -9999 -9999 -9999 -9999 -9999 -9999 -9999 -9999 -9999 -9999 -9999 -9999 -9999 -9999 -9999 -9999 -9999 -9999 -9999 -9999 -9999 -9999 -9999 -9999 -9999 -9999 -9999 -9999 -9999 -9999 -9999 -9999 -9999 -9999 -9999 -9999 -9999 -9999 -9999 -9999 -9999 -9999 -9999 -9999 -9999 -9999 -9999 -9999 -9999 -9999 -9999 -9999
-9999 -9999 -9999 -9999 -9999 -9999 -9999 -9999 -9999 -9999 -9999 -9999 -9999 -9999 -9999 -9999 -9999 -9999 -9999 -9999 -9999 -9999 -9999 -9999 -9999 -9999 -9999 -9999 -9999 -9999 -9999 -9999 -9999 -9999 -9999 -9999 -9999 -9999 -9999 -9999 -9999 -9999 -9999 -9999 -9999 -9999 -9999 -9999 -9999 -9999 -9999 -9999 -9999 -9999 -9999 -9999 -9999 -9999 -9999 -9999 -9999 -9999 -9999
0.914338 0.875634 0.833077 0.947637 0.893140 0.859522 0.643608 1.000000 0.806147 0.896934 0.740518 0.474218 0.755327 0.776758 1.000000 0.922655 0.900451 0.680320 0.586829 0.924612 1.000000 0.894703 0.911360 0.864107 0.984651 0.784285 0.878206 0.586810 0.849371 0.890898 0.593107 0.882606 0.542147 0.672659 0.594519 0.702373 0.386125 1.000000 0.843317 0.993459 0.877231 0.968457 0.635579 1.000000 0.726554 0.937413 0.812596 0.586876 0.880055 0.774507 0.445248 0.896807 0.738044 0.833483 0.748938 0.775531 0.893617 0.978629 0.340307 0.863813 0.706653 0.859724 0.649844
0.742090 0.959824 0.649940 0.591909 0.942044 0.752481 0.698039 0.513334 0.850814 0.618019 0.946165 1.000000 1.000000 0.733879 0.600490 0.863056 0.796940 0.933673 0.464444 0.708531 0.899250 0.722495 0.618077 0.798090 0.694979 0.697738 0.525439 0.833127 0.890895 1.000000 0.894190 0.731431 0.645182 0.737281 0.785843 1.000000 0.779167 0.420686 0.907480 0.570492 0.745142 0.762939 0.698867 0.671138 0.873242 0.696855 0.819582 0.531255 0.842743 0.824730 0.963699 0.697975 0.564491 0.731860 0.456058 0.790718 0.984487 0.868531 0.620258 0.577212 0.558857 0.830034 0.895383
0.710338 0.646653 1.000000 0.725696 0.809551 0.761734 0.534241 0.901391 0.695342 0.578766 0.773045 0.965757 0.914616 0.784438 0.728951 0.597502 0.762817 0.676148 1.000000 0.699888 0.907584 0.879483 0.782717 0.855740 0.544344 0.633107 0.805739 0.538975 0.862256 1.000000 0.450273 0.547111 0.724364 0.775268 0.766883 0.862256 0.877134 0.564398 0.473932 1.000000 0.769880 0.868318 0.747010 0.716498 0.928182 1.000000 0.871531 0.873752 0.543249 0.630965 1.000000 0.747791 0.658072 0.477516 0.816557 0.865363 0.968882 0.914242 0.692099 0.721118 0.829934 0.415278 0.964517
0.848295 1.000000 0.642714 0.815967 1.000000 0.703833 0.961963 0.563748 0.711929 0.689691 0.629726 0.882647 0.694514 1.000000 0.610365 0.864274 1.000000 0.695732 0.409697 0.682452 0.660427 0.936091 0.590289 0.745859 0.812696 0.965248 0.553528 0.615052 0.723481 0.950237 0.787848 0.942626 0.895931 1.000000 0.781793 0.634214 0.959060 0.606451 0.622819 0.909424 0.667165 1.000000 0.906910 0.595063 0.582118 0.489302 0.793324 0.780874 0.806572 0.665990 0.879268 0.671614 0.581899 0.350931 0.565039 1.000000 0.598401 0.531585 1.000000 0.626902 0.619931 0.501468 0.593314
0.501989 0.951623 0.873463 1.000000 0.823941 0.370814 0.575447 0.566803 0.901829 0.723023 0.810234 0.922228 0.603403 0.657752 0.551844 0.800370 0.780764 0.402127 0.857604 0.945137 0.765724 0.615920 0.821896 0.774750 0.537750 0.676160 0.686350 0.750843 0.850863 0.523690 0.870443 0.832225 0.979587 0.611978 0.935716 1.000000 0.739670 0.689200 0.499413 0.886238 1.000000 0.538528 0.448796 1.000000 0.827356 0.787758 0.884497 0.676635 0.600739 0.716273 0.852249 0.677425 0.659141 0.597075 0.722982 0.959170 1.000000 0.718544 0.849886 0.474646 0.796182 0.865996 0.894246
0.624885 0.731076 0.765465 1.000000 0.609974 0.852503 0.611816 0.985189 0.631482 0.718875 0.973305 0.499720 0.744915 0.859591 0.628110 0.569362 0.517263 0.896310 0.939087 0.785542 0.585632 1.000000 0.765822 0.786460 0.702763 0.916690 0.812973 0.589605 0.816863 0.690198 0.722650 0.827345 0.692759 0.856654 0.829246 1.000000 0.538410 1.000000 0.850534 0.828757 0.663624 1.000000 0.798128 0.614397 0.866480 0.868163 0.666526 0.531108 0.878273 0.673893 0.757703 0.735421 0.747489 0.628937 0.740613 0.798431 0.799463 0.440553 1.000000 0.625369 0.531656 0.676348 0.670822
0.555153 0.545511 0.946107 0.778661 0.527831 0.837286 0.820264 0.605234 0.903433 0.498373 0.890332 0.763904 1.000000 0.855877 0.675358 0.909435 0.678900 1.000000 0.825676 0.759852 0.725110 0.876449 0.840512 0.991459 0.677295 0.813216 0.670169 0.932780 0.789800 0.868799 0.699016 0.773717 0.970150 0.620992 0.501667 0.734720 0.594896 0.801763 0.668232 0.645461 0.833780 0.802998 0.887686 0.875302 0.753780 0.592946 1.000000 0.844951 1.000000 0.822896 0.988222 1.000000 0.581126 0.492098 0.566449 0.833498 1.000000 0.574698 0.690702 0.760008 1.000000 0.453996 1.000000
0.793665 0.571240 0.562632 0.894533 0.691677 0.964741 0.630015 0.864701 0.882340 1.000000 0.810294 0.859511 0.426868 1.000000 0.517786 0.796680 0.461256 0.689718 0.732329 0.923286 0.575773 0.492634 0.904826 0.780610 0.465816 0.784070 0.667499 0.796804 0.900791 0.809010 0.728144 0.585285 0.557680 0.612247 0.433011 0.663036 0.449890 1.000000 0.923310 0.752776 0.763746 1.000000 0.567451 0.902964 0.711655 0.601226 0.569304 0.726009 0.764747 0.633296 1.000000 0.726331 1.000000 0.951179 0.705876 0.831577 0.907162 0.877663 0.845476 0.749944 0.626414 0.775160 0.893081
0.726797 0.774202 0.859741 0.512673 1.000000 0.964971 0.739428 0.466093 0.473372 0.826263 0.643372 0.736711 0.499658 0.495113 0.798855 0.800103 0.727179 0.668132 0.537981 0.850086 0.560049 1.000000 0.580882 0.736857 0.915154 0.810236 0.930120 0.557306 0.647340 0.627787 0.898250 0.764435 0.386333 0.617177 0.752084 0.931319 0.449026 0.677727 0.736433 0.494072 0.939289 1.000000 0.671536 0.838280 0.758708 0.779302 0.740419 0.754760 0.736483 0.502278 0.780103 1.000000 0.797854 0.817371 0.762199 0.637968 0.670949 0.694485 1.000000 0.502061 0.778639 0.698257 0.519310
0.744421 0.774716 0.432438 0.812443 0.610322 0.861166 0.709150 0.449598 0.716135 0.728876 0.763483 0.920810 0.488647 0.597995 0.718431 0.660292 0.869000 0.572680 0.575074 0.616884 0.669657 0.859524 0.909870 0.824282 0.980107 0.480100 0.873112 0.834778 0.502218 0.815931 0.657518 0.706935 0.811664 0.743123 0.962799 0.601152 0.535725 0.692580 0.991518 0.703174 0.933799 0.949722 0.782662 0.665550 0.724715 0.258689 0.607681 0.575898 0.860978 0.905733 0.844584 0.704812 0.592094 0.866503 0.571172 0.957689 0.356668 0.570002 0.916607 0.517215 0.413005 0.892570 0.853067
0.705573 0.847460 0.405548 0.553588 0.594035 0.611944 0.710130 1.000000 0.717351 0.570507 0.942308 0.548031 0.498294 0.906917 0.685575 0.471336 0.804757 0.513546 0.563679 0.749032 0.555393 0.823250 0.903575 0.936420 0.660075 0.736403 0.879068 0.778402 1.000000 0.690365 0.817509 1.000000 0.690890 0.665620 0.683920 0.669060 0.545058 0.868102 0.877358 0.848255 0.861943 0.760409 0.471097 0.705531 0.563433 0.641474 0.875563 0.850306 0.529295 0.924528 0.926633 0.923610 0.572984 0.794957 0.760760 0.502250 0.840544 0.607400 0.814129 0.413520 0.542442 0.722207 0.625949
0.826747 1.000000 0.694608 0.930736 0.701149 0.669756 0.294252 0.581727 0.672410 0.839252 0.588605 0.872070 0.711954 0.855945 0.693850 0.849829 0.588841 0.824783 0.845236 0.331598 0.904335 0.656754 0.626979 0.503219 0.652180 0.791025 0.621602 0.485489 0.824751 0.610331 0.577877 0.921405 0.920410 0.491109 0.460113 0.644477 0.943262 1.000000 0.851134 0.685304 0.822063 0.907857 0.827848 0.736405 0.337424 0.825130 0.925551 0.867614 0.977676 1.000000 0.738005 0.662943 0.600200 0.612022 0.614989 0.497514 0.503423 0.827958 0.619450 0.675365 0.850421 0.886649 0.588540
0.450782 0.941166 1.000000 0.821325 0.623582 0.901106 0.882511 0.805510 0.630530 0.883814 0.428936 0.306579 0.563712 0.799503 0.795291 0.660836 0.732880 0.832297 0.656837 0.986792 0.838689 0.710694 0.847993 0.721460 0.535212 0.937405 0.612327 0.715640 0.568812 0.848600 0.618635 0.825964 0.367821 0.741334 0.947656 0.501043 0.445375 0.668383 0.879774 0.754416 0.727823 1.000000 0.503424 0.702588 0.844637 0.870986 0.709092 1.000000 0.526047 0.818145 0.485228 0.520073 0.603764 0.888639 0.868823 0.582672 0.992527 0.740291 1.000000 1.000000 0.764168 0.511919 0.677785
0.702858 0.663035 0.823479 0.779789 0.662958 0.358857 0.548908 0.693067 0.495055 0.422967 0.997649 0.907417 0.791561 0.637444 0.437208 0.775027 0.839405 0.318290 0.859885 0.579729 0.608522 0.351703 0.755078 0.974318 0.697584 0.542462 0.591690 0.652744 0.913241 1.000000 0.549151 0.736345 0.443845 0.880523 0.715082 0.714742 1.000000 0.640177 0.590462 0.907792 0.968987 0.706845 0.767373 1.000000 0.687635 0.523056 0.317362 0.562980 0.668952 0.423655 0.811646 0.510778 0.847764 0.603078 0.950032 0.651717 0.581326 0.799056 0.673726 0.983586 0.430696 0.654901 0.353062
0.559034 0.853074 0.812818 0.791322 0.643222 0.779430 0.883462 0.608778 0.624080 0.691965 0.464608 0.758898 0.519414 0.566377 0.683411 0.483558 0.579996 0.678958 0.508051 0.544695 0.663761 0.711169 0.920812 0.471306 0.918430 0.676146 0.721512 0.483347 0.498368 0.785128 0.386544 0.828136 0.604390 0.603252 0.905192 0.872476 0.766427 0.846440 0.594395 0.871974 0.667334 0.507245 0.737246 0.748330 0.734568 0.550836 0.480556 0.503654 0.502441 0.749450 0.506969 0.712944 0.674039 0.870460 0.611044 0.318810 0.779733 1.000000 0.671122 0.617372 0.887176 0.500941 0.459991
0.699082 0.471324 0.687254 0.927149 0.814902 0.630981 0.688564 0.590746 0.811009 0.574973 0.715749 0.848900 0.803933 0.707894 0.968665 0.466714 0.823083 0.650066 0.488893 0.631895 0.347642 0.477127 0.593496 0.851522 0.910088 0.621123 0.919745 0.577502 0.702526 0.596044 0.706719 0.753389 0.887109 0.652128 0.898341 0.316134 0.696932 0.463265 0.776730 0.846592 0.963013 0.823468 0.746496 0.463938 0.632315 1.000000 0.611024 0.459326 0.783698 0.912112 0.691809 0.864395 0.789453 0.807454 0.704978 0.801152 0.877938 0.497838 0.624054 0.644320 0.498323 0.515559 0.602761
0.812876 0.465037 0.889179 0.514523 0.772216 0.750770 0.688635 0.729068 0.705875 0.755716 0.613568 0.628957 0.183205 0.787804 0.521258 0.619978 0.477026 0.811493 0.786648 0.745317 0.653908 0.546221 0.477255 0.659342 0.565382 0.631808 1.000000 0.746430 1.000000 0.943817 0.550816 0.975356 0.599158 0.636436 0.819410 0.512973 0.918018 0.642243 0.735077 0.728063 0.906942 1.000000 0.834263 0.490592 0.634544 0.508917 0.826653 0.487042 0.747312 0.819948 0.793032 0.804797 0.625469 0.857832 0.615839 0.328312 0.395595 0.448388 0.886658 0.748938 0.544952 0.498498 0.753468
0.550503 0.610054 0.561993 0.861248 0.475552 0.744421 0.615748 0.508193 0.493438 0.696114 0.910173 0.816397 0.579705 0.880229 0.979315 0.800227 0.696513 0.647234 0.961441 0.976903 0.891049 0.657155 0.793379 0.588836 0.829010 0.943017 0.644104 0.475115 0.501669 0.546054 0.576161 0.799321 0.542541 0.569265 0.681786 0.849720 0.560170 0.817335 0.634209 0.686550 0.704106 0.790406 0.843367 0.711466 0.798446 0.460568 0.480283 0.888030 0.751028 0.710056 0.903606 0.523825 0.551532 0.484102 0.856234 0.896303 0.425362 0.698691 0.621002 0.690202 0.743595 0.800175 0.820065
0.525275 0.781271 0.761539 1.000000 0.903372 0.380456 0.218035 0.730027 0.814989 0.834283 0.728543 0.497308 0.819401 0.558534 0.664394 0.888021 0.704067 0.456179 0.719395 0.957169 1.000000 0.827243 0.920155 0.667418 0.456865 0.790545 1.000000 0.620182 0.733132 0.617871 0.730654 1.000000 0.553644 0.609592 0.665358 0.706805 0.651435 0.405541 0.470695 0.649208 0.436365 1.000000 0.478323 0.650231 0.813281 0.838384 0.613930 0.588581 0.663225 0.504204 0.576579 0.758749 0.829668 0.781553 0.665953 0.806698 0.464629 0.647820 0.904772 0.822373 0.810685 0.494250 0.857448
0.725597 0.538255 0.590173 0.510137 0.961131 0.627510 0.864093 0.450721 0.901117 0.773283 0.531005 0.640888 0.509279 0.737438 0.946242 0.494294 0.655877 0.628014 0.539804 0.875224 0.572029 0.773145 0.913863 0.787966 0.514639 0.560510 0.740110 0.528679 0.480097 0.894469 0.599397 0.804479 0.593967 0.980659 0.561877 0.841429 0.350854 0.610165 0.465530 0.551964 0.421088 0.590049 0.423554 0.722679 0.371894 0.794851 0.729381 0.770233 0.763732 0.781946 0.725407 0.916697 0.686843 0.762299 0.736600 0.813593 0.759402 0.950981 0.540619 0.710852 0.592447 0.498339 0.780737
