DEPONS-master/data/CentralBaltic/prey0000_12.asc
NCOLS 400 
NROWS 400 
XLLCORNER 4750000.0 
YLLCORNER 3200000.0 
CELLSIZE 1000.0 
NODATA_value -9999 
[rows 224 to 251 of 400, columns 315 to 377 of 400]
0.398600 0.226173 0.128480 0.144405 0.272274 0.209223 0.170263 0.053571 0.177037 0.354139 0.289653 0.361871 0.305525 0.325233 0.159503 0.071646 0.300722 0.206264 0.243779 0.000000 0.224201 0.187463 0.287044 0.279578 0.399838 0.119556 0.193022 0.130256 0.401753 0.254634 0.215679 0.285009 0.367383 0.145113 0.191845 0.269087 0.346313 0.345830 0.140219 0.114247 0.276468 0.605498 0.260925 0.431158 0.269569 0.045320 0.371144 0.368609 0.305241 0.288821 0.371135 0.326068 0.216675 0.101215 0.525886 0.152046 0.204723 0.159658 0.305590 0.545534 0.153739 0.467850 0.330046
0.033003 0.274644 0.132468 0.342065 0.637706 0.119041 0.278440 0.150062 0.175895 0.248626 0.151938 0.288523 0.255237 0.248285 0.130288 0.249972 0.377129 0.225751 0.342987 0.254834 0.232659 0.131729 0.202682 0.334567 0.448435 0.168451 0.300639 0.296621 0.192032 0.051189 0.163356 0.256403 0.316101 0.299216 0.291337 0.327844 0.251701 0.151279 0.399311 0.131143 0.263346 0.254683 0.232181 0.394861 0.441522 0.282685 0.157631 0.145438 0.262056 0.240642 0.132769 0.228572 0.121739 0.321173 0.273727 0.441093 0.370151 0.000000 0.193127 0.375458 0.283521 0.504887 0.337293
0.242498 0.287384 0.232945 0.103025 0.037533 0.209218 0.065694 0.184193 0.485956 0.258712 0.186635 0.284835 0.253713 0.252476 0.138241 0.183465 0.364610 0.200320 0.115191 0.110098 0.311244 0.244365 0.022416 0.118800 0.215824 0.223898 0.397992 0.317351 0.166008 0.299095 0.266176 0.187373 0.285834 0.247650 0.374039 0.344052 0.261168 0.337084 0.181591 0.404080 0.404233 0.208110 0.227585 0.187785 0.290982 0.000000 0.244446 0.223619 0.428703 0.205131 0.285802 0.397056 0.275094 0.233438 0.543970 0.358026 0.270050 0.219466 0.428015 0.088635 0.277230 0.164875 0.450386
0.307314 0.236261 0.324347 0.167917 0.271630 0.320754 0.126207 0.223441 0.000000 0.229884 0.103664 0.123868 0.084542 0.235355 0.334556 0.148220 0.002891 0.203859 0.097581 0.176793 0.135213 0.118364 0.059894 0.160880 0.139340 0.262706 0.313874 0.193874 0.228322 0.276145 0.407893 0.212704 0.158670 0.172111 0.073325 0.152712 0.078602 0.278403 0.139188 0.159266 0.308503 0.177217 0.331455 0.404270 0.211786 0.136980 0.318929 0.317891 0.382912 0.196334 0.296898 0.258677 0.534904 0.016643 0.206398 0.289506 0.343079 0.397460 0.254779 0.288559 0.325320 0.432984 0.297011
0.122462 0.150718 0.294262 0.086600 0.231366 0.337894 0.205349 0.255890 0.271413 0.367484 0.156206 0.334139 0.275362 0.323086 0.302665 0.157867 0.328420 0.141247 0.077169 0.192095 0.283739 0.155440 0.437695 0.000000 0.170228 0.235055 0.280895 0.288204 0.090227 0.338072 0.279754 0.056936 0.225056 0.000000 0.348355 0.354553 0.170236 0.331722 0.118173 0.258324 0.116247 0.093917 0.268200 0.455432 0.238994 0.289093 0.157727 0.293485 0.328842 0.371875 0.165485 0.474624 0.184329 0.218279 0.465793 0.201053 0.145675 0.219291 0.248531 0.200638 0.202966 0.357334 0.125625
0.219920 0.194413 0.228338 0.254015 0.224739 0.206466 0.031458 0.344792 0.562353 0.216596 0.092585 0.159105 0.076510 0.205940 0.164694 0.357558 0.362307 0.346693 0.325167 0.337862 0.208905 0.332077 0.201196 0.245791 0.353540 0.101386 0.114191 0.317149 0.193720 0.410202 0.032599 0.334202 0.127505 0.242445 0.074930 0.209082 0.318028 0.274274 0.347758 0.302903 0.184232 0.074452 0.224043 0.324294 0.244696 0.263009 0.553697 0.170486 0.409964 0.270398 0.292722 0.220928 0.291321 0.285274 0.338826 0.584170 0.306440 0.175853 0.345648 0.241567 0.265026 0.270027 0.239835
0.267800 0.161046 0.146210 0.031008 0.248056 0.194823 0.194336 0.349687 0.278394 0.094166 0.000000 0.182923 0.328326 0.187614 0.278697 0.402771 0.265221 0.129479 0.283592 0.109593 0.188140 0.364848 0.241676 0.370792 0.215847 0.078411 0.135943 0.241044 0.290205 0.313289 0.261982 0.286252 0.092910 0.280470 0.268850 0.043311 0.167840 0.000000 0.269519 0.224405 0.223712 0.203862 0.019207 0.144567 0.318872 0.000000 0.139962 0.500470 0.273752 0.348860 0.438725 0.242384 0.353017 0.218148 0.174979 0.187364 0.358762 0.417424 0.384056 0.373832 0.342166 0.172843 0.270190
0.258225 0.365322 0.177928 0.241038 0.181089 0.297087 0.316631 0.376003 0.241897 0.377775 0.393482 0.405456 0.151297 0.000000 0.119399 0.279423 0.448850 0.356227 0.182217 0.188578 0.443683 0.179898 0.136703 0.351819 0.276117 0.109466 0.286292 0.353430 0.315531 0.157500 0.159721 0.349375 0.353247 0.166722 0.281630 0.092742 0.073766 0.154425 0.320999 0.260460 0.121602 0.140124 0.203345 0.294702 0.315248 0.297001 0.262168 0.089324 0.241814 0.253493 0.417044 0.213397 0.257956 0.374550 0.212612 0.215135 0.296910 0.330518 0.213045 0.101380 0.152770 0.366518 0.585166
0.381714 0.328221 0.173562 0.282449 0.239886 0.297270 0.102457 0.248040 0.144399 0.200796 0.253137 0.237238 0.033986 0.338653 0.000000 0.357705 0.355220 0.359056 0.253425 0.229259 0.333854 0.211542 0.055843 0.126553 0.124087 0.279339 0.260067 0.317188 0.093731 0.188770 0.165307 0.168539 0.189433 0.340942 0.154243 0.302219 0.243726 0.237626 0.143690 0.227934 0.124184 0.074111 0.268826 0.000000 0.104707 0.353582 0.232906 0.265512 0.326499 0.154323 0.397043 0.196601 0.305455 0.300529 0.265923 0.166992 0.385720 0.243621 0.288160 0.096853 0.277763 0.321340 0.121049
0.147718 0.000000 0.224463 0.234588 0.347492 0.212668 0.357598 0.166288 0.259293 0.494285 0.317208 0.220224 0.124085 0.396958 0.000000 0.187978 0.172435 0.181893 0.278223 0.217109 0.179687 0.381958 0.081242 0.068877 0.133793 0.204161 0.160359 0.069302 0.241957 0.320997 0.051095 0.276882 0.187544 0.227502 0.251759 0.114060 0.310021 0.336714 0.176762 0.285646 0.457980 0.000000 0.199978 0.474838 0.224960 0.409405 0.209231 0.330616 0.000000 0.157982 0.345247 0.366211 0.401201 0.261566 0.292700 0.373101 0.484588 0.359646 0.260089 0.183229 0.332387 0.379275 0.434873
0.313026 0.295033 0.251389 0.135993 0.317126 0.131150 0.361589 0.173943 0.050727 0.236307 0.083636 0.000000 0.282653 0.000000 0.179352 0.000000 0.435663 0.192242 0.048156 0.205704 0.185829 0.190458 0.370168 0.169212 0.236413 0.221538 0.432573 0.408005 0.276605 0.268878 0.166089 0.161525 0.304669 0.263457 0.211540 0.239900 0.368047 0.245146 0.461283 0.020836 0.377759 0.536188 0.282077 0.209796 0.153832 0.349760 0.168805 0.387065 0.263226 0.243498 0.151692 0.324095 0.264370 0.235589 0.257656 0.274187 0.146630 0.087774 0.324454 0.371953 0.394434 0.148850 0.538590
0.222616 0.147571 0.211516 0.330815 0.122629 0.253578 0.190277 0.230086 0.008912 0.091693 0.241051 0.325491 0.000000 0.007412 0.216780 0.261797 0.094042 0.158792 0.192332 0.162395 0.376036 0.447894 0.323997 0.324894 0.123000 0.438908 0.232183 0.073165 0.268385 0.196847 0.233196 0.016979 0.340489 0.331248 0.129169 0.014223 0.396479 0.129369 0.499899 0.355152 0.237421 0.571126 0.394413 0.000000 0.505906 0.112210 0.161351 0.383560 0.323085 0.210718 0.093291 0.243226 0.362521 0.385013 0.274123 0.226586 0.320036 0.442109 0.318762 0.409540 0.093388 0.210581 0.333258
0.373137 0.333716 0.321386 0.122423 0.187607 0.217866 0.091195 0.304754 0.260885 0.178744 0.155880 0.126005 0.235037 0.258516 0.200636 0.000000 0.319392 0.117316 0.179524 0.396497 0.195483 0.365609 0.137485 0.199018 0.511570 0.331371 0.315052 0.158040 0.233077 0.266668 0.256568 0.200298 0.239426 0.151207 0.251472 0.374557 0.325318 0.270996 0.076096 0.180169 0.404210 0.266118 0.223890 0.203005 0.292913 0.279423 0.224760 0.518135 0.259856 0.260400 0.368397 0.466635 0.308863 0.456805 0.329961 0.270841 0.420013 0.257884 0.300226 0.193884 0.421519 0.213907 0.570032
0.361310 0.180157 0.116762 0.404614 0.281237 0.213789 0.571546 0.248269 0.205904 0.143132 0.097846 0.195911 0.279570 0.310432 0.355869 0.244735 0.409027 0.156982 0.244016 0.204170 0.279852 0.096671 0.264886 0.178021 0.018480 0.180172 0.182379 0.307008 0.141327 0.354678 0.248974 0.079147 0.305333 0.175321 0.205642 0.299311 0.144615 0.322228 0.261969 0.352918 0.352213 0.271699 0.345212 0.401592 0.310218 0.340452 0.214487 0.312364 0.265740 0.294291 0.360810 0.283827 0.322207 0.206921 0.352811 0.195693 0.199818 0.493430 0.230792 0.283932 0.367260 0.341528 0.277088
0.000000 0.434779 0.143237 0.170679 0.110882 0.178715 0.267526 0.153501 0.198300 0.199588 0.205048 0.174892 0.127395 0.423043 0.168753 0.338197 0.110499 0.214823 0.241002 0.304079 0.156016 0.078723 0.199041 0.160730 0.149358 0.311996 0.213848 0.297398 0.049782 0.291378 0.232122 0.153191 0.308567 0.200889 0.234693 0.299542 0.356468 0.280459 0.297896 0.427078 0.402744 0.094194 0.417990 0.102301 0.227369 0.166702 0.079536 0.336426 0.246304 0.283583 0.238298 0.100152 0.235535 0.267341 0.327326 0.313060 0.376918 0.274299 0.302496 0.309692 0.238207 0.383505 0.292705
0.321699 0.133301 0.221988 0.189200 0.161992 0.298031 0.295130 0.358349 0.047384 0.382870 0.079854 0.382550 0.046119 0.248638 0.352111 0.147120 0.332382 0.085763 0.168774 0.257006 0.273173 0.369790 0.083191 0.182000 0.113557 0.255538 0.303783 0.345577 0.345186 0.163060 0.104861 0.358600 0.287829 0.193819 0.152410 0.423957 0.146601 0.289844 0.378829 0.333461 0.332976 0.056944 0.000000 0.126042 0.078814 0.000000 0.474577 0.075212 0.099839 0.557488 0.332220 0.202023 0.214866 0.222721 0.142455 0.391741 0.128612 0.353481 0.463395 0.281417 0.188854 0.372184 0.071351
0.055091 0.299949 0.365742 0.147238 0.615235 0.372062 0.199913 0.129606 0.271914 0.269116 0.182896 0.142933 0.289950 0.109241 0.248106 0.152037 0.257264 0.268211 0.335400 0.266125 0.422600 0.277471 0.295823 0.049324 0.302816 0.236583 0.406078 0.439778 0.074730 0.143558 0.201371 0.382619 0.108295 0.224244 0.388631 0.204435 0.390734 0.250914 0.249674 0.085778 0.310971 0.135015 0.211470 0.367158 0.393102 0.267139 0.277726 0.272327 0.286659 0.234563 0.481880 0.200212 0.209052 0.430355 0.127908 0.153263 0.044372 0.007305 0.249706 0.402654 0.215814 0.424820 0.334033
0.328280 0.224680 0.202787 0.104520 0.309766 0.607017 0.268491 0.084479 0.130378 0.055843 0.136561 0.179410 0.000000 0.026971 0.136714 0.162598 0.375771 0.297754 0.057936 0.337755 0.461359 0.363195 0.272483 0.202093 0.000000 0.332153 0.132707 0.098435 0.149946 0.246414 0.118238 0.303307 0.000000 0.121119 0.244361 0.402509 0.388966 0.284224 0.316837 0.304158 0.290553 0.204606 0.460714 0.218811 0.146151 0.347293 0.189795 0.213340 0.166646 0.431013 0.166329 0.436688 0.238128 0.140155 0.266800 0.236269 0.207210 0.229631 0.399263 0.219169 0.048259 0.357071 0.242450
0.235722 0.180008 0.167911 0.058462 0.244458 0.234477 0.194848 0.382339 0.304753 0.153063 0.000000 0.187602 0.331893 0.194139 0.277620 0.342405 0.407166 0.192597 0.142742 0.295436 0.151210 0.167936 0.438124 0.169865 0.268919 0.241408 0.102293 0.199626 0.335748 0.415024 0.338824 0.001423 0.339449 0.407375 0.179485 0.115386 0.064652 0.422407 0.096532 0.245307 0.189849 0.198132 0.250236 0.418822 0.286447 0.496182 0.233632 0.390115 0.319409 0.216010 0.313387 0.465805 0.214814 0.235552 0.368836 0.114739 0.330889 0.384906 0.383280 0.294400 0.276575 0.116178 0.355039
0.236339 0.137243 0.403375 0.332376 0.246028 0.267475 0.328531 0.163462 0.119856 0.368725 0.427061 0.321514 0.134917 0.171096 0.148873 0.112281 0.267433 0.314412 0.054954 0.245613 0.135531 0.384478 0.295819 0.195924 0.241316 0.041412 0.470062 0.280791 0.186678 0.251127 0.155916 0.149608 0.202588 0.257188 0.289028 0.169857 0.375898 0.373027 0.196510 0.122743 0.479137 0.460201 0.333417 0.281780 0.067770 0.269720 0.489673 0.276291 0.252140 0.276029 0.265901 0.277264 0.478580 0.363745 0.303747 0.331360 0.284695 0.297553 0.185462 0.517510 0.181497 0.011449 0.236357
0.275066 0.303888 0.223979 0.223930 0.290750 0.220518 0.180511 0.141194 0.128431 0.321862 0.122146 0.240388 0.206895 0.366953 0.318655 0.141143 0.151587 0.336686 0.163835 0.106539 0.291664 0.189198 0.064945 0.098809 0.000000 0.153171 0.301784 0.203596 0.110847 0.227077 0.339376 0.238348 0.312096 0.400020 0.231235 0.113197 0.273482 0.193600 0.296630 0.109995 0.243481 0.383619 0.456096 0.221731 0.264110 0.163502 0.168623 0.269405 0.288122 0.441783 0.154294 0.351365 0.371322 0.278588 0.357516 0.281801 0.400640 0.335008 0.293996 0.297822 0.497382 0.061993 0.351579
0.263466 0.186642 0.000000 0.182427 0.189061 0.456021 0.395738 0.345330 0.242469 0.127183 0.401738 0.210983 0.152966 0.152660 0.216790 0.255047 0.016432 0.128125 0.018107 0.230825 0.041731 0.262510 0.170925 0.098113 0.267248 0.358750 0.030564 0.195237 0.227781 0.068017 0.312251 0.401001 0.073712 0.220708 0.280497 0.321498 0.517878 0.156968 0.058937 0.289596 0.235111 0.158897 0.208938 0.315549 0.400164 0.274723 0.141095 0.401579 0.367811 0.334531 0.289921 0.234429 0.176162 0.408129 0.384388 0.407597 0.154414 0.471706 0.211248 0.486141 0.075979 0.136132 0.400489
0.214948 0.281669 0.314076 0.231132 0.124466 0.197532 0.241692 0.261317 0.036309 0.284442 0.350654 0.173517 0.349865 0.316676 0.264436 0.333518 0.433254 0.084675 0.150340 0.285606 0.321923 0.260504 0.187675 0.259579 0.200061 0.232958 0.269039 0.171360 0.191558 0.271209 0.239356 0.037053 0.389951 0.307375 0.314761 0.260871 0.322529 0.389804 0.120948 0.194441 0.247674 0.265729 0.258420 0.270614 0.322797 0.264061 0.146286 0.218678 0.370323 0.323261 0.178504 0.444107 0.091735 0.435313 0.129025 0.356864 0.396742 0.275076 0.178321 0.145800 0.258801 0.513871 0.072574
0.399039 0.201232 0.232377 0.338904 0.046418 0.241331 0.059145 0.210339 0.219870 0.076350 0.210921 0.053277 0.352520 0.027095 0.016623 0.286385 0.287353 0.187722 0.279296 0.254241 0.184958 0.195606 0.262165 0.301096 0.439310 0.334832 0.141010 0.258161 0.168967 0.214249 0.223794 0.165950 0.239657 0.282303 0.200926 0.080131 0.218564 0.227214 0.236292 0.091046 0.166351 0.253230 0.520709 0.148961 0.421018 0.277686 0.295833 0.307259 0.321204 0.293801 0.416086 0.365263 0.278516 0.457935 0.289538 0.240886 0.196696 0.529029 0.415673 0.393409 0.256395 0.348915 0.285807
0.262103 0.249278 0.153117 0.074480 0.264028 0.169216 0.126106 0.364348 0.116106 0.386104 0.194919 0.229682 0.211761 0.224861 0.000000 0.098350 0.102587 0.098076 0.341993 0.361174 0.238536 0.138215 0.287864 0.222819 0.281081 0.338234 0.297479 0.083082 0.299209 0.243170 0.072369 0.401280 0.147119 0.228115 0.077464 0.206502 0.306815 0.267655 0.071192 0.235648 0.336028 0.159417 0.240083 0.335854 0.131027 0.506294 0.209703 0.357431 0.301592 0.166848 0.044436 0.306878 0.399327 0.000000 0.034980 0.322073 0.346810 0.407442 0.203998 0.144738 0.381227 0.258143 0.104775
0.281457 0.232610 0.437868 0.240831 0.262301 0.035294 0.204637 0.211842 0.065558 0.176065 0.131452 0.088806 0.006547 0.047665 0.253434 0.301837 0.274612 0.225945 0.211687 0.144276 0.446451 0.393368 0.398100 0.151019 0.000000 0.193052 0.172954 0.358170 0.288716 0.119791 0.228078 0.022493 0.197666 0.262994 0.204736 0.251822 0.253059 0.315778 0.237895 0.188773 0.333410 0.223262 0.445853 0.348301 0.343629 0.353549 0.249374 0.418169 0.329811 0.275304 0.315881 0.132119 0.201445 0.344146 0.343430 0.391996 0.287242 0.461547 0.265674 0.100759 0.270801 0.280479 0.209130
0.203299 0.000000 0.186852 0.148677 0.276975 0.209500 0.258187 0.257290 0.052254 0.355997 0.154777 0.286632 0.439148 0.267400 0.100945 0.239568 0.266388 0.361854 0.203048 0.340728 0.422969 0.250618 0.115592 0.100846 0.143490 0.168025 0.222064 0.245605 0.074350 0.078818 0.135354 0.171508 0.103437 0.253876 0.241772 0.279114 0.409438 0.098633 0.174178 0.309824 0.394948 0.112149 0.461990 0.405593 0.257488 0.289088 0.145241 0.206840 0.191093 0.094291 0.159190 0.421716 0.241860 0.388422 0.432198 0.200459 0.544401 0.170485 0.195906 0.300580 0.279480 0.395269 0.224165
0.284469 0.313126 0.138977 0.281094 0.348623 0.287938 0.341746 0.074144 0.240030 0.255201 0.217059 0.334430 0.021204 0.125657 0.417897 0.323295 0.283176 0.147277 0.316285 0.073001 0.156964 0.175054 0.296923 0.378908 0.295902 0.254887 0.366366 0.237563 0.349575 0.237333 0.000000 0.336780 0.257374 0.046627 0.340986 0.223530 0.148499 0.241113 0.242288 0.297381 0.376814 0.118705 0.206037 0.101977 0.171455 0.425610 0.356828 0.306046 0.245504 0.228360 0.390669 0.070978 0.319674 0.422108 0.290814 0.171459 0.277613 0.439127 0.463182 0.259441 0.181289 0.462305 0.361438
