DEPONS-master/data/CentralBaltic/prey0000_04.asc
NCOLS 400 
NROWS 400 
XLLCORNER 4750000.0 
YLLCORNER 3200000.0 
CELLSIZE 1000.0 
NODATA_value -9999 
[rows 336 to 363 of 400, columns 252 to 314 of 400]
0.489253 0.249944 0.284191 0.602438 0.457207 0.440628 0.630633 0.472446 0.544553 0.390871 0.841815 0.150806 0.666950 0.512426 0.335823 0.597662 0.350488 0.415234 0.284450 0.805288 0.585070 0.464478 0.473516 0.407867 0.281552 0.452110 0.794630 0.620630 0.447731 0.207967 0.168379 0.342348 0.509194 0.271684 0.215165 0.561230 0.270123 0.343539 0.438277 0.539552 0.479278 0.459753 0.420258 0.344330 0.529947 0.341141 0.277887 0.554521 0.520883 0.567122 0.594260 0.767292 0.416294 0.704215 0.291953 0.629291 0.646194 0.720982 0.512861 0.588006 0.320574 0.282936 0.465010
0.496308 0.373577 0.766821 0.411896 0.545717 0.382768 0.684707 0.717003 0.343040 0.655191 0.164988 0.296243 0.256464 0.289678 0.805214 0.516481 0.558199 0.514124 0.364816 0.528206 0.403441 0.432308 0.226751 0.303694 0.262652 0.274895 0.592727 0.302305 0.544439 0.277183 0.407118 0.583977 0.682509 0.327010 0.492293 0.451529 0.468202 0.729523 0.420918 0.585412 0.243061 0.337637 0.434541 0.603771 0.668512 0.410796 0.594316 0.565991 0.279601 0.681911 0.503906 0.346951 0.617604 0.372522 0.497280 0.553182 0.351299 0.980148 0.430598 0.354182 0.296400 0.292000 0.426398
0.419581 0.284084 0.379737 0.639993 0.539232 0.571937 0.214840 0.275947 0.448640 0.319594 0.450142 0.476214 0.604921 0.435279 0.414943 0.161934 0.488931 0.585455 0.473002 0.225542 0.346860 0.217162 0.664951 0.095531 0.457835 0.707520 0.404857 0.491022 0.617943 0.564170 0.582605 0.714196 0.547425 0.270073 0.613074 0.466873 0.576622 0.563576 0.335924 0.206605 0.643131 0.571167 0.447174 0.459335 0.252733 0.445055 0.445178 0.640126 0.409464 0.489188 0.303611 0.418020 0.696371 0.303722 0.314998 0.506379 0.333750 0.655524 0.285319 0.481264 0.631246 0.471250 0.326553
0.622143 0.557544 0.660763 0.384244 0.324551 0.581607 0.395108 0.514144 0.506797 0.320200 0.335345 0.546390 0.250917 0.243337 0.588658 0.491431 0.655546 0.646080 0.623279 0.373593 0.292793 0.512085 0.393380 0.612049 0.339283 0.812039 0.251339 0.569505 0.698733 0.397391 0.322202 0.561377 0.646470 0.516294 0.219672 0.312880 0.833370 0.309069 0.394296 0.228765 0.450504 0.585899 0.305927 0.265623 0.539197 0.575146 0.267370 0.485512 0.582572 0.314791 0.520341 0.332238 0.528318 0.620750 0.680733 0.373591 0.434792 0.316224 0.651743 0.439708 0.403698 0.650322 0.538231
0.706987 0.455694 0.676525 0.463201 0.675004 0.796565 0.739312 0.240966 0.562020 0.232378 0.534162 0.667687 0.645739 0.523297 0.432573 0.470242 0.302798 0.558375 0.669894 0.300656 0.376837 0.511981 0.483346 0.392758 0.382208 0.354163 0.783335 0.451299 0.463980 0.431261 0.262803 0.315987 0.211282 0.248690 0.519623 0.671491 0.533401 0.342991 0.513344 0.704555 0.650748 0.291930 0.477398 0.333451 0.614157 0.198809 0.542223 0.541324 0.804964 0.303812 0.302469 0.483168 0.373434 0.521877 0.218684 0.437770 0.324354 0.684251 0.571995 0.216424 0.365442 0.805186 0.651811
0.470404 0.657584 0.408438 0.428613 0.437356 0.417095 0.677079 0.260275 0.223621 0.727362 0.610162 0.158886 0.508116 0.314361 0.635352 0.615514 0.477260 0.404732 0.447353 0.638662 0.435423 0.308388 0.309938 0.567909 0.357856 0.491453 0.714229 0.224023 0.838131 0.447266 0.305570 0.703290 0.351629 0.557028 0.344052 0.346169 0.585350 0.298122 0.515362 0.545181 0.685664 0.675817 0.190891 0.449322 0.729740 0.474534 0.564266 0.812989 0.239868 0.356724 0.458719 0.672030 0.637622 0.605790 0.221932 0.609752 0.689439 0.445515 0.361728 0.596754 0.499013 0.860561 0.431464
0.182617 0.279584 0.374144 0.317160 0.569083 0.304380 0.449505 0.408316 0.838429 0.529314 0.544914 0.065136 0.455216 0.666105 0.411295 0.387077 0.635785 0.486943 0.339897 0.510862 0.647545 0.478771 0.738126 0.354136 0.507251 0.597361 0.574400 0.493268 0.499286 0.262746 0.337632 0.341004 0.203383 0.661168 0.306081 0.711318 0.194282 0.607172 0.486007 0.653804 0.245136 0.394030 0.493381 0.549111 0.356620 0.635582 0.386729 0.686528 0.531161 0.412721 0.566736 0.287203 0.722136 0.466924 0.348600 0.548963 0.330424 0.514826 0.834807 0.365071 0.304420 0.561600 0.548092
0.511475 0.614998 0.618648 0.542627 0.678971 0.227703 0.433136 0.250347 0.828393 0.560772 0.533432 0.579516 0.414218 0.866937 0.368291 0.543195 0.589295 0.583621 0.649730 0.286283 0.603201 0.448179 0.363600 0.703826 0.694180 0.570167 0.528568 0.841063 0.275003 0.576680 0.833724 0.703694 0.539866 0.760599 0.619861 0.562439 0.359705 0.735421 0.586668 0.410719 0.647804 0.207801 0.507501 0.928213 0.605693 0.711962 0.553432 0.770048 0.357161 0.385003 0.914078 0.481278 0.253620 0.479596 0.579942 0.687378 0.530015 0.536652 0.440465 0.487750 0.595368 0.278016 0.491939
0.561192 0.474040 0.590545 0.616448 0.324957 0.599992 0.654144 0.480255 0.649821 0.475241 0.309958 0.477980 0.517921 0.393809 0.891772 0.375494 0.365414 0.684705 0.421495 0.297981 0.602984 0.405123 0.622657 0.559263 0.597556 0.388298 0.609865 0.549409 0.361182 0.694569 0.357460 0.403856 0.327896 0.516405 0.906497 0.447389 0.411231 0.449053 0.360739 0.651977 0.444024 0.525864 0.519542 0.704722 0.644560 0.309217 0.315524 0.412609 0.649980 0.411702 0.488380 0.492217 0.444360 0.478614 0.452673 0.353266 0.567589 0.627876 0.361820 0.402385 0.736114 0.427762 0.369548
0.488438 0.470313 0.648833 0.497009 0.261235 0.351966 0.536597 0.376699 0.768338 0.669191 0.445876 0.402960 0.630466 0.291381 0.490860 0.468623 0.562654 0.432726 0.525530 0.401989 0.432994 0.472893 0.556136 0.505093 0.472711 0.765561 0.456344 0.511746 0.594426 0.590818 0.111336 0.331386 0.646343 0.739291 0.605751 0.606688 0.248549 0.820071 0.611505 0.427852 0.310875 0.721797 0.819393 0.589599 0.651802 0.468726 0.389406 0.403275 0.607593 0.609717 0.700402 0.519820 0.690024 0.512109 0.552035 0.329093 0.420907 0.340100 0.256569 0.632159 0.848575 0.491421 0.230859
0.364810 0.492862 0.269724 0.290611 0.617023 0.591101 0.270082 0.596795 0.638035 0.494558 0.632498 0.498871 0.507125 0.508435 0.568104 0.634472 0.553886 0.369411 0.500711 0.242302 0.681037 0.347863 0.508981 0.228465 0.189827 0.460184 0.427528 0.584464 0.600315 0.356700 0.756883 0.546041 0.332015 0.314576 0.607296 0.371405 0.421727 0.630709 0.621292 0.584478 0.384133 0.632544 0.530934 0.246732 0.266110 0.177652 0.525963 0.500449 0.479340 0.415908 0.400148 0.584889 0.702159 0.515581 0.226662 0.577506 0.492700 0.389402 0.644034 0.287664 0.643450 0.243408 0.614455
0.659634 0.556453 0.488085 0.610508 0.330106 0.457349 0.848248 0.680389 0.756280 0.414908 0.468510 0.429121 0.741459 0.514421 0.450316 0.461946 0.854842 0.640591 0.393578 0.472312 0.608903 0.380116 0.369319 0.388520 0.286096 0.441232 0.437397 0.472026 0.589678 0.206885 0.682997 0.352956 0.344846 0.254739 0.277486 0.741273 0.672873 0.417026 0.331971 0.382680 0.253575 0.685076 0.410420 0.228399 0.360851 0.390934 0.540445 0.219915 0.316074 0.745331 0.516069 0.548559 0.317138 0.457935 0.463616 0.760698 0.778442 0.639507 0.474423 0.624586 0.429852 0.296467 0.677230
0.766419 0.545807 0.519205 0.483870 0.566264 0.758346 0.476412 0.669913 0.641972 0.424048 0.212891 0.465635 0.623352 0.345736 0.441792 0.162146 0.461296 0.400083 0.517587 0.667699 0.257413 0.657185 0.336580 0.414074 0.397304 0.554060 0.417716 0.473550 0.432772 0.546788 0.801608 0.676831 0.379926 0.372104 0.734264 0.290488 0.659350 0.502425 0.418397 0.468713 0.461586 0.707318 0.530565 0.601278 0.371063 0.405717 0.540597 0.543525 0.528638 0.442307 0.500566 0.448022 0.368578 0.369048 0.329185 0.250271 0.846453 0.254696 0.800811 0.669146 0.556329 0.634190 0.354097
0.845920 0.321074 0.483688 0.473018 0.361835 0.533629 0.604051 0.718411 0.374375 0.479253 0.742585 0.414257 0.702222 0.376920 0.281483 0.405636 0.378513 0.802974 0.744023 0.630918 0.459208 0.710966 0.236534 0.489806 0.687206 0.747047 0.508538 0.392928 0.388568 0.654575 0.172414 0.845024 0.658563 0.505494 0.635916 0.229485 0.646835 0.220269 0.422538 0.196897 0.793715 0.478630 0.426250 0.518655 0.429237 0.530622 0.531801 0.360902 0.418339 0.628162 0.342137 0.413917 0.577810 0.459576 0.611030 0.644608 0.379328 0.547324 0.562080 0.264438 0.544498 0.838507 0.561758
0.314137 0.429416 0.352698 0.539241 0.782447 0.455171 0.424268 0.571088 0.745976 0.356719 0.587995 0.346397 0.506916 0.541278 0.492727 0.471504 0.526116 0.705431 0.423761 0.556599 0.655796 0.521843 0.282752 0.422798 0.445216 0.316904 0.743232 0.351910 0.722083 0.434317 0.590743 0.659207 0.539543 0.657392 0.334940 0.636584 0.369022 0.384841 0.804092 0.517352 0.236374 0.561820 0.343791 0.484398 0.671799 0.445764 0.530030 0.237090 0.496594 0.628340 0.304159 0.481530 0.500532 0.382891 0.425570 0.634573 0.357973 0.650644 0.545148 0.609854 0.402869 0.802530 0.642825
0.366696 0.459766 0.476505 0.712983 0.627835 0.529097 0.480724 0.643393 0.580346 0.584586 0.671495 0.283070 0.535484 0.514533 0.411638 0.741368 0.651878 0.664607 0.840544 0.299314 0.480303 0.383200 0.453620 0.240961 0.726739 0.661655 0.314581 0.540787 0.288646 0.476762 0.511323 0.517280 0.442545 0.305663 0.645008 0.230759 0.270351 0.551216 0.371122 0.585439 0.298804 0.783762 0.317589 0.690364 0.510749 0.432768 0.710998 0.297894 0.539202 0.751421 0.884175 0.524061 0.467087 0.473108 0.585478 0.593987 0.656144 0.304169 0.616636 0.615301 0.650652 0.221876 0.840456
0.568911 0.409755 0.700005 0.449652 0.606879 0.383755 0.398349 0.431497 0.475754 0.567215 0.630942 0.714044 0.577807 0.616380 0.201895 0.644564 0.656057 0.211644 0.291176 0.596978 0.114529 0.479789 0.445630 0.681024 0.302967 0.454857 0.590753 0.538403 0.639807 0.170052 0.694170 0.378669 0.551600 0.486968 0.844496 0.754545 0.500381 0.452287 0.424254 0.460295 0.427936 0.740194 0.439364 0.584221 0.728452 0.876984 0.279096 0.326805 0.402232 0.489121 0.229346 0.841106 0.344630 0.654255 0.643786 0.679606 0.522934 0.357818 0.569554 0.458935 0.600739 0.572541 0.431899
0.489411 0.593884 0.696598 0.583759 0.492287 0.665372 0.355400 0.524453 0.406601 0.229217 0.651414 0.410084 0.498369 0.615359 0.739370 0.642755 0.432581 0.372261 0.391241 0.664568 0.836810 0.805619 0.359512 0.507984 0.481211 0.573059 0.706941 0.455721 0.455083 0.684659 0.332630 0.479482 0.494913 0.375187 0.722382 0.417575 0.420003 0.793634 0.589658 0.782774 0.448099 0.220844 0.597210 0.610738 0.475964 0.664870 0.301117 0.568127 0.598363 0.426979 0.576447 0.842596 0.449657 0.698907 0.777603 0.666704 0.570619 0.676004 0.887265 0.301287 0.606408 0.536312 0.453468
0.680773 0.602280 0.600269 0.787052 0.486013 0.239727 0.602510 0.477582 0.295530 0.729251 0.477782 0.667077 0.528992 0.745078 0.596301 0.792711 0.514317 0.446716 0.283036 0.569407 0.365987 0.642316 0.394955 0.383382 0.689261 0.421261 0.630941 0.691327 0.474568 0.660062 0.560896 0.430857 0.660131 0.505315 0.536453 0.451802 0.725461 0.680286 0.617794 0.557264 0.694960 0.623536 0.439531 0.309757 0.665744 0.286949 0.796867 0.470859 0.796804 0.451698 0.547477 0.465461 0.574928 0.619960 0.581910 0.335659 0.457441 0.347604 0.511962 0.452172 0.693417 0.291751 0.377566
0.780144 0.483655 0.507132 0.776357 0.517021 0.601649 0.611296 0.323426 0.399145 0.623869 0.675961 0.375146 0.436149 0.707832 0.403761 0.513072 0.615988 0.378543 0.477226 0.304366 0.233490 0.394135 0.635402 0.793118 0.844359 0.281771 0.711609 0.642040 0.680316 0.310676 0.386392 0.644210 0.386559 0.310593 0.728298 0.391499 0.521675 0.743664 0.557344 0.457772 0.550273 0.438106 0.538314 0.487491 0.428403 0.499801 0.449886 0.462245 0.333194 0.543662 0.524539 0.418499 0.557255 0.702860 0.483587 0.669432 0.305394 0.352900 0.584453 0.759565 0.647717 0.474686 0.480614
0.452122 0.791489 0.819203 0.498532 0.813294 0.341261 0.535886 0.408417 0.547942 0.494116 0.360800 0.822651 0.558931 0.650400 0.393041 0.509217 0.592530 0.484489 0.697596 0.415644 0.689732 0.719319 0.446039 0.470638 0.602754 0.377336 0.208129 0.520067 0.811714 0.459487 0.823693 0.334580 0.377637 0.579736 0.785568 0.349825 0.585491 0.422314 0.775281 0.192896 0.252034 0.326554 0.743685 0.636849 0.745362 0.462302 0.560755 0.231379 0.576064 0.641680 0.336963 0.389033 0.759389 0.373025 0.652523 0.537978 0.353664 0.872016 0.394887 0.477930 0.503098 0.734117 0.203372
0.356175 0.485045 0.677968 0.579215 0.542336 0.660074 0.564884 0.555043 0.455275 0.352499 0.236732 0.713106 0.620067 0.403899 0.610114 0.712138 0.570389 0.622877 0.531785 0.499847 0.501104 0.811192 0.459779 0.459437 0.352449 0.516801 0.466665 0.633210 0.539600 0.377853 0.572444 0.287244 0.562201 0.631406 0.623157 0.508714 0.636621 0.731230 0.757898 0.346854 0.659838 0.697793 0.510927 0.376904 0.413380 0.885404 0.727377 0.522464 0.346597 0.528041 0.559270 0.690289 0.726894 0.757415 0.548763 0.891104 0.589526 0.781229 0.541255 0.532742 0.538571 0.330515 0.258153
0.499649 0.755847 0.634326 0.233978 0.637402 0.754716 0.592254 0.372023 0.358145 0.753709 0.479040 0.699263 0.183416 0.457900 0.532549 0.353902 0.358483 0.651645 0.384993 0.412587 0.509816 0.252777 0.400751 0.607107 0.742387 0.627967 0.539696 0.342561 0.256204 0.617677 0.318872 0.320416 0.519773 0.619149 0.753203 0.586876 0.553376 0.670146 0.415135 0.458094 0.715434 0.403855 0.524258 0.684700 0.529452 0.490998 0.797380 0.633804 0.740291 0.465501 0.620145 0.337228 0.467943 0.373196 0.459475 0.477671 0.729150 0.488246 0.421817 0.660345 0.587368 0.298202 0.314880
0.555121 0.679216 0.661192 0.532088 0.757078 0.353333 0.579952 0.637695 0.440059 0.494683 0.586232 0.576838 0.497188 0.408145 0.536070 0.372645 0.475434 0.570295 0.716633 0.322279 0.476703 0.477269 0.622866 0.610433 0.650043 0.748148 0.829215 0.299619 0.338353 0.524335 0.401135 0.726139 0.539865 0.837337 0.434330 0.627107 0.585233 0.320407 0.325086 0.423144 0.596584 0.329340 0.611696 0.412592 0.656800 0.322831 0.605803 0.599962 0.806694 0.529239 0.467141 0.506681 0.723971 0.482200 0.473221 0.525410 0.553805 0.719604 0.333528 0.384514 0.478527 0.756150 0.625950
0.582011 0.637154 0.554380 0.751590 0.645897 0.556229 0.468503 0.644687 0.573062 0.197445 0.541089 0.495838 0.470400 0.708776 0.725892 0.385314 0.330388 0.332233 0.827489 0.525583 0.517388 0.870451 0.814348 0.615678 0.546433 0.535141 0.181433 0.622891 0.446683 0.474315 0.617571 0.487777 0.671403 0.862896 0.516026 0.433721 0.421476 0.600666 0.270948 0.512130 0.171194 0.437788 0.588231 0.621816 0.588173 0.709163 0.755466 0.625373 0.864456 0.457838 0.449826 0.786323 0.619417 0.683974 0.695520 0.532451 0.575890 0.369383 0.550368 0.361122 0.472233 0.455382 0.698867
0.712882 0.595610 0.644248 0.398361 0.787552 0.418544 0.323834 0.601330 0.446837 0.305320 0.698526 0.569624 0.995210 0.327863 0.518340 0.368866 0.686900 0.693003 0.516896 0.207909 0.724803 0.506359 0.439173 0.426924 0.562206 0.456465 0.441514 0.598188 0.749272 0.516599 0.305851 0.521710 0.213994 0.299059 0.652509 0.753462 0.538325 0.797530 0.441683 0.621212 0.268850 0.396848 0.669999 0.593318 0.366833 0.779996 0.565386 0.673564 0.677982 0.453300 0.515013 0.609270 0.437174 0.645960 0.524702 0.689015 0.707261 0.581839 0.617293 0.568807 0.411357 0.626801 0.698085
0.914553 0.600341 0.422315 0.591983 0.707994 0.749932 0.463436 0.554472 0.414121 0.532168 0.719631 0.694519 0.293020 0.482344 0.419844 0.595976 0.280693 0.548652 0.458822 0.369456 0.329656 0.225833 0.700549 0.711823 0.622341 0.443525 0.678543 0.788131 0.185542 0.335578 0.719775 0.313225 0.572980 0.540714 0.508623 0.720458 0.709367 0.544444 0.531031 0.575068 0.785384 0.768197 0.683991 0.285712 0.688347 0.588548 0.759456 0.548307 0.469527 0.580396 0.687138 0.288964 0.461952 0.804471 0.747384 0.600835 0.642955 0.596642 0.598778 0.440117 0.554475 0.394065 0.426540
0.392383 0.615618 0.430664 0.557290 0.425282 0.543584 0.574634 0.364031 0.525248 0.673633 0.540912 0.572928 0.655974 0.549604 0.657722 0.892679 0.924600 0.532348 0.657148 0.647144 0.358612 0.720853 0.496098 0.671414 0.440823 0.657240 0.273911 0.722851 0.470901 0.504663 0.485452 0.574796 0.574768 0.660140 0.598905 0.768932 0.727129 0.317956 0.559825 0.636548 0.442379 0.414253 0.341110 0.473237 0.867506 0.772145 0.627224 0.391889 0.609174 0.318059 0.611612 0.331200 0.484646 0.270427 0.820542 0.786903 0.333437 0.360049 0.409377 0.647914 0.641423 0.441379 0.635104
