DEPONS-master/data/CentralBaltic/prey0000_05.asc
NCOLS 400 
NROWS 400 
XLLCORNER 4750000.0 
YLLCORNER 3200000.0 
CELLSIZE 1000.0 
NODATA_value -9999 
[rows 280 to 307 of 400, columns 126 to 188 of 400]
0.436668 0.623017 0.694338 0.392451 0.386789 0.484918 0.494287 0.719417 0.388019 0.519826 0.569365 0.483239 0.296799 0.204867 0.690638 0.915063 0.517330 0.668960 0.452312 0.543586 0.545578 0.535805 0.551535 0.288255 0.523807 0.465684 0.490485 0.476321 0.445605 0.523563 0.653131 0.090893 0.469923 0.476412 0.606395 0.453159 0.834596 0.314613 0.571379 0.574792 0.662222 0.448728 0.600010 0.383498 0.426264 0.316863 0.374775 0.403736 0.392324 0.534331 0.850270 0.427512 0.572530 0.336761 0.235848 0.355119 0.638535 0.679369 0.286271 0.681075 0.444206 0.455691 0.684530
0.391597 0.724832 0.348685 0.491046 0.319839 0.451420 0.472614 0.426059 0.580561 0.520393 0.143690 0.280027 0.720195 0.611474 0.776623 0.539180 0.417336 0.685086 0.600454 0.605592 0.870124 0.432812 0.470350 0.413166 0.695873 0.519533 0.258468 0.567444 0.476818 0.355922 0.576019 0.682431 0.320064 0.563347 0.559568 0.342695 0.448841 0.658705 0.603388 0.657909 0.400543 0.737739 0.544561 0.582879 0.698420 0.524553 0.600838 0.899432 0.736126 0.346922 0.557264 0.530108 0.460122 0.736684 0.360435 0.222555 0.277884 0.750440 0.790350 0.556406 0.623216 0.271859 0.554456
0.812828 0.642857 0.394791 0.669901 0.488563 0.557777 0.506585 0.399803 0.521943 0.767021 0.499977 0.291087 0.672310 0.707546 0.580470 0.319677 0.663690 0.346668 0.837157 0.414946 0.588543 0.434568 0.536638 0.543019 0.187606 0.780220 0.795084 0.445007 0.744145 0.672388 0.753086 0.489519 0.660599 0.547673 0.391183 0.574500 0.545807 0.731891 0.742357 0.342743 0.445667 0.456208 0.543875 0.739908 0.501214 0.608948 0.802476 0.536486 0.752549 0.574080 0.356200 0.311450 0.781242 0.445423 0.526217 0.422736 0.492710 0.572817 0.677712 0.157238 0.382460 0.616361 0.644540
0.576162 0.269577 0.670442 0.089107 0.553955 0.795261 0.385171 0.693911 0.407629 0.692670 0.397407 0.725000 0.741209 0.348259 0.591442 0.240101 0.161971 0.784932 0.461690 0.192856 0.673854 0.437102 0.578032 0.184654 0.691685 0.207458 0.971970 0.793077 0.469010 0.709573 0.340020 0.683956 0.071200 0.563948 0.469355 0.466063 0.449537 0.508532 0.593942 0.527706 0.578908 0.283033 0.419225 0.564326 0.363697 0.430748 0.873978 0.670597 0.554935 0.518346 0.764878 0.211501 0.521197 0.554929 0.663207 0.399162 0.171308 0.119379 0.572313 0.575960 0.651239 0.623286 0.629165
0.365033 0.541929 0.383180 0.624834 0.341603 0.787923 0.625538 0.696531 0.683263 0.318550 0.498554 0.760442 0.502178 0.943058 0.698071 0.476747 0.625978 0.289895 0.784741 0.533020 0.485221 0.239295 0.342779 0.559138 0.693553 0.563418 0.305151 0.559870 0.663651 0.510026 0.394122 0.226616 0.475869 0.868868 0.359235 0.511756 0.449199 0.736328 0.465344 0.326700 0.618721 0.616929 0.667782 0.769395 0.606007 0.612194 0.577206 0.293414 0.497818 0.591078 0.662143 0.442413 0.974992 0.791280 0.284857 0.228429 0.170545 0.431961 0.507957 0.709150 0.784099 0.436650 0.339583
0.656078 0.606649 0.434494 0.575837 0.298128 0.485906 0.742775 0.742781 0.285441 0.285382 0.721351 0.545505 0.101307 0.510555 0.498412 0.287912 0.422101 0.305558 0.390002 0.813525 0.491905 0.361048 0.293207 0.613713 0.805902 0.269514 0.291537 0.721250 0.722323 0.528246 0.505671 0.598693 1.000000 0.653752 0.643982 0.459807 0.624722 0.657751 0.582305 0.348808 0.356835 0.396373 0.726962 0.338852 0.433317 0.532253 0.766446 0.354787 0.277532 0.677691 0.689994 0.682011 0.678822 0.409814 0.722063 0.444281 0.331397 0.318372 0.425962 0.340522 0.411183 0.760730 0.517569
0.824309 0.543708 0.965289 0.187784 0.655179 0.370209 0.642102 0.338196 0.693319 0.515844 0.448624 0.641989 0.374574 0.452980 0.341071 0.078282 0.540374 0.440207 0.682937 0.449259 0.601188 0.452585 0.333871 0.300394 0.890397 0.503760 0.693933 0.736701 0.509833 0.463394 0.328334 0.709704 0.713900 0.772598 0.529778 0.429841 0.716790 0.244646 0.492387 0.705424 0.487808 0.560611 0.380107 0.614404 0.456222 0.689952 0.541473 0.519525 0.381581 0.761842 0.674241 0.512193 0.315699 0.851547 0.443049 0.608565 0.701970 0.555055 0.346362 0.487376 0.384247 0.643741 0.360425
0.431183 0.600338 0.780941 0.353618 0.651444 0.672438 0.687594 0.383295 0.443122 0.431862 0.573294 0.344825 0.554594 0.852908 0.741920 0.578156 0.463418 0.426086 0.545857 0.639075 0.410745 0.357549 0.378772 0.220081 0.761539 0.631741 0.419992 0.737753 0.647654 0.559442 0.564241 0.455370 0.371109 0.430415 0.679210 0.413920 0.623469 0.668827 0.266921 0.500075 0.452827 0.400855 0.789470 0.512888 0.571864 0.512108 0.371657 0.701404 0.761455 0.711988 0.687627 0.748201 0.321986 0.306131 0.720332 0.381934 0.643930 0.694831 0.687803 0.767477 0.365184 0.678127 0.525616
0.304360 0.751803 0.870639 0.501673 0.471850 0.372074 0.422657 0.340180 0.223891 0.421219 0.491512 0.395018 0.537280 0.849134 0.976841 0.231461 0.545023 0.414457 0.596056 0.693522 0.437712 0.424868 0.786950 0.693349 0.520008 0.653364 0.143440 0.636446 0.464117 0.444162 0.406106 0.318152 0.210297 0.422364 0.477153 0.719466 0.548713 0.382734 0.584362 0.413141 0.584739 0.664166 0.448188 0.521622 0.717144 0.305225 0.552538 0.415272 0.349335 0.835584 0.640226 0.425224 0.487598 0.657722 0.479853 0.884276 0.364496 0.422574 0.599544 0.500460 0.776317 0.232456 0.825431
0.415364 0.498365 0.649637 0.443693 0.433022 0.752718 0.518408 0.685181 0.717555 0.460108 0.630775 0.531137 0.636516 0.661281 0.794554 0.413260 0.722180 0.642863 0.246534 0.804068 0.297332 0.715387 0.518542 0.336454 0.697073 0.572960 0.372958 0.606884 0.554097 0.729119 0.549376 0.522775 0.347168 0.122772 0.557531 0.314240 0.480506 0.626958 0.587633 0.299015 0.612430 0.411535 0.630686 0.498234 0.870478 0.580911 0.492302 0.584713 0.694140 0.480784 0.655263 0.541844 0.409564 0.917063 0.589854 0.367479 0.353134 0.388267 0.797594 0.649520 0.706256 0.690590 0.524269
0.447906 0.609515 0.552820 0.642188 0.434244 0.631167 0.636425 0.814463 0.590696 0.334009 0.676574 0.516155 0.520345 0.695616 0.390135 0.381514 0.328089 0.890198 0.437672 0.742853 0.471656 0.677077 0.486538 0.640785 0.499165 0.622387 0.424304 0.635383 0.742428 0.309016 0.381893 0.657823 0.755308 0.623857 0.872460 0.526646 0.779586 0.751362 0.500520 0.828359 0.593642 0.472536 0.656438 0.305580 0.396350 0.689096 0.363772 0.568607 0.498980 0.804178 0.497383 0.983567 0.399548 0.702722 0.438310 0.910951 0.337914 0.394581 0.519456 0.327345 0.433562 0.386429 0.605393
0.700211 0.563458 0.737165 0.595669 0.527928 0.306893 0.551436 0.685745 0.534671 0.899114 0.855165 0.415439 0.707241 0.449851 0.538106 0.356668 0.359168 0.667830 0.529299 0.207201 0.529585 0.427847 0.395225 0.573821 0.353859 0.480732 0.618149 0.616095 0.466076 0.778994 0.655622 0.435817 0.647064 0.481372 0.752831 0.750538 0.356408 0.758131 0.681844 0.373725 0.605352 0.560774 0.558840 0.471185 0.733431 0.760454 0.681873 0.771283 0.835562 0.748375 0.597136 0.759138 0.572510 0.669443 0.500984 0.671145 0.475810 0.835010 0.691484 0.601918 0.572661 0.508545 0.759722
0.755246 0.451578 0.474456 0.664976 0.615259 0.482273 0.443823 0.544791 0.657166 0.304446 0.609256 0.643375 0.415488 0.372520 0.300239 0.240868 0.533588 0.727919 0.130333 0.510676 0.294327 0.691950 0.834391 0.486698 0.804507 0.545459 0.300407 0.648096 0.568712 0.439511 0.186495 0.325131 0.495267 0.707455 0.715239 0.328856 0.475351 0.520376 0.861218 0.750420 0.457787 0.926555 0.581692 0.595155 0.391853 0.442121 0.820871 0.225747 0.500044 0.524620 0.573752 0.785864 0.177957 0.441796 0.227732 0.040848 0.516038 0.535829 0.720385 0.696825 0.619510 0.612006 0.211320
0.741659 0.626758 0.571702 0.421402 0.152154 0.517711 0.697687 0.889377 0.341555 0.567932 0.331949 0.222022 0.283452 0.279840 0.462193 0.327554 0.551285 0.833407 0.479445 0.631165 0.598242 0.494365 0.602189 0.554514 0.491245 0.560283 0.601334 0.471793 0.326344 0.388387 0.682190 0.424198 0.390744 0.492083 0.373224 0.291882 0.577112 0.346329 0.642616 0.700757 0.318184 0.462489 0.351975 0.607396 0.724470 0.669490 0.568902 0.442975 0.253063 0.279178 0.474200 0.422668 0.277094 0.848070 0.509990 0.609647 0.891158 0.478926 0.355457 0.833664 0.736512 0.786475 0.720445
0.809134 0.242611 0.552543 0.594375 0.552735 0.463347 0.389106 0.533567 0.448310 0.419910 0.450072 0.781337 0.622793 0.343965 0.558370 0.336890 0.553738 0.388081 0.618543 0.374327 0.692973 0.326747 0.103100 0.389326 0.575983 0.752793 0.196161 0.443136 0.707673 0.532203 0.525053 0.416656 0.737063 0.355442 0.672269 0.250005 0.608883 0.835325 0.414325 0.225307 0.612690 0.570488 0.864887 0.639503 0.542392 0.630708 0.447673 0.458685 0.483907 0.637201 0.413022 0.707310 0.453356 0.261518 0.867084 0.503555 0.547984 0.661997 0.450138 0.752419 0.857769 0.591142 0.781267
0.452631 0.428644 0.689403 0.313379 0.448854 0.726350 0.760374 0.521719 0.569475 0.525643 0.526713 0.269730 0.535795 0.236044 0.569181 0.585726 0.782593 0.339719 0.969284 0.841240 0.714862 0.669424 0.570825 0.856165 0.411345 0.341042 0.412999 0.367883 0.807918 0.688333 0.305899 0.243178 0.899573 0.415039 0.274590 0.585526 0.364192 0.486074 0.636816 0.735111 0.645786 0.808937 0.618525 0.728079 0.058050 0.704180 0.669697 0.460221 0.811175 0.478024 0.374068 0.431130 0.219630 0.308107 0.524715 0.281178 0.645005 0.449859 0.696983 0.578256 0.618331 0.729251 0.476492
0.440062 0.505469 0.255301 0.261966 0.382447 0.317897 0.505882 0.666030 0.442847 0.309918 0.429409 0.654628 0.389492 0.346135 0.440069 0.698625 0.331021 0.632926 0.328811 0.349047 0.643274 0.397346 0.493279 0.891584 0.557083 0.779714 0.482973 0.481176 0.568566 0.425528 0.659753 0.714307 0.614305 0.646455 0.487667 0.606299 0.653829 0.478780 0.659301 0.169533 0.299933 0.354899 0.664990 0.557666 0.783966 0.665819 0.516081 0.517697 0.636780 0.327383 0.335423 0.459512 0.419723 0.691225 0.746420 0.432100 0.892171 0.749645 0.296278 0.499439 0.618792 0.648070 0.470828
0.468768 0.259916 0.634548 0.460509 0.360494 0.394226 0.675674 0.188729 0.349644 0.491915 0.392410 0.520745 0.581959 0.563743 0.583322 0.511307 0.230625 0.628021 0.864357 0.536614 0.318014 0.685283 0.308487 0.840674 0.601250 0.622451 0.389314 0.475424 0.691499 0.578182 0.506248 0.414338 0.314973 0.919581 0.845541 0.585829 0.783692 0.384505 0.485375 0.259825 0.554896 0.377661 0.695277 0.644854 0.408298 0.551678 0.911198 0.857041 0.628839 0.564004 0.572216 0.433321 0.303125 0.318022 0.647898 0.591664 0.651060 0.232408 0.506760 0.679407 0.327242 0.402905 0.684706
0.809101 0.593973 0.519406 0.606610 0.463093 0.411183 0.589847 0.343847 0.667538 0.434363 0.795805 0.193230 0.566465 0.362645 0.568636 0.462823 0.557804 0.610725 0.513077 0.355728 0.769861 0.496845 0.620864 0.896833 0.576566 0.731498 0.803939 0.305808 0.773514 0.561512 0.425468 0.224563 0.437906 0.709837 0.593667 0.163159 0.611712 0.598873 0.186449 0.465744 0.348285 0.215942 0.376197 0.513301 0.496901 0.398328 0.454246 0.708528 0.682283 0.502934 0.710539 0.340491 0.246846 0.455458 0.549279 0.721275 0.775417 0.692385 0.641154 0.740837 0.309612 0.249747 0.534378
0.414497 0.726676 0.477940 0.396793 0.367065 0.442615 0.574558 0.555039 0.638945 0.689699 0.358840 0.561406 0.446469 0.728777 0.642342 0.321072 0.341737 0.641097 0.534426 0.453245 0.666675 0.778018 0.556908 0.618594 0.505581 0.851257 0.339835 0.503048 0.641508 0.576412 0.556113 0.792514 0.596904 0.729490 0.820463 0.388283 0.507933 0.392622 0.644919 0.643926 0.597330 0.558996 0.310579 0.426770 0.554970 0.642677 0.348165 0.824429 0.686586 0.482930 0.294928 0.206941 0.662325 0.329212 0.682716 0.525591 0.566267 0.376405 0.150503 0.409115 0.365597 0.545330 0.372100
0.601080 0.689456 0.362985 0.579381 0.740095 0.351579 0.588635 0.534545 0.820378 0.671982 0.595043 0.700989 0.264987 0.327693 0.668588 0.303030 0.821384 0.538111 0.357649 0.291150 0.418334 0.387219 0.325039 0.323021 0.335311 0.756824 0.579097 0.392029 0.463650 0.654047 0.237416 0.625434 0.601298 0.400718 0.661374 0.252925 0.719963 0.305364 0.763526 0.594170 0.559172 0.787162 0.650051 0.691845 0.542411 0.566158 0.465098 0.752288 0.872283 0.419249 0.710291 0.648389 0.898365 0.704137 0.431385 0.592456 0.761312 0.553780 0.145926 0.715888 0.605066 0.629584 0.325302
0.277649 0.617537 0.489491 0.676675 0.358688 0.398763 0.694440 0.434427 0.761265 0.340968 0.385318 0.760011 0.732723 0.513947 0.814934 0.302559 0.759211 0.277004 0.607039 0.486156 0.565502 0.507692 0.262649 0.554641 0.782637 0.280133 0.625888 0.906153 0.474957 0.652414 0.691063 0.484287 0.413315 0.463948 0.833334 0.756825 0.536855 0.416484 0.507531 0.694404 0.675705 0.163907 0.653601 0.735300 0.489372 0.407177 0.355950 0.753409 0.406390 0.714251 0.604109 0.278246 0.789475 0.551623 0.703871 0.754594 0.754390 0.597298 0.491438 0.710336 0.409002 0.813724 0.267538
0.430313 0.956657 0.511959 0.402612 0.313183 0.421529 0.470373 0.827305 0.466127 0.573729 0.726298 0.456679 0.728337 0.245363 0.669738 0.575174 0.573297 0.651479 0.474152 0.453882 0.621025 0.454819 0.495613 0.530377 0.600462 0.400329 0.576952 0.456754 0.153018 0.545850 0.636244 0.505157 0.741817 0.364041 0.711365 0.651114 0.604019 0.417489 0.385174 0.358555 0.371671 0.381491 0.450984 0.711150 0.568371 0.257412 0.627432 0.765275 0.719241 0.682989 0.882958 0.505189 0.326449 0.799544 0.922230 0.409148 0.370210 0.448607 0.670735 0.452443 0.809795 0.280512 0.500759
0.775656 0.308365 0.511012 0.305597 0.302626 0.622212 0.345813 0.367248 0.589590 0.762983 0.463812 0.405212 0.485083 0.640371 0.578955 0.528288 0.699027 0.625161 0.590684 0.503604 0.482079 0.272440 0.562686 0.475033 0.619511 0.644619 0.420805 0.520049 0.797166 0.255809 0.572660 0.462620 0.465980 0.431872 0.566297 0.655684 0.401275 0.556599 0.681490 0.831862 0.506183 0.262420 0.851918 0.410049 0.545539 0.621852 0.580866 0.178653 0.392436 0.507223 0.694516 0.696453 0.395953 0.533820 0.112019 0.325469 0.352642 0.558880 0.372690 0.463402 0.725388 0.531521 0.384333
0.167416 0.280210 0.317136 0.816639 0.631834 0.579133 0.553264 0.694993 0.270409 0.761834 0.253024 0.306192 0.600590 0.516577 0.380703 0.534675 0.373352 0.456144 0.647533 0.573642 0.489542 0.673539 0.676164 0.324787 0.764475 0.625302 0.672207 0.460608 0.376578 0.685524 0.494869 0.491599 0.492656 0.472481 0.631981 0.478122 0.351495 0.433792 0.855322 0.692188 0.536073 0.309373 0.497677 0.742635 0.418006 0.467923 0.667849 0.385375 0.642411 0.313856 0.352335 0.475707 0.382010 0.262754 0.545634 0.480610 0.389781 0.577905 0.467703 0.829966 0.245174 0.384406 0.289388
0.653459 0.631872 0.529810 0.807440 0.601068 0.512086 0.449278 0.574843 0.556025 0.313541 0.459670 0.421356 0.536217 0.767562 0.437306 0.690971 0.365743 0.405492 0.590611 0.505593 0.388878 0.576210 0.469376 0.429364 0.766720 0.455510 0.481229 0.677261 0.579622 0.664389 0.565090 0.583556 0.511926 0.200302 0.596529 0.293551 0.688750 0.655840 0.649627 0.493453 0.717174 0.537312 0.659277 0.511067 0.346961 0.273337 0.436700 0.487349 0.557726 0.725724 0.886687 0.444050 0.644843 0.826956 0.562861 0.765404 0.452465 0.619531 0.637222 0.675822 0.773789 0.505412 0.488424
0.811569 0.388263 0.679894 0.420918 0.573110 0.600980 0.418757 0.665400 0.623289 0.235001 0.756420 0.492125 0.404461 0.804333 0.471801 0.378526 0.652470 0.543857 0.698945 0.468178 0.730471 0.233343 0.351999 0.520657 0.693817 0.507613 0.650136 0.898493 0.780779 0.610671 0.739686 0.588221 0.755103 0.526795 0.657125 0.561295 0.372531 0.351802 0.840778 0.558413 0.619771 0.334225 0.700268 0.546640 0.124126 0.204159 0.590565 0.354861 0.339878 0.311114 0.442310 0.578940 0.478001 0.308943 0.443999 0.493083 0.653561 0.822099 0.651002 0.345329 0.587556 0.625464 0.751225
0.400845 0.493032 0.491632 0.368532 0.462164 0.389205 0.679885 0.315991 0.486697 0.764541 0.610893 0.318072 0.578354 0.668759 0.592169 0.939487 0.295487 0.454228 0.216404 0.380847 0.283146 0.471099 0.168374 0.649265 0.327431 0.378965 0.449188 0.823432 0.629808 0.613116 0.381355 0.565514 0.446775 0.267825 0.646343 0.283820 0.687502 0.519532 0.453371 0.667092 0.722103 0.782229 0.274014 0.867627 0.378084 0.491446 0.505846 0.684722 0.425167 0.370730 0.724754 0.321508 0.756244 0.352333 0.655195 0.330161 0.588263 0.540219 0.624945 0.575932 0.228516 0.538172 0.326634
