DEPONS-master/data/CentralBaltic/prey0000_11.asc
NCOLS 400 
NROWS 400 
XLLCORNER 4750000.0 
YLLCORNER 3200000.0 
CELLSIZE 1000.0 
NODATA_value -9999 
[rows 196 to 223 of 400, columns 252 to 314 of 400]
0.329349 0.355781 0.250257 0.412834 0.034914 0.267416 0.252926 0.299928 0.434569 0.209668 0.270856 0.339089 0.199383 0.302277 0.183407 0.201108 0.367498 0.213953 0.306024 0.231705 0.145961 0.220850 0.320367 0.102771 0.160766 0.223936 0.269568 0.346078 0.317029 0.329282 0.395658 0.064068 0.276941 0.110625 0.492889 0.285798 0.431799 0.248344 0.190524 0.274019 0.166387 0.205826 0.201026 0.454222 0.132894 0.465736 0.475270 0.439157 0.334525 0.110526 0.185853 0.169330 0.129120 0.047413 0.119616 0.161861 0.384933 0.188623 0.286391 0.284176 0.155064 0.239126 0.275329
0.210382 0.313228 0.273147 0.337168 0.182953 0.329408 0.273574 0.284948 0.232329 0.150826 0.281376 0.280229 0.220010 0.018078 0.315396 0.260712 0.170711 0.200338 0.237306 0.315368 0.154966 0.012356 0.089544 0.352860 0.242015 0.291531 0.335958 0.303886 0.178399 0.158779 0.292552 0.187049 0.078312 0.274284 0.393665 0.179357 0.030356 0.279492 0.386373 0.434240 0.538305 0.000000 0.033464 0.287090 0.108833 0.106197 0.351800 0.131361 0.189794 0.542940 0.395208 0.017499 0.447920 0.249999 0.265581 0.167052 0.327229 0.257614 0.118819 0.401325 0.300718 0.256611 0.346947
0.307368 0.208146 0.380524 0.202145 0.093886 0.051141 0.296030 0.211871 0.508856 0.065008 0.278544 0.266877 0.168947 0.000000 0.388604 0.279015 0.389268 0.339164 0.220262 0.115360 0.459339 0.312128 0.126169 0.417840 0.101657 0.171674 0.227466 0.379347 0.515932 0.415653 0.206237 0.253911 0.110102 0.401785 0.342258 0.391271 0.297710 0.428112 0.000000 0.402435 0.045939 0.455108 0.196772 0.138335 0.148782 0.377517 0.154530 0.072953 0.093057 0.016463 0.208298 0.258879 0.437889 0.149288 0.126424 0.339072 0.301120 0.235581 0.283705 0.242431 0.067932 0.245745 0.187978
0.292051 0.399177 0.194560 0.411489 0.478467 0.139659 0.227455 0.328137 0.488443 0.163923 0.337187 0.238292 0.369501 0.111634 0.332011 0.540419 0.059523 0.267466 0.308941 0.208865 0.149179 0.106400 0.166880 0.098527 0.225980 0.204611 0.227575 0.488077 0.263398 0.194803 0.234204 0.362333 0.336433 0.000000 0.239813 0.261594 0.073155 0.000168 0.279474 0.259272 0.099260 0.332540 0.400473 0.283505 0.285674 0.200295 0.229338 0.256489 0.341386 0.449922 0.351598 0.290510 0.276936 0.369870 0.169415 0.601221 0.108804 0.207399 0.306618 0.226068 0.115453 0.198144 0.092382
0.043539 0.350191 0.067735 0.350882 0.261216 0.386219 0.402966 0.303463 0.215923 0.289951 0.177000 0.254692 0.208925 0.292093 0.333260 0.000000 0.511580 0.221673 0.327231 0.488347 0.137372 0.202591 0.365021 0.349051 0.086882 0.231718 0.206110 0.468797 0.342346 0.475218 0.410457 0.225129 0.102314 0.041751 0.201173 0.082393 0.267534 0.425779 0.131116 0.356483 0.295216 0.130508 0.303137 0.276346 0.306675 0.154137 0.403873 0.331789 0.123234 0.112571 0.224022 0.327172 0.268746 0.294457 0.259875 0.118761 0.337445 0.235371 0.254812 0.197126 0.482817 0.200820 0.334022
0.231578 0.284424 0.142506 0.376772 0.221140 0.071348 0.150571 0.093260 0.304140 0.202473 0.115147 0.333355 0.143107 0.356092 0.175805 0.104270 0.194523 0.148313 0.213945 0.096392 0.174116 0.127960 0.384919 0.214033 0.512976 0.059331 0.176826 0.273314 0.113770 0.081220 0.342134 0.197885 0.296226 0.307717 0.204683 0.289712 0.323999 0.063814 0.041392 0.088101 0.205210 0.169911 0.177687 0.216266 0.256928 0.347923 0.333322 0.342257 0.204986 0.164477 0.140046 0.356191 0.089298 0.103500 0.114837 0.358994 0.148112 0.000000 0.155109 0.355108 0.250416 0.126186 0.238297
0.203629 0.000000 0.271275 0.375875 0.260835 0.250816 0.028300 0.359951 0.189026 0.387380 0.232803 0.077391 0.255395 0.462828 0.038288 0.038679 0.399736 0.201952 0.164887 0.215205 0.121763 0.363957 0.345046 0.220514 0.176565 0.279434 0.336248 0.503081 0.293956 0.295309 0.203911 0.222868 0.445489 0.293589 0.183906 0.115181 0.435060 0.256528 0.093173 0.158586 0.169077 0.169290 0.377807 0.304593 0.319608 0.245878 0.390980 0.472179 0.408906 0.000000 0.350878 0.244096 0.172322 0.379423 0.266464 0.190009 0.205668 0.259962 0.242237 0.387696 0.332517 0.129646 0.282132
0.269641 0.179225 0.206667 0.256321 0.213763 0.397721 0.154353 0.270046 0.200366 0.357322 0.349266 0.369051 0.268253 0.355799 0.158526 0.244651 0.160540 0.181468 0.141390 0.439624 0.183902 0.297526 0.000000 0.297627 0.272241 0.356421 0.216600 0.034953 0.338225 0.115708 0.258435 0.500743 0.198217 0.087945 0.293105 0.255812 0.430736 0.355298 0.349211 0.226433 0.041209 0.257352 0.343450 0.117019 0.208718 0.357577 0.276243 0.622290 0.134011 0.020819 0.178079 0.411006 0.286563 0.141904 0.035979 0.234692 0.257727 0.401899 0.216631 0.419831 0.392300 0.092698 0.204127
0.293182 0.170575 0.058331 0.342577 0.302771 0.255492 0.285436 0.290073 0.297720 0.220280 0.000000 0.364441 0.212610 0.227361 0.206708 0.089650 0.000000 0.220596 0.329319 0.325189 0.124375 0.284311 0.215802 0.432243 0.365350 0.236888 0.197974 0.293397 0.401616 0.151203 0.063694 0.352212 0.230865 0.234953 0.196744 0.343593 0.495533 0.202800 0.050784 0.000000 0.383326 0.145226 0.516373 0.145348 0.202028 0.232360 0.422420 0.272736 0.104743 0.433587 0.196525 0.140979 0.144016 0.165439 0.195940 0.418863 0.232676 0.409874 0.324373 0.219304 0.358214 0.131540 0.063150
0.108590 0.125499 0.195686 0.503958 0.167707 0.535252 0.268193 0.462152 0.231324 0.302182 0.355494 0.249501 0.380186 0.457150 0.071518 0.191523 0.098642 0.167529 0.136964 0.098313 0.332615 0.156011 0.106391 0.189224 0.221509 0.390724 0.392537 0.000000 0.105335 0.117727 0.178017 0.140655 0.298544 0.119687 0.129171 0.272293 0.215237 0.259391 0.134536 0.067885 0.243934 0.188286 0.208950 0.258627 0.154508 0.158165 0.170664 0.000000 0.347844 0.175090 0.332514 0.088283 0.166724 0.245334 0.054101 0.336710 0.366190 0.236958 0.403816 0.396377 0.236528 0.255366 0.228997
0.323546 0.218979 0.137813 0.138991 0.238879 0.064154 0.384408 0.329267 0.326248 0.296711 0.234390 0.082859 0.392982 0.051140 0.262709 0.073991 0.357557 0.261991 0.124969 0.286066 0.416122 0.216978 0.213698 0.434194 0.291618 0.077280 0.094532 0.321235 0.355617 0.058429 0.177274 0.388966 0.232217 0.042646 0.435729 0.129722 0.272612 0.328528 0.220097 0.235879 0.210133 0.164564 0.326088 0.218724 0.468363 0.274443 0.370890 0.165460 0.100675 0.198622 0.347518 0.284436 0.350840 0.065732 0.450224 0.096448 0.208593 0.294485 0.079889 0.289879 0.502661 0.207386 0.156185
0.278294 0.410039 0.147181 0.295058 0.529546 0.397446 0.133759 0.140347 0.000000 0.178524 0.000000 0.288122 0.037696 0.050399 0.420734 0.222787 0.184604 0.280816 0.292148 0.466149 0.238180 0.150043 0.207316 0.309531 0.134308 0.115640 0.144634 0.238236 0.278433 0.344571 0.093407 0.139142 0.150900 0.422683 0.059343 0.209207 0.380770 0.154336 0.223052 0.310648 0.000000 0.260118 0.023181 0.192756 0.304411 0.170017 0.230135 0.222097 0.132333 0.000000 0.261014 0.272099 0.268168 0.045610 0.141583 0.287682 0.134927 0.114424 0.273854 0.400368 0.353833 0.173013 0.353320
0.389694 0.140049 0.427722 0.295893 0.076749 0.193770 0.152314 0.249268 0.256244 0.253244 0.305361 0.037381 0.136222 0.114188 0.054952 0.415465 0.336244 0.328804 0.141918 0.000000 0.153114 0.359257 0.175822 0.169928 0.301458 0.199300 0.244055 0.056167 0.399805 0.067619 0.123438 0.100068 0.200667 0.319170 0.154734 0.000000 0.429829 0.162458 0.316613 0.300979 0.476168 0.112399 0.063451 0.107319 0.209715 0.247204 0.272725 0.050494 0.293295 0.270220 0.369476 0.227547 0.279795 0.197620 0.263456 0.371448 0.440791 0.342558 0.331701 0.269332 0.254294 0.009955 0.283093
0.195961 0.175009 0.259108 0.185608 0.255293 0.180564 0.223142 0.075282 0.205916 0.063881 0.339267 0.231760 0.086852 0.214432 0.259778 0.038556 0.318574 0.153754 0.186463 0.209734 0.033754 0.059126 0.275242 0.287254 0.263013 0.320477 0.205568 0.175680 0.195885 0.160001 0.369001 0.153514 0.273559 0.366922 0.292904 0.000000 0.412479 0.304227 0.266867 0.317659 0.372781 0.123937 0.325563 0.393605 0.099434 0.311175 0.447754 0.408032 0.303972 0.346942 0.177226 0.189623 0.411769 0.239584 0.138091 0.192139 0.173530 0.234937 0.379636 0.465591 0.159849 0.009197 0.148008
0.277563 0.391816 0.405701 0.224005 0.356880 0.145820 0.581394 0.132643 0.403961 0.314563 0.234333 0.242276 0.234246 0.290229 0.313985 0.248201 0.234778 0.256685 0.288090 0.235173 0.396167 0.323448 0.149705 0.489402 0.234553 0.248726 0.240333 0.008170 0.127436 0.000000 0.231013 0.488494 0.296949 0.145941 0.185541 0.321313 0.396515 0.289694 0.291799 0.127233 0.098485 0.211254 0.152424 0.294068 0.212729 0.257819 0.221802 0.247084 0.316328 0.228285 0.323453 0.396487 0.099297 0.079248 0.150949 0.129561 0.268152 0.386775 0.277945 0.275681 0.235765 0.204775 0.208944
0.441989 0.193626 0.313345 0.182155 0.387279 0.347132 0.254906 0.046744 0.283509 0.285657 0.160609 0.320838 0.137994 0.354433 0.000000 0.030389 0.215225 0.242298 0.213233 0.328551 0.260016 0.259807 0.361930 0.019692 0.171131 0.101248 0.144292 0.297077 0.261687 0.433392 0.288275 0.219650 0.457615 0.192074 0.419852 0.365693 0.316819 0.358835 0.338457 0.233169 0.183431 0.302120 0.158270 0.255407 0.303199 0.231782 0.295474 0.122868 0.310445 0.109595 0.262024 0.162984 0.147601 0.265059 0.188671 0.177422 0.325885 0.276792 0.375480 0.407601 0.182233 0.198728 0.206356
0.053720 0.188349 0.165427 0.517400 0.271011 0.116270 0.257131 0.262182 0.340367 0.264304 0.335601 0.286021 0.451601 0.112841 0.327704 0.321618 0.183081 0.327849 0.348751 0.260371 0.099465 0.477287 0.000000 0.131908 0.022343 0.031507 0.081405 0.166604 0.439417 0.163821 0.000000 0.043396 0.333252 0.446567 0.307571 0.292518 0.190774 0.249935 0.115424 0.048944 0.181918 0.226120 0.403558 0.116023 0.393175 0.224896 0.296738 0.311005 0.096421 0.391589 0.116719 0.361966 0.225941 0.344956 0.397728 0.217227 0.279221 0.149783 0.248059 0.362674 0.000000 0.298892 0.223033
0.000000 0.203283 0.360132 0.250003 0.273031 0.219074 0.287408 0.184028 0.207223 0.358397 0.208792 0.102561 0.336983 0.092713 0.042322 0.422959 0.125233 0.236708 0.313928 0.125888 0.523681 0.389128 0.336239 0.304030 0.221470 0.295735 0.321036 0.415074 0.266703 0.241795 0.282896 0.323542 0.425483 0.320393 0.155447 0.042230 0.212205 0.037003 0.522835 0.316796 0.244151 0.132673 0.028354 0.077102 0.156225 0.301611 0.158783 0.387178 0.195493 0.567100 0.284773 0.180291 0.133911 0.094495 0.412492 0.021930 0.209995 0.158244 0.247506 0.331255 0.433738 0.105108 0.407867
0.337588 0.144402 0.480301 0.189079 0.353684 0.319343 0.304407 0.314872 0.151747 0.383056 0.318173 0.198119 0.299381 0.227278 0.259751 0.129698 0.376119 0.343443 0.290867 0.276708 0.272627 0.116021 0.023783 0.237273 0.296692 0.182287 0.167546 0.332193 0.287528 0.108948 0.377007 0.328781 0.251292 0.232736 0.353881 0.337557 0.316264 0.334248 0.219378 0.159468 0.344064 0.456155 0.144873 0.258777 0.335428 0.342867 0.158109 0.184664 0.330067 0.395529 0.350113 0.243964 0.256019 0.277097 0.142450 0.141027 0.040221 0.306615 0.193042 0.258570 0.299480 0.329393 0.056096
0.211720 0.128173 0.429860 0.294525 0.255890 0.273987 0.251053 0.168592 0.324170 0.214390 0.610298 0.130301 0.261315 0.107708 0.161876 0.215384 0.291205 0.218416 0.415255 0.273142 0.199492 0.301713 0.179691 0.156338 0.437071 0.300550 0.221352 0.283624 0.140529 0.227515 0.273942 0.220109 0.308528 0.283997 0.153498 0.206738 0.177102 0.189476 0.113275 0.172975 0.000000 0.000000 0.255564 0.290475 0.463079 0.285269 0.380614 0.189232 0.233326 0.375449 0.000000 0.467900 0.184178 0.266647 0.185350 0.106567 0.166706 0.197483 0.403035 0.323048 0.115460 0.416638 0.000000
0.043003 0.273789 0.245655 0.022149 0.084798 0.317832 0.056374 0.143704 0.275024 0.374160 0.167742 0.157910 0.222872 0.058835 0.276469 0.212693 0.185639 0.294556 0.148207 0.461848 0.283238 0.223058 0.142314 0.411897 0.173751 0.346524 0.208283 0.424590 0.331364 0.158588 0.281625 0.410066 0.190361 0.196809 0.341378 0.180203 0.045810 0.101530 0.220627 0.273698 0.180740 0.126631 0.279211 0.341286 0.268275 0.338829 0.595065 0.257582 0.198732 0.327908 0.000000 0.332873 0.383424 0.158082 0.227400 0.392921 0.280198 0.419501 0.300846 0.182170 0.294439 0.216373 0.047328
0.451730 0.470111 0.000000 0.231294 0.237455 0.456722 0.291112 0.413565 0.366570 0.224560 0.180410 0.171890 0.266384 0.139170 0.350519 0.018416 0.362486 0.211183 0.411716 0.062366 0.246296 0.294044 0.326849 0.227114 0.190565 0.354705 0.336195 0.314456 0.000000 0.241486 0.312133 0.088185 0.173625 0.151557 0.157401 0.161741 0.000000 0.140313 0.230226 0.270527 0.237819 0.273077 0.031362 0.144313 0.275925 0.191167 0.305655 0.108517 0.307713 0.107241 0.398604 0.199735 0.213907 0.203025 0.360303 0.299634 0.124440 0.154673 0.077862 0.166040 0.257173 0.482038 0.262460
0.232066 0.421497 0.203731 0.173954 0.273327 0.317613 0.280632 0.239613 0.156849 0.236412 0.363330 0.328105 0.202853 0.179294 0.331678 0.097768 0.484781 0.461782 0.270493 0.251243 0.379054 0.403268 0.328357 0.372594 0.196860 0.330825 0.332214 0.362699 0.254358 0.147778 0.378303 0.416333 0.201591 0.345057 0.426324 0.292311 0.196435 0.325715 0.267261 0.114342 0.178775 0.138778 0.234360 0.325320 0.222753 0.155263 0.098008 0.441797 0.187053 0.130690 0.060435 0.312926 0.137770 0.218534 0.135562 0.223176 0.226548 0.198696 0.331209 0.320416 0.355735 0.174282 0.192365
0.168741 0.423139 0.187954 0.159672 0.289951 0.486090 0.458177 0.143795 0.127468 0.123052 0.010674 0.070257 0.086181 0.117339 0.211455 0.294873 0.181992 0.504704 0.166138 0.312823 0.402193 0.179964 0.344914 0.234597 0.144867 0.104318 0.175583 0.107852 0.019543 0.365600 0.314558 0.059151 0.203799 0.232271 0.357724 0.000000 0.200583 0.449429 0.144336 0.237378 0.242302 0.278815 0.277377 0.429326 0.162751 0.110438 0.162669 0.275799 0.114218 0.280513 0.214802 0.310295 0.405048 0.391235 0.430631 0.188985 0.213006 0.362548 0.309646 0.254442 0.469352 0.628584 0.166448
0.250325 0.177517 0.127881 0.238087 0.280269 0.242623 0.219736 0.297052 0.328293 0.180825 0.171006 0.184511 0.345727 0.300208 0.264152 0.054002 0.292479 0.207236 0.376396 0.403347 0.301576 0.330489 0.175342 0.030232 0.054112 0.053121 0.404592 0.121012 0.152009 0.259673 0.023155 0.348191 0.264995 0.339105 0.279027 0.358263 0.279192 0.079980 0.578743 0.281648 0.187346 0.494248 0.394540 0.331955 0.259982 0.336486 0.210384 0.145043 0.201147 0.294782 0.262754 0.134299 0.123523 0.390820 0.518187 0.235974 0.322395 0.411539 0.384035 0.095646 0.045961 0.238289 0.102926
0.264094 0.334006 0.246698 0.184439 0.442033 0.279554 0.335250 0.221943 0.516521 0.101403 0.349209 0.205958 0.131514 0.251682 0.102246 0.088928 0.173810 0.389553 0.230447 0.091175 0.326570 0.468070 0.164962 0.211403 0.394250 0.205432 0.415555 0.099110 0.116446 0.000000 0.369413 0.235763 0.153227 0.308543 0.022536 0.389861 0.292828 0.252457 0.131980 0.274887 0.433176 0.000000 0.282304 0.441446 0.294015 0.550376 0.189987 0.243428 0.222660 0.238232 0.273403 0.282130 0.268566 0.467364 0.183301 0.269111 0.378640 0.082235 0.119366 0.155564 0.391528 0.389295 0.098734
0.128750 0.192124 0.303040 0.197737 0.026406 0.252933 0.216456 0.044272 0.162426 0.327593 0.036959 0.307597 0.313008 0.079795 0.284906 0.267667 0.202311 0.286621 0.102729 0.000000 0.509854 0.493348 0.126614 0.107940 0.379717 0.258713 0.297218 0.147497 0.252767 0.361010 0.069408 0.396164 0.160633 0.233737 0.305348 0.284629 0.375001 0.191588 0.267264 0.191845 0.044225 0.348365 0.000000 0.201532 0.209188 0.220853 0.295787 0.091474 0.347122 0.236987 0.289501 0.284522 0.350750 0.196391 0.198528 0.141959 0.176717 0.138879 0.110321 0.195219 0.323870 0.290655 0.484696
0.217100 0.227564 0.202057 0.215594 0.256923 0.000000 0.393390 0.230182 0.138016 0.374295 0.207029 0.304053 0.357042 0.120779 0.384822 0.219093 0.235970 0.237236 0.186691 0.179913 0.321685 0.336454 0.111113 0.372239 0.226031 0.330283 0.526190 0.259791 0.101238 0.175714 0.380138 0.275183 0.407000 0.273270 0.131645 0.185811 0.226577 0.285332 0.138784 0.243459 0.319258 0.340857 0.340298 0.219094 0.110587 0.060568 0.399790 0.153845 0.433396 0.177026 0.358019 0.379905 0.192316 0.213516 0.304305 0.335916 0.311688 0.290377 0.287343 0.375326 0.182655 0.058958 0.308295
