DEPONS-master/data/CentralBaltic/prey0000_04.asc
NCOLS 400 
NROWS 400 
XLLCORNER 4750000.0 
YLLCORNER 3200000.0 
CELLSIZE 1000.0 
NODATA_value -9999 
[rows 196 to 223 of 400, columns 63 to 125 of 400]
0.401470 0.662991 0.487974 0.263837 0.333105 0.587406 0.577550 0.342923 0.230585 0.330440 0.348437 0.447534 0.429250 0.215017 0.840283 0.430757 0.373692 0.396495 0.496991 0.183794 0.649322 0.446564 0.857744 0.386472 0.391505 0.638287 0.412774 0.247974 0.506455 0.500811 0.426571 0.589986 0.443925 0.570740 0.464942 0.753622 0.411075 0.550429 0.319817 0.513231 0.293503 0.404980 0.466369 0.401447 0.677173 0.645380 0.532267 0.163863 0.505058 0.714348 0.672846 0.474330 0.405178 0.568653 0.268520 0.574020 0.393978 0.521446 0.379520 0.462107 0.475947 0.615679 0.426767
0.297297 0.708993 0.512611 0.462583 0.647978 0.328229 0.363144 0.705877 0.500540 0.399420 0.297376 0.472007 0.343423 0.731571 0.312436 0.690430 0.640239 0.233666 0.510846 0.634720 0.330283 0.541384 0.350602 0.154189 0.733002 0.343367 0.534464 0.411828 0.617344 0.469244 0.465780 0.414559 0.534333 0.453599 0.103822 0.386409 0.371470 0.439767 0.588640 0.493804 0.589443 0.513277 0.445921 0.681407 0.532253 0.548606 0.573671 0.359734 0.237517 0.180072 0.447692 0.339356 0.430810 0.679575 0.417558 0.420965 0.388554 0.186517 0.307723 0.509547 0.410627 0.495654 0.224571
0.402700 0.275411 0.671569 0.671092 0.635369 0.689029 0.198089 0.592841 0.815314 0.646510 0.348336 0.620280 0.305588 0.264898 0.193118 0.302543 0.386825 0.682394 0.336900 0.495599 0.238387 0.117419 0.270275 0.365627 0.484947 0.443223 0.273236 0.451063 0.615717 0.542498 0.546233 0.524031 0.192750 0.361870 0.600775 0.614820 0.371481 0.272806 0.605033 0.595787 0.299924 0.557632 0.605903 0.324515 0.543708 0.308571 0.618589 0.308464 0.264362 0.612618 0.823535 0.519613 0.417542 0.634890 0.255916 0.385568 0.248903 0.450433 0.330160 0.482266 0.613936 0.565718 0.602312
0.622835 0.518517 0.408037 0.464629 0.417146 0.392801 0.163346 0.486213 0.524453 0.388785 0.146953 0.393453 0.303222 0.829168 0.602089 0.866610 0.478841 0.416659 0.696245 0.348255 0.636257 0.727020 0.706771 0.441336 0.344945 0.251699 0.321940 0.422195 0.447606 0.238778 0.437294 0.381004 0.383614 0.427564 0.278286 0.776162 0.404100 0.464550 0.343495 0.482091 0.295082 0.819285 0.138641 0.295850 0.523695 0.500834 0.719018 0.440434 0.597298 0.542193 0.675546 0.397814 0.508197 0.416820 0.367834 0.478983 0.299264 0.137700 0.465293 0.251773 0.517905 0.330367 0.433455
0.529359 0.292694 0.498532 0.233804 0.496661 0.432934 0.424903 0.386060 0.548766 0.668368 0.537220 0.598667 0.610891 0.228475 0.527658 0.387497 0.811296 0.631550 0.594373 0.319983 0.680615 0.511823 0.415466 0.750595 0.295665 0.477872 0.679740 0.423974 0.648679 0.610075 0.715016 0.570063 0.347687 0.750274 0.224332 0.322452 0.486366 0.362379 0.569828 0.321239 0.482791 0.421568 0.301025 0.348559 0.350703 0.121094 0.504078 0.440999 0.607732 0.441592 0.278604 0.732670 0.479989 0.557285 0.745451 0.351647 0.220899 0.607130 0.352642 0.280072 0.199119 0.431527 0.818305
0.508508 0.366215 0.600444 0.557075 0.616999 0.513683 0.326459 0.460191 0.515567 0.401222 0.076880 0.350023 0.474185 0.344747 0.497511 0.255881 0.576042 0.468482 0.369223 0.817663 0.659387 0.446045 0.648918 0.273647 0.378370 0.745965 0.372320 0.733651 0.614648 0.329360 0.663595 0.357940 0.546445 0.382447 0.462917 0.515880 0.330865 0.629463 0.580784 0.225188 0.545011 0.682550 0.685073 0.284716 0.663303 0.182970 0.290526 0.550081 0.345770 0.426204 0.636777 0.510984 0.377427 0.390888 0.396360 0.823417 0.276684 0.634303 0.380997 0.557328 0.631941 0.758527 0.366600
0.282391 0.627732 0.483829 0.640162 0.271303 0.676502 0.455038 0.485268 0.696495 0.275598 0.378436 0.680490 0.722661 0.552576 0.518033 0.389659 0.274623 0.290815 0.284401 0.377769 0.721795 0.177598 0.613344 0.557868 0.528434 0.422047 0.272400 0.250840 0.631580 0.524131 0.589788 0.543522 0.307164 0.375822 0.516319 0.180515 0.581028 0.499233 0.350572 0.330374 0.170560 0.544390 0.555069 0.327848 0.525438 0.608666 0.539509 0.107988 0.274858 0.303673 0.502214 0.389107 0.818368 0.321300 0.593980 0.645782 0.253692 0.363281 0.488746 0.538839 0.521985 0.537154 0.224209
0.192567 0.247816 0.572645 0.522543 0.216277 0.846182 0.574395 0.324202 0.500304 0.368760 0.457240 0.581803 0.164741 0.295271 0.313170 0.519401 0.197873 0.251157 0.542543 0.627634 0.454674 0.503694 0.439643 0.649074 0.369599 0.313500 0.459327 0.253420 0.412016 0.566643 0.401373 0.526844 0.559698 0.570788 0.778372 0.585595 0.515325 0.441411 0.353093 0.296263 0.453454 0.390180 0.535938 0.408645 0.687219 0.477043 0.533006 0.500199 0.580843 0.589408 0.507222 0.839243 0.476798 0.515470 0.481620 0.325589 0.509321 0.500532 0.700036 0.539743 0.764573 0.286520 0.360271
0.656095 0.665325 0.597036 0.282189 0.594410 0.780494 0.399330 0.405594 0.478281 0.625456 0.397576 0.297641 0.426475 0.700034 0.459412 0.244188 0.456887 0.317283 0.312168 0.376356 0.513394 0.289034 0.661837 0.204989 0.636724 0.686031 0.739499 0.427107 0.603302 0.384913 0.517254 0.472298 0.289090 0.678511 0.203675 0.269444 0.610081 0.332220 0.662696 0.564370 0.554223 0.531682 0.324300 0.325933 0.851804 0.355891 0.342709 0.637008 0.712926 0.574974 0.517075 0.594957 0.780172 0.506856 0.342328 0.541145 0.338379 0.464230 0.485667 0.779135 0.485332 0.352229 0.308464
0.430544 0.527710 0.540427 0.395897 0.625102 0.582590 0.285551 0.286709 0.479021 0.520425 0.805986 0.447176 0.463405 0.591629 0.312849 0.511077 0.256483 0.618725 0.480356 0.584162 0.418691 0.641180 0.375688 0.500687 0.591176 0.213472 0.594296 0.203254 0.662802 0.399915 0.368504 0.541218 0.387717 0.575830 0.457956 0.296730 0.671488 0.611219 0.513454 0.337502 0.540557 0.437677 0.406876 0.681596 0.563675 0.582581 0.382307 0.613374 0.341279 0.421561 0.381997 0.543544 0.727085 0.636553 0.341013 0.259792 0.511407 0.346577 0.280557 0.428721 0.277257 0.497512 0.261175
0.689812 0.342997 0.575925 0.667495 0.422425 0.583933 0.438984 0.399630 0.659516 0.770680 0.253754 0.516186 0.632161 0.640662 0.375412 0.240533 0.578559 0.354895 0.305027 0.449517 0.306118 0.483005 0.340216 0.691486 0.331524 0.506187 0.625938 0.444269 0.501088 0.586641 0.569229 0.638104 0.403128 0.407280 0.664931 0.425470 0.275825 0.282077 0.499125 0.304649 0.190522 0.299829 0.563724 0.276380 0.553995 0.457470 0.452537 0.347972 0.505221 0.617396 0.638537 0.294158 0.679982 0.553515 0.716552 0.530200 0.395705 0.565508 0.722835 0.529729 0.433632 0.292914 0.370428
0.452414 0.496342 0.623787 0.622908 0.417344 0.194467 0.391873 0.319348 0.556330 0.385696 0.419157 0.397965 0.505112 0.282388 0.679234 0.240489 0.604097 0.327112 0.421353 0.652474 0.252479 0.659208 0.578832 0.451954 0.469806 0.677139 0.259839 0.632357 0.340723 0.398372 0.453791 0.344189 0.482821 0.560143 0.335387 0.422959 0.619822 0.350183 0.482901 0.614173 0.403296 0.529048 0.470173 0.492849 0.375554 0.446636 0.333353 0.237281 0.359814 0.243420 0.662308 0.535597 0.556882 0.570931 0.261679 0.353681 0.712409 0.338682 0.570936 0.594797 0.517939 0.363947 0.246149
0.590442 0.454986 0.416471 0.542205 0.612879 0.672936 0.504979 0.363806 0.375109 0.452173 0.328669 0.510086 0.550871 0.394754 0.350615 0.581979 0.309811 0.478559 0.656009 0.594621 0.242681 0.383089 0.250744 0.519104 0.505735 0.250770 0.411013 0.459812 0.710779 0.491559 0.783323 0.668348 0.353645 0.253062 0.434725 0.590995 0.322472 0.688784 0.648602 0.496181 0.122648 0.361238 0.326559 0.665123 0.589155 0.592633 0.603915 0.693494 0.515362 0.561697 0.423897 0.208439 0.323352 0.348716 0.364182 0.545465 0.415763 0.520594 0.289990 0.576345 0.406109 0.562662 0.474449
0.479837 0.456019 0.671637 0.275300 0.584384 0.585350 0.435853 0.457534 0.551593 0.552320 0.353839 0.320664 0.550111 0.605854 0.439478 0.422961 0.557353 0.455664 0.371990 0.689809 0.731830 0.605439 0.274272 0.465854 0.348319 0.619064 0.268372 0.438974 0.568220 0.302519 0.458252 0.502831 0.367187 0.390305 0.605882 0.378156 0.562928 0.554312 0.220867 0.558388 0.516854 0.275148 0.504784 0.375011 0.581635 0.557351 0.352527 0.590382 0.618457 0.324781 0.331374 0.435815 0.225888 0.645128 0.507654 0.738397 0.695181 0.309134 0.358341 0.202029 0.194954 0.318361 0.784929
0.319846 0.281036 0.329827 0.691680 0.587995 0.601403 0.409881 0.286465 0.190504 0.467607 0.430234 0.422445 0.408938 0.380943 0.331418 0.450955 0.214903 0.265909 0.805136 0.380916 0.323688 0.621251 0.303723 0.524552 0.179690 0.228250 0.544802 0.473180 0.695685 0.622600 0.792120 0.358688 0.440040 0.306818 0.654813 0.760532 0.565572 0.218952 0.520735 0.358218 0.481066 0.346722 0.428433 0.288410 0.263875 0.618825 0.255271 0.520610 0.484563 0.257369 0.188389 0.423074 0.704616 0.285992 0.574402 0.508701 0.160300 0.134539 0.306784 0.374414 0.470363 0.339022 0.497954
0.409917 0.316456 0.686108 0.468836 0.458814 0.494085 0.274277 0.402844 0.665586 0.369512 0.262720 0.714778 0.475948 0.299453 0.300073 0.360098 0.211585 0.224885 0.592040 0.229850 0.390826 0.556227 0.670386 0.700245 0.355001 0.506172 0.278249 0.430414 0.511113 0.454078 0.452530 0.500529 0.515879 0.574739 0.326689 0.535957 0.622419 0.678818 0.522995 0.511044 0.640262 0.441575 0.363960 0.425995 0.347912 0.376485 0.608006 0.379518 0.498888 0.632691 0.353736 0.271294 0.196699 0.737815 0.436275 0.632319 0.501176 0.185390 0.761127 0.480826 0.366721 0.655562 0.532669
0.510115 0.751912 0.362681 0.383990 0.347174 0.252830 0.312475 0.229415 0.706508 0.677704 0.551560 0.314937 0.550518 0.568555 0.508157 0.660156 0.275327 0.164036 0.563327 0.587024 0.219655 0.600361 0.459508 0.551933 0.345196 0.241344 0.516400 0.505501 0.383179 0.295768 0.253831 0.525827 0.317967 0.485739 0.670482 0.674196 0.429157 0.328289 0.383426 0.521116 0.513619 0.274108 0.509430 0.626683 0.211596 0.520594 0.318082 0.372603 0.611664 0.400191 0.450053 0.349967 0.592541 0.636438 0.310712 0.417896 0.241590 0.652657 0.655941 0.700813 0.386115 0.353603 0.241898
0.750443 0.271193 0.616594 0.461202 0.546812 0.556836 0.402278 0.441056 0.825568 0.690599 0.382044 0.480437 0.264332 0.288712 0.677740 0.404035 0.451456 0.483087 0.533562 0.706457 0.353890 0.501071 0.642228 0.690371 0.667380 0.137429 0.572922 0.702582 0.285589 0.458388 0.260313 0.533587 0.533493 0.549642 0.390792 0.555088 0.603371 0.427025 0.367575 0.387338 0.568010 0.559970 0.295582 0.438979 0.550801 0.609436 0.558786 0.315016 0.424132 0.447539 0.363546 0.141930 0.422325 0.427214 0.499283 0.127245 0.442812 0.284511 0.604917 0.520081 0.449783 0.482459 0.529518
0.596618 0.206768 0.428947 0.713804 0.704250 0.504998 0.320284 0.531023 0.306208 0.570742 0.218752 0.664143 0.317319 0.421188 0.480538 0.341686 0.316548 0.683681 0.173706 0.315426 0.721059 0.643366 0.686498 0.462804 0.351938 0.747167 0.760522 0.398050 0.687743 0.601917 0.385367 0.390607 0.328126 0.599926 0.383581 0.420987 0.372891 0.255946 0.441242 0.330411 0.685398 0.407469 0.659991 0.590833 0.385561 0.543075 0.326289 0.351642 0.120336 0.492921 0.284329 0.571910 0.844813 0.268622 0.534505 0.574171 0.512659 0.278993 0.711757 0.610423 0.538023 0.564118 0.560231
0.447462 0.497979 0.535720 0.294068 0.520232 0.453793 0.476698 0.423378 0.503815 0.612393 0.240503 0.702787 0.354723 0.601831 0.633941 0.589693 0.271443 0.172728 0.425441 0.818669 0.675934 0.832391 0.279444 0.306258 0.575451 0.396121 0.739920 0.480674 0.485375 0.367324 0.359829 0.435598 0.650123 0.477562 0.152916 0.719198 0.690620 0.516545 0.133540 0.696737 0.493759 0.063101 0.267259 0.498645 0.377433 0.316159 0.347156 0.398359 0.289466 0.535945 0.382166 0.312674 0.528976 0.468084 0.621807 0.306457 0.635643 0.154217 0.615190 0.182270 0.619161 0.489633 0.653494
0.660071 0.639469 0.407820 0.452356 0.377491 0.455468 0.436458 0.162343 0.283741 0.394916 0.369533 0.077800 0.718670 0.399840 0.283144 0.320433 0.712870 0.561278 0.485164 0.799753 0.208361 0.668781 0.575586 0.499598 0.630300 0.831996 0.275295 0.598703 0.667547 0.382324 0.710428 0.516989 0.454265 0.351667 0.232211 0.297724 0.457207 0.607481 0.367496 0.459532 0.348190 0.449914 0.436886 0.366583 0.533637 0.448103 0.706929 0.646502 0.574625 0.440313 0.646406 0.441464 0.608720 0.647902 0.311545 0.135923 0.656317 0.539654 0.217570 0.200116 0.312462 0.348715 0.607311
0.764694 0.493532 0.627019 0.291328 0.468917 0.642539 0.762014 0.561403 0.506337 0.353201 0.326540 0.589233 0.621316 0.384857 0.370459 0.398934 0.553716 0.551380 0.113559 0.598286 0.312958 0.770334 0.325309 0.724377 0.282121 0.297837 0.439681 0.409727 0.411553 0.267007 0.548104 0.000000 0.644079 0.288077 0.268767 0.673800 0.460109 0.315753 0.304685 0.478740 0.686916 0.553923 0.191431 0.380434 0.378103 0.585928 0.311608 0.519442 0.641883 0.311756 0.314452 0.323943 0.420714 0.564547 0.281470 0.821434 0.258457 0.624354 0.409483 0.276072 0.683291 0.753968 0.384146
0.306969 0.476909 0.496189 0.383471 0.410811 0.376478 0.445097 0.446596 0.519128 0.583369 0.498658 0.497330 0.674143 0.468558 0.596208 0.574540 0.507206 0.648751 0.691231 0.437215 0.204496 0.149963 0.632961 0.428414 0.769710 0.627788 0.583022 0.324024 0.511097 0.621182 0.715409 0.336597 0.345838 0.438099 0.649505 0.591734 0.430038 0.625476 0.415578 0.480431 0.646180 0.248086 0.294195 0.347704 0.430710 0.319378 0.624288 0.604834 0.534422 0.345093 0.348030 0.344049 0.699477 0.621885 0.721654 0.394794 0.562298 0.701331 0.450841 0.345918 0.574590 0.615068 0.142514
0.604193 0.415978 0.768179 0.676009 0.548975 0.434307 0.506010 0.679490 0.319879 0.399137 0.718383 0.436388 0.547579 0.727192 0.514962 0.448834 0.509453 0.714486 0.391978 0.477183 0.571769 0.604207 0.733655 0.470084 0.545820 0.405873 0.473321 0.690017 0.379210 0.541259 0.559034 0.672379 0.397476 0.388339 0.201000 0.166334 0.260081 0.695409 0.249070 0.182930 0.260856 0.585594 0.920721 0.459870 0.310110 0.296626 0.437839 0.230198 0.703618 0.347819 0.644137 0.365632 0.714407 0.404532 0.457815 0.514278 0.389382 0.297870 0.407539 0.246238 0.222268 0.218732 0.654203
0.527511 0.191504 0.616600 0.212463 0.397151 0.537746 0.556858 0.469910 0.587363 0.511875 0.546543 0.632369 0.408146 0.052368 0.441974 0.711569 0.271103 0.617988 0.471523 0.508149 0.364225 0.572703 0.383592 0.522780 0.544972 0.499694 0.526097 0.544372 0.403432 0.500842 0.338955 0.487227 0.231835 0.435571 0.204215 0.275801 0.327733 0.581543 0.559509 0.560189 0.748084 0.552357 0.546367 0.356469 0.464936 0.743714 0.396637 0.484659 0.293654 0.268877 0.345366 0.554176 0.549233 0.650982 0.494248 0.311624 0.583005 0.593720 0.518325 0.434827 0.401656 0.385996 0.140462
0.200114 0.416358 0.278955 0.308173 0.274657 0.173208 0.551297 0.769850 0.468995 0.319789 0.488114 0.618137 0.562111 0.561730 0.316928 0.737107 0.693831 0.408461 0.418939 0.374265 0.496458 0.295750 0.489771 0.319700 0.346778 0.358326 0.723555 0.571870 0.366410 0.752939 0.276449 0.296155 0.471340 0.209611 0.640093 0.524997 0.495684 0.582975 0.441243 0.541431 0.307374 0.362367 0.234669 0.565986 0.465514 0.378598 0.504733 0.487720 0.653333 0.521925 0.466991 0.510402 0.252658 0.524010 0.421313 0.551868 0.471764 0.389005 0.502314 0.288525 0.405972 0.411828 0.600865
0.506928 0.517211 0.374028 0.302788 0.535729 0.612205 0.364529 0.606412 0.431443 0.492139 0.708994 0.495715 0.547403 0.678910 0.445509 0.411739 0.372455 0.740979 0.549151 0.519189 0.522556 0.402336 0.242255 0.452316 0.613505 0.272636 0.244009 0.590226 0.451405 0.548880 0.593967 0.478597 0.538003 0.068751 0.759641 0.650563 0.487435 0.448988 0.734856 0.564438 0.575715 0.279465 0.432378 0.828193 0.410406 0.631155 0.540429 0.447244 0.297443 0.510562 0.613590 0.513598 0.345891 0.672580 0.432195 0.170651 0.503625 0.621598 0.352134 0.523673 0.393600 0.588116 0.360758
0.496769 0.628052 0.078992 0.526075 0.729947 0.467569 0.197899 0.753139 0.589712 0.605655 0.528589 0.439971 0.555771 0.329250 0.280191 0.614472 0.447895 0.533876 0.640083 0.544630 0.181645 0.569632 0.578931 0.677568 0.445274 0.556310 0.421420 0.543917 0.183676 0.072976 0.378553 0.773277 0.475107 0.278147 0.669090 0.387898 0.382214 0.208356 0.366196 0.297761 0.479196 0.285903 0.720249 0.318890 0.523537 0.322464 0.418776 0.577627 0.540620 0.388673 0.403994 0.669171 0.495776 0.428141 0.483442 0.566566 0.329514 0.421639 0.345850 0.557034 0.193544 0.544147 0.699786
