DEPONS-master/data/CentralBaltic/prey0000_12.asc
NCOLS 400 
NROWS 400 
XLLCORNER 4750000.0 
YLLCORNER 3200000.0 
CELLSIZE 1000.0 
NODATA_value -9999 
[rows 56 to 83 of 400, columns 315 to 377 of 400]
0.223915 0.112922 0.232060 0.192090 0.188743 0.357527 0.001994 0.176818 0.524567 0.061496 0.226936 0.031971 0.276351 0.317575 0.479199 0.051557 0.000000 0.182026 0.256738 0.108930 0.287723 0.210582 0.094233 0.173804 0.110467 0.071168 0.352176 0.148760 0.404798 0.138507 0.207721 0.140715 0.208049 0.252566 0.431697 0.350646 0.000000 0.052319 0.432794 0.351246 0.445429 0.295720 0.312036 0.345342 0.312530 0.233402 0.203010 0.508665 0.277724 0.344676 0.202281 0.182609 0.246714 0.517276 0.465225 0.569552 0.274159 0.270788 0.286034 0.200120 0.311619 0.084376 0.241243
0.185583 0.291571 0.393402 0.134405 0.151318 0.322999 0.137464 0.324768 0.357627 0.228755 0.015912 0.183054 0.284453 0.306587 0.064932 0.176982 0.300933 0.253447 0.256681 0.288257 0.136979 0.227176 0.233702 0.328422 0.066133 0.183412 0.284966 0.297206 0.372054 0.175878 0.284288 0.259862 0.222534 0.353310 0.050387 0.168063 0.152951 0.332077 0.127229 0.040213 0.308920 0.206845 0.328938 0.546744 0.170660 0.198903 0.133838 0.295049 0.160473 0.307137 0.483968 0.152154 0.328218 0.141395 0.369764 0.296006 0.323161 0.307666 0.327349 0.566389 0.395363 0.083399 0.165913
0.185147 0.325755 0.389842 0.368246 0.224785 0.268275 0.231886 0.212054 0.166914 0.247094 0.147955 0.335783 0.327304 0.085980 0.276668 0.036233 0.375326 0.246004 0.220731 0.158490 0.285177 0.175668 0.298234 0.204454 0.225301 0.444089 0.068512 0.201783 0.183984 0.414136 0.043074 0.284940 0.257897 0.337498 0.255554 0.211143 0.000000 0.140458 0.242775 0.309949 0.151517 0.052209 0.390022 0.214985 0.253513 0.028994 0.419028 0.211406 0.257825 0.173227 0.287781 0.254194 0.237583 0.412545 0.326904 0.539786 0.335610 0.233472 0.057879 0.341936 0.317629 0.338358 0.191709
0.241466 0.097670 0.227952 0.021006 0.288684 0.257340 0.174672 0.129622 0.299950 0.191949 0.384138 0.034239 0.249585 0.084034 0.071411 0.028212 0.292167 0.253338 0.096865 0.272472 0.369055 0.207340 0.182976 0.340063 0.123241 0.337715 0.309114 0.000000 0.318964 0.373544 0.083295 0.014045 0.290539 0.188589 0.266033 0.289641 0.259266 0.134219 0.303683 0.072248 0.148508 0.392884 0.412488 0.261175 0.256431 0.194672 0.172603 0.320179 0.326761 0.181666 0.391262 0.177161 0.150296 0.090840 0.610499 0.299032 0.453231 0.486742 0.273627 0.386597 0.337102 0.320723 0.231330
0.197298 0.466532 0.128286 0.000000 0.144026 0.241888 0.301778 0.270018 0.154127 0.185182 0.452404 0.207756 0.169484 0.342583 0.280267 0.280734 0.173986 0.219956 0.000000 0.209783 0.245277 0.371417 0.000000 0.112507 0.051957 0.144481 0.250274 0.131748 0.106515 0.305649 0.303606 0.284416 0.397665 0.285078 0.238799 0.214161 0.220454 0.400207 0.121924 0.262196 0.310006 0.373627 0.451498 0.171992 0.207199 0.188374 0.262225 0.326806 0.247112 0.157269 0.168915 0.235701 0.477721 0.171000 0.312220 0.416905 0.547927 0.218466 0.339988 0.242740 0.268856 0.171576 0.302175
0.271495 0.291098 0.000000 0.321393 0.254593 0.281909 0.300656 0.226681 0.285718 0.108636 0.354623 0.119585 0.032085 0.122764 0.454505 0.255100 0.183449 0.359511 0.227147 0.287388 0.111789 0.096131 0.255525 0.133362 0.233359 0.444567 0.067077 0.400580 0.370054 0.185176 0.105010 0.209328 0.435979 0.227000 0.328072 0.301690 0.104173 0.244698 0.016106 0.252329 0.095225 0.189471 0.118234 0.243742 0.136551 0.239044 0.048703 0.221726 0.255627 0.181119 0.280992 0.048126 0.347276 0.183325 0.335681 0.320736 0.201125 0.262378 0.309392 0.340915 0.227452 0.475742 0.199685
0.332680 0.318051 0.136396 0.212156 0.396742 0.418270 0.251231 0.052848 0.414420 0.030544 0.173890 0.169003 0.183594 0.277105 0.280705 0.272114 0.199950 0.208310 0.241788 0.100408 0.114336 0.238018 0.157186 0.364945 0.173793 0.132626 0.165718 0.321410 0.034060 0.274574 0.293991 0.277378 0.122939 0.508419 0.298633 0.317141 0.022443 0.398879 0.385819 0.033613 0.350624 0.324373 0.305216 0.405099 0.274863 0.266589 0.025230 0.281865 0.258576 0.337847 0.230347 0.229527 0.040347 0.217914 0.102107 0.362419 0.192544 0.000000 0.168463 0.230089 0.273536 0.294236 0.278312
0.552003 0.280052 0.263993 0.204480 0.265000 0.228867 0.205325 0.229727 0.201865 0.224965 0.127985 0.238227 0.253544 0.217202 0.169350 0.237411 0.378361 0.000000 0.289259 0.225196 0.363048 0.409280 0.208648 0.236770 0.165250 0.444825 0.266803 0.103046 0.188381 0.038625 0.261084 0.294836 0.292967 0.417957 0.259823 0.395887 0.317970 0.259999 0.168373 0.328207 0.406192 0.371966 0.377930 0.259664 0.164271 0.365525 0.386664 0.264489 0.278381 0.332781 0.088345 0.278725 0.202591 0.370591 0.000000 0.317749 0.238067 0.241902 0.393223 0.193673 0.210526 0.557153 0.422117
0.072751 0.247062 0.489334 0.365150 0.423030 0.417888 0.317786 0.327052 0.095678 0.207650 0.295594 0.150775 0.074671 0.202460 0.246303 0.101276 0.141947 0.048693 0.227286 0.191691 0.106431 0.198028 0.268037 0.228963 0.226734 0.030239 0.078293 0.307919 0.264373 0.292640 0.076144 0.211750 0.103281 0.293895 0.257911 0.188988 0.459121 0.302204 0.213676 0.335208 0.282353 0.178738 0.196625 0.301180 0.134897 0.321260 0.325089 0.379829 0.328815 0.184703 0.615111 0.159320 0.435466 0.341562 0.249617 0.174337 0.127091 0.375995 0.209605 0.241113 0.338337 0.414657 0.201843
0.290359 0.077497 0.304549 0.328003 0.074867 0.089105 0.191958 0.118589 0.246124 0.267692 0.427510 0.390828 0.147458 0.265355 0.185105 0.267371 0.210296 0.372052 0.058862 0.136706 0.521491 0.290197 0.257644 0.180969 0.279958 0.133211 0.276761 0.212529 0.504538 0.179783 0.464615 0.316822 0.136388 0.128397 0.080070 0.077964 0.090794 0.264947 0.333227 0.163029 0.401806 0.096050 0.157945 0.315324 0.440535 0.391000 0.474565 0.313549 0.270383 0.232028 0.322570 0.162912 0.394791 0.309696 0.236344 0.396799 0.407668 0.250912 0.405843 0.252238 0.305612 0.270202 0.309671
0.165989 0.229319 0.431742 0.073852 0.071058 0.274139 0.061277 0.212044 0.334438 0.073515 0.290128 0.078979 0.082952 0.246060 0.147674 0.230308 0.327135 0.295142 0.109266 0.268627 0.212279 0.304050 0.180202 0.087955 0.262700 0.208029 0.000000 0.367687 0.179861 0.351318 0.205709 0.280404 0.138051 0.132493 0.060484 0.279434 0.123607 0.184384 0.458673 0.185024 0.022568 0.282590 0.048207 0.242651 0.232528 0.265177 0.273033 0.217107 0.307467 0.247130 0.321869 0.459958 0.319002 0.100438 0.059914 0.403999 0.142599 0.326654 0.255130 0.322831 0.412977 0.122303 0.254904
0.112890 0.119109 0.229402 0.341573 0.250753 0.258999 0.333050 0.284790 0.263632 0.229709 0.207581 0.310568 0.330639 0.180389 0.251901 0.000000 0.182474 0.245735 0.562527 0.109781 0.190412 0.159220 0.236796 0.084933 0.330267 0.185812 0.205505 0.274416 0.243691 0.207644 0.299520 0.183277 0.139399 0.041275 0.136843 0.219605 0.042678 0.249003 0.408765 0.161868 0.402187 0.281566 0.387284 0.401617 0.254171 0.265744 0.251426 0.255928 0.506014 0.395194 0.289212 0.188423 0.153688 0.328625 0.237672 0.385423 0.331467 0.086395 0.207451 0.235118 0.168879 0.041874 0.323193
0.152244 0.169834 0.044314 0.138897 0.176430 0.055598 0.192085 0.254300 0.043073 0.249954 0.297152 0.315076 0.265256 0.143972 0.090701 0.202721 0.200008 0.373328 0.470878 0.291153 0.129578 0.137941 0.144501 0.297449 0.064053 0.161766 0.154235 0.000000 0.244095 0.422550 0.205749 0.085330 0.197336 0.242477 0.156048 0.171388 0.172897 0.394526 0.097731 0.070517 0.420787 0.273520 0.203372 0.342839 0.196027 0.164901 0.180339 0.413608 0.259868 0.380303 0.319075 0.239601 0.204652 0.323388 0.137256 0.188089 0.214300 0.461441 0.304864 0.393852 0.299756 0.224831 0.265137
0.280916 0.012275 0.099815 0.234491 0.379026 0.032329 0.236474 0.254691 0.222703 0.116874 0.314557 0.001264 0.068850 0.284143 0.078083 0.262515 0.143384 0.292207 0.085662 0.063580 0.257051 0.268171 0.238109 0.000000 0.114389 0.179307 0.106385 0.248089 0.364911 0.072044 0.333137 0.175195 0.458195 0.091680 0.333263 0.221113 0.171013 0.282813 0.456699 0.339002 0.244210 0.164820 0.256199 0.269419 0.205156 0.344660 0.332078 0.392022 0.287411 0.318496 0.377064 0.184560 0.441473 0.207827 0.332938 0.426459 0.020145 0.000000 0.444063 0.324470 0.340316 0.223651 0.291423
0.286455 0.303589 0.261578 0.135980 0.403444 0.255175 0.098581 0.455036 0.071576 0.418254 0.132576 0.268011 0.292294 0.339511 0.118911 0.262402 0.196419 0.111106 0.357318 0.224313 0.295361 0.303546 0.330746 0.109718 0.144513 0.189728 0.137101 0.134239 0.000000 0.269022 0.296049 0.165784 0.172994 0.435681 0.289571 0.255856 0.135577 0.327365 0.193499 0.122585 0.315715 0.390198 0.233878 0.144152 0.281493 0.045062 0.068082 0.386854 0.229658 0.397199 0.319048 0.248289 0.374179 0.469470 0.437527 0.288661 0.378764 0.381012 0.494806 0.632876 0.367736 0.470570 0.206687
0.132098 0.072923 0.342932 0.123493 0.126886 0.311889 0.263466 0.242734 0.218021 0.298453 0.172197 0.300762 0.198489 0.105602 0.308668 0.282641 0.157508 0.131447 0.000000 0.058929 0.226600 0.067377 0.256062 0.248789 0.167780 0.133190 0.353191 0.102380 0.367065 0.236460 0.169394 0.047879 0.217900 0.216233 0.135985 0.352797 0.000000 0.201840 0.264347 0.230981 0.431654 0.309797 0.197812 0.311192 0.111685 0.214002 0.176874 0.223461 0.225840 0.393613 0.340783 0.163358 0.304457 0.224748 0.317779 0.378376 0.432597 0.239233 0.382826 0.341273 0.200843 0.314333 0.388308
0.042508 0.227748 0.000000 0.207750 0.356191 0.199954 0.328265 0.324672 0.084695 0.402420 0.399940 0.009403 0.417764 0.200755 0.389021 0.343268 0.082207 0.152390 0.151261 0.255349 0.338888 0.078264 0.182248 0.170775 0.208091 0.207738 0.284130 0.208626 0.442885 0.079380 0.079952 0.215186 0.179141 0.320273 0.375049 0.285346 0.000000 0.000000 0.472829 0.388232 0.312884 0.559100 0.230090 0.236299 0.342316 0.314719 0.105111 0.177432 0.280914 0.355391 0.138418 0.431730 0.355471 0.182431 0.320133 0.275936 0.293049 0.663924 0.374113 0.273873 0.318913 0.188103 0.252169
0.327760 0.264742 0.017405 0.185507 0.204528 0.140876 0.000000 0.182219 0.192358 0.210082 0.275531 0.193757 0.049654 0.108655 0.287215 0.010884 0.354562 0.206646 0.356831 0.127161 0.151758 0.351391 0.235624 0.257622 0.182913 0.137245 0.429508 0.103036 0.096274 0.114487 0.097857 0.499922 0.044010 0.215734 0.292981 0.294668 0.178314 0.051197 0.000000 0.262202 0.000000 0.178897 0.475941 0.194030 0.194794 0.437597 0.274784 0.401650 0.280139 0.000000 0.330835 0.412602 0.271752 0.429143 0.111735 0.359210 0.121122 0.356368 0.403220 0.368054 0.274910 0.249247 0.350151
0.050955 0.388079 0.259170 0.185125 0.399701 0.252728 0.389376 0.084136 0.204599 0.160542 0.111601 0.217180 0.202617 0.304655 0.226587 0.130901 0.185496 0.163917 0.242292 0.083681 0.237882 0.179647 0.194637 0.397739 0.240698 0.206653 0.167852 0.226417 0.352974 0.253723 0.236970 0.290633 0.241748 0.332253 0.225400 0.264561 0.456383 0.139526 0.216205 0.234784 0.142282 0.333464 0.147055 0.270781 0.439932 0.127068 0.143879 0.293576 0.309770 0.217496 0.220450 0.308895 0.202468 0.618797 0.120275 0.176309 0.428074 0.470547 0.388377 0.309157 0.192568 0.009402 0.534423
0.281142 0.116779 0.181504 0.300480 0.219792 0.166016 0.265767 0.086758 0.327660 0.277398 0.448222 0.000000 0.242769 0.236717 0.081691 0.256775 0.194055 0.246861 0.288402 0.287579 0.209349 0.206193 0.150716 0.434332 0.190041 0.261485 0.343740 0.426421 0.212936 0.351265 0.231818 0.178030 0.187544 0.274792 0.071765 0.213230 0.298311 0.250329 0.200625 0.265277 0.352066 0.114049 0.162120 0.194726 0.259499 0.284342 0.364558 0.223140 0.057112 0.206088 0.441968 0.516528 0.312460 0.178858 0.411040 0.221420 0.437614 0.226879 0.360705 0.269095 0.299094 0.373314 0.277086
0.267411 0.199093 0.374270 0.000000 0.217987 0.243431 0.360444 0.078143 0.102715 0.243135 0.211883 0.319696 0.331037 0.091820 0.127388 0.312554 0.380172 0.371860 0.311608 0.516316 0.258341 0.137134 0.290950 0.102723 0.045152 0.253885 0.060783 0.402941 0.040392 0.283319 0.318071 0.110612 0.309853 0.224625 0.223935 0.063501 0.267691 0.453145 0.221273 0.193534 0.261323 0.277776 0.309343 0.300544 0.187797 0.269387 0.280559 0.371766 0.200929 0.443074 0.234883 0.248145 0.259790 0.205270 0.254697 0.145701 0.059976 0.454592 0.504654 0.321745 0.404997 0.287730 0.434550
0.296674 0.350675 0.243540 0.350811 0.205126 0.233893 0.278228 0.476359 0.158823 0.153078 0.010832 0.038031 0.180905 0.293409 0.258735 0.244865 0.379899 0.414793 0.157327 0.270608 0.335748 0.123472 0.288763 0.460054 0.080517 0.163546 0.301010 0.239554 0.094937 0.130415 0.407016 0.229734 0.181081 0.121515 0.158015 0.281951 0.148666 0.206724 0.295898 0.258969 0.227867 0.370925 0.244242 0.180746 0.378645 0.212058 0.231877 0.397865 0.330331 0.493289 0.227170 0.181202 0.328015 0.353918 0.155958 0.162590 0.401272 0.253282 0.338865 0.169164 0.140599 0.297683 0.184058
0.302760 0.392085 0.116848 0.270471 0.355488 0.158924 0.443059 0.370037 0.142545 0.175837 0.163746 0.092019 0.067935 0.443857 0.329000 0.093038 0.110109 0.291346 0.077130 0.423043 0.390409 0.393183 0.448067 0.324635 0.259957 0.266132 0.110209 0.174880 0.138403 0.203695 0.318023 0.230896 0.128150 0.297807 0.068562 0.018662 0.264120 0.045942 0.351437 0.306033 0.238152 0.200834 0.092659 0.408604 0.262016 0.232995 0.238718 0.178134 0.135407 0.125066 0.252982 0.349276 0.090839 0.236520 0.365526 0.340771 0.222781 0.309961 0.530776 0.401095 0.248740 0.274449 0.532003
0.134730 0.036828 0.227985 0.107525 0.198979 0.249306 0.244937 0.277853 0.166241 0.220793 0.025260 0.296551 0.000000 0.318531 0.313388 0.253594 0.000000 0.327918 0.266933 0.088281 0.306091 0.186375 0.322026 0.171285 0.000000 0.205671 0.256959 0.356808 0.200792 0.300804 0.443573 0.269579 0.484531 0.244030 0.421574 0.277798 0.017599 0.218706 0.072031 0.146619 0.275284 0.376192 0.305726 0.308297 0.285237 0.173053 0.095008 0.253164 0.243852 0.275497 0.217673 0.137478 0.273835 0.269085 0.527969 0.289609 0.147419 0.419744 0.299609 0.300086 0.229221 0.247753 0.214777
0.034406 0.262320 0.069349 0.108902 0.170905 0.147063 0.267503 0.316938 0.220617 0.250958 0.069623 0.079569 0.343209 0.139435 0.288689 0.200056 0.270425 0.183082 0.178145 0.291592 0.216050 0.276598 0.066939 0.144987 0.053610 0.081368 0.265615 0.165466 0.379367 0.170751 0.280703 0.272841 0.423862 0.329030 0.290677 0.306690 0.370160 0.290798 0.177617 0.159908 0.028950 0.383481 0.100750 0.346426 0.038898 0.386578 0.250662 0.448799 0.414988 0.351147 0.170058 0.519404 0.087831 0.245285 0.304663 0.287589 0.361999 0.318159 0.236131 0.077789 0.024461 0.253785 0.248124
0.164469 0.172702 0.300922 0.254006 0.000000 0.338859 0.204375 0.219288 0.190293 0.212136 0.000000 0.000000 0.207085 0.267602 0.178633 0.305851 0.436759 0.171126 0.175676 0.206636 0.135216 0.208949 0.200358 0.279123 0.303386 0.329370 0.121065 0.085652 0.466134 0.284094 0.000000 0.222045 0.208786 0.534509 0.278616 0.228924 0.044037 0.575339 0.072047 0.431739 0.334773 0.215586 0.000000 0.459807 0.048626 0.171968 0.247246 0.284432 0.300017 0.383956 0.452213 0.287168 0.304076 0.483432 0.461743 0.226463 0.267698 0.353504 0.369531 0.186693 0.172819 0.277760 0.354495
0.392175 0.271714 0.283329 0.291421 0.214163 0.183226 0.005029 0.318114 0.098345 0.037833 0.346847 0.325966 0.167227 0.207724 0.000000 0.211941 0.200856 0.367957 0.055909 0.156384 0.533643 0.149679 0.414852 0.000000 0.173316 0.144075 0.000000 0.224387 0.155003 0.146309 0.149854 0.377338 0.204633 0.289824 0.297156 0.388605 0.140741 0.084985 0.246341 0.335023 0.310870 0.318969 0.372277 0.176629 0.308669 0.046672 0.288988 0.256240 0.206949 0.447290 0.298375 0.320394 0.080079 0.319729 0.455581 0.438054 0.195044 0.150482 0.289325 0.325862 0.314061 0.390267 0.437271
0.464310 0.087187 0.154781 0.330911 0.151590 0.214504 0.350184 0.166303 0.345158 0.209300 0.332388 0.429490 0.128380 0.186900 0.221443 0.237370 0.283737 0.090530 0.251824 0.089639 0.265473 0.098021 0.148936 0.313020 0.245370 0.200627 0.276114 0.308513 0.084789 0.206659 0.328328 0.079175 0.392261 0.279510 0.251739 0.215094 0.325161 0.226283 0.234663 0.276980 0.317870 0.397788 0.429738 0.396122 0.400054 0.204108 0.344053 0.086970 0.235261 0.264200 0.241266 0.195792 0.191705 0.446129 0.393887 0.368288 0.388963 0.410912 0.523289 0.294911 0.379519 0.100869 0.208376
