DEPONS-master/data/CentralBaltic/prey0000_03.asc
NCOLS 400 
NROWS 400 
XLLCORNER 4750000.0 
YLLCORNER 3200000.0 
CELLSIZE 1000.0 
NODATA_value -9999 
[rows 84 to 111 of 400, columns 252 to 314 of 400]
0.501860 0.233963 0.469607 0.685298 0.163118 0.236087 0.530443 0.549470 0.313117 0.072662 0.365201 0.386387 0.631533 0.350126 0.058417 0.258540 0.473122 0.593902 0.414376 0.730449 0.294234 0.410673 0.261917 0.356952 0.245673 0.210225 0.689296 0.312796 0.240082 0.363062 0.553574 0.383087 0.376387 0.219859 0.522953 0.556229 0.414509 0.239677 0.402811 0.398943 0.544767 0.161685 0.404110 0.271827 0.378788 0.406215 0.404231 0.252655 0.305887 0.484587 0.345846 0.394579 0.212940 0.196400 0.472839 0.157898 0.477030 0.376462 0.308045 0.677608 0.397203 0.270906 0.438594
0.268667 0.383476 0.436054 0.416703 0.325623 0.133563 0.395945 0.457262 0.376909 0.075951 0.464395 0.293345 0.480495 0.311121 0.380918 0.240395 0.462790 0.315798 0.350256 0.291539 0.244339 0.554383 0.427723 0.374073 0.351242 0.307663 0.410173 0.300690 0.351189 0.497892 0.417410 0.192725 0.230315 0.610836 0.371053 0.455338 0.373443 0.640266 0.204058 0.157589 0.481426 0.367622 0.039168 0.656867 0.286412 0.618184 0.649187 0.320821 0.319547 0.491764 0.472614 0.197914 0.608012 0.461608 0.318440 0.071133 0.479983 0.516868 0.345938 0.236626 0.181041 0.457945 0.434946
0.415374 0.368544 0.242660 0.467923 0.431150 0.201623 0.198326 0.208693 0.289883 0.335124 0.544497 0.317633 0.316333 0.347294 0.368430 0.353717 0.238225 0.344772 0.644341 0.495063 0.395425 0.465509 0.472158 0.417115 0.167735 0.196569 0.162956 0.532600 0.167037 0.655769 0.525817 0.445852 0.458896 0.479143 0.363335 0.344956 0.537494 0.522406 0.276520 0.439656 0.477116 0.386794 0.422253 0.296273 0.415367 0.316439 0.415649 0.437658 0.413747 0.488912 0.344932 0.248985 0.379162 0.361432 0.543040 0.460412 0.359558 0.354629 0.460734 0.201851 0.221046 0.443535 0.238200
0.260710 0.450911 0.275334 0.390246 0.574612 0.278805 0.447982 0.355674 0.621973 0.223594 0.189190 0.498009 0.271808 0.211767 0.562018 0.168389 0.456259 0.248878 0.324948 0.393447 0.477853 0.427172 0.098122 0.434485 0.352670 0.230762 0.356536 0.425063 0.441248 0.199307 0.647785 0.229652 0.336969 0.308830 0.521220 0.586758 0.304163 0.479256 0.632327 0.382189 0.532363 0.513651 0.236759 0.525368 0.420352 0.391131 0.528781 0.537290 0.564436 0.566857 0.302599 0.037098 0.591370 0.428494 0.780574 0.345177 0.480943 0.195385 0.415734 0.416447 0.408999 0.525767 0.556445
0.482244 0.470218 0.414230 0.509961 0.636048 0.190422 0.547156 0.116411 0.384162 0.511749 0.258088 0.410898 0.376290 0.433582 0.107671 0.344582 0.174706 0.530737 0.600722 0.587596 0.326399 0.124573 0.266638 0.328072 0.495336 0.230653 0.289912 0.160601 0.330277 0.356582 0.228496 0.684889 0.224528 0.287772 0.101194 0.239199 0.423619 0.203785 0.419936 0.466028 0.487292 0.273427 0.286405 0.442904 0.235172 0.406557 0.336307 0.540111 0.493293 0.316317 0.345087 0.367010 0.116417 0.526884 0.563951 0.478014 0.413411 0.462536 0.356685 0.260775 0.237872 0.293754 0.605793
0.142421 0.225445 0.436742 0.526097 0.523726 0.498747 0.527011 0.235161 0.227394 0.460764 0.398534 0.249459 0.571818 0.418274 0.380056 0.603450 0.507196 0.179582 0.492306 0.598562 0.338048 0.394132 0.348009 0.250562 0.191421 0.229687 0.326550 0.459798 0.255176 0.644838 0.322565 0.563405 0.544865 0.479114 0.601699 0.243740 0.460600 0.469588 0.331338 0.298778 0.358956 0.396099 0.577520 0.488079 0.047174 0.173279 0.379704 0.540717 0.107971 0.216752 0.251496 0.631429 0.445420 0.620985 0.484594 0.148393 0.417160 0.405720 0.540463 0.402835 0.227807 0.403787 0.464646
0.402918 0.363303 0.414736 0.416330 0.528744 0.343407 0.226520 0.209448 0.213030 0.534969 0.515798 0.262568 0.552494 0.313483 0.486827 0.577325 0.434246 0.431233 0.360606 0.356279 0.382837 0.421983 0.431683 0.430146 0.464472 0.295076 0.248134 0.641979 0.459302 0.328793 0.402019 0.311148 0.511644 0.441271 0.602023 0.327151 0.334574 0.310640 0.243557 0.423786 0.582177 0.538942 0.310558 0.271919 0.450958 0.288950 0.378382 0.399532 0.687664 0.779487 0.338144 0.373733 0.551995 0.340238 0.310291 0.267844 0.388735 0.479886 0.219804 0.396159 0.537243 0.574935 0.393073
0.282424 0.574546 0.562215 0.416611 0.466318 0.397873 0.425066 0.520120 0.266923 0.281112 0.659674 0.639263 0.492016 0.417023 0.307967 0.356857 0.401213 0.503104 0.404594 0.461207 0.372954 0.389609 0.488722 0.296333 0.348836 0.477850 0.181494 0.446073 0.618344 0.077520 0.446627 0.376664 0.361519 0.178047 0.352021 0.369882 0.703358 0.613225 0.432523 0.454771 0.499061 0.317507 0.504573 0.297768 0.252326 0.360276 0.579352 0.423254 0.496237 0.305328 0.329600 0.472970 0.324958 0.219301 0.525368 0.564127 0.362067 0.292553 0.280052 0.357517 0.512310 0.446061 0.177973
0.249127 0.256680 0.344015 0.299740 0.372942 0.509726 0.576139 0.166498 0.548182 0.508654 0.359599 0.631364 0.495050 0.538420 0.231657 0.442180 0.544368 0.455729 0.322590 0.570806 0.493068 0.475338 0.383137 0.550931 0.414247 0.470278 0.377059 0.175869 0.462787 0.670726 0.292345 0.138326 0.454405 0.644131 0.274409 0.130859 0.345181 0.375291 0.207256 0.590023 0.521360 0.374014 0.308243 0.233265 0.404110 0.206779 0.326268 0.338523 0.606074 0.248047 0.400606 0.540647 0.347992 0.296198 0.497291 0.557163 0.258207 0.435244 0.238599 0.291617 0.187922 0.546420 0.356425
0.532899 0.390459 0.500319 0.298307 0.331381 0.443771 0.573180 0.556295 0.253488 0.393712 0.387038 0.282580 0.618804 0.454245 0.257114 0.294195 0.245645 0.271813 0.578545 0.408644 0.235655 0.231197 0.359369 0.378177 0.379076 0.146667 0.449006 0.702532 0.368784 0.344294 0.519218 0.553815 0.511130 0.216195 0.325227 0.435798 0.495983 0.428438 0.561008 0.590357 0.529334 0.420839 0.651738 0.322172 0.469974 0.478528 0.568570 0.456328 0.234166 0.429134 0.459479 0.510916 0.464232 0.319114 0.306037 0.316249 0.481267 0.508208 0.528558 0.338831 0.437831 0.289995 0.288585
0.475452 0.410427 0.374803 0.520177 0.549101 0.539591 0.398935 0.376369 0.546811 0.433434 0.321790 0.246365 0.159241 0.447509 0.317775 0.562206 0.402365 0.366930 0.489548 0.354985 0.269570 0.243070 0.428948 0.420452 0.383842 0.348962 0.416373 0.461675 0.102786 0.303708 0.633504 0.048792 0.509419 0.567111 0.521871 0.294725 0.580526 0.599976 0.309710 0.378772 0.227187 0.769398 0.344647 0.257783 0.259517 0.313673 0.516126 0.291663 0.225687 0.602006 0.480374 0.169976 0.214985 0.386374 0.192000 0.396531 0.357768 0.365628 0.455454 0.129761 0.340432 0.542947 0.511910
0.113657 0.488986 0.611943 0.513523 0.260372 0.544907 0.200312 0.245513 0.484269 0.153299 0.297348 0.207384 0.453110 0.300493 0.178401 0.503074 0.303519 0.312391 0.399585 0.431487 0.545498 0.334637 0.271234 0.375762 0.309240 0.591358 0.120388 0.556017 0.359576 0.469744 0.362896 0.398382 0.488824 0.788701 0.300430 0.496893 0.356999 0.148163 0.453755 0.436363 0.397272 0.589213 0.353150 0.608933 0.513597 0.452731 0.378445 0.371708 0.212840 0.348210 0.481635 0.424631 0.427535 0.234052 0.570232 0.253368 0.328681 0.412275 0.514725 0.345091 0.261622 0.212339 0.607136
0.220774 0.683918 0.272543 0.362133 0.208146 0.409558 0.322613 0.320211 0.433887 0.341280 0.448712 0.368485 0.231847 0.441387 0.467329 0.515846 0.597236 0.720866 0.484696 0.325709 0.394076 0.477528 0.630844 0.549631 0.339240 0.259802 0.000000 0.254602 0.423166 0.475498 0.454341 0.371845 0.469254 0.291776 0.070108 0.331190 0.595489 0.382207 0.397364 0.263675 0.515392 0.270393 0.279115 0.235233 0.196874 0.344557 0.433256 0.338033 0.431854 0.502600 0.540356 0.309110 0.434224 0.469214 0.265646 0.253847 0.284321 0.404293 0.284635 0.292971 0.096652 0.600546 0.423680
0.412249 0.334158 0.309510 0.138656 0.479658 0.360010 0.479040 0.339728 0.158007 0.278981 0.571619 0.247983 0.487390 0.366951 0.421246 0.613283 0.519866 0.351352 0.066870 0.410409 0.154914 0.332749 0.381655 0.219964 0.443468 0.556021 0.010752 0.623435 0.713539 0.439751 0.368964 0.627247 0.431512 0.408094 0.565707 0.105776 0.297103 0.173371 0.449203 0.355262 0.388175 0.242477 0.328023 0.313694 0.339216 0.426778 0.351309 0.383544 0.724189 0.398116 0.159938 0.420443 0.532550 0.569105 0.259027 0.356407 0.146548 0.285196 0.359391 0.232808 0.382552 0.313904 0.553192
0.389734 0.213508 0.523028 0.197333 0.528305 0.474148 0.267563 0.416956 0.547053 0.580008 0.356967 0.397081 0.585525 0.404174 0.461351 0.421497 0.399107 0.161207 0.579440 0.619300 0.611557 0.173739 0.602167 0.500573 0.580488 0.296195 0.620897 0.336810 0.299043 0.449499 0.434707 0.378225 0.338471 0.451104 0.291267 0.583226 0.518513 0.517280 0.490836 0.498571 0.582098 0.456728 0.322903 0.241483 0.326269 0.359900 0.324239 0.379024 0.238386 0.344579 0.251917 0.492936 0.264806 0.504164 0.483537 0.277815 0.106853 0.353354 0.253867 0.312607 0.501631 0.451540 0.448001
0.395542 0.532550 0.413270 0.221459 0.511896 0.276478 0.622637 0.429833 0.371827 0.411967 0.527776 0.445235 0.504952 0.266297 0.502202 0.447023 0.362817 0.544181 0.392792 0.185180 0.351073 0.516163 0.300929 0.590090 0.266272 0.625043 0.240428 0.551829 0.233201 0.613100 0.445569 0.460944 0.190692 0.535559 0.754082 0.185816 0.410162 0.371651 0.489615 0.486132 0.127274 0.539122 0.289285 0.245435 0.309246 0.513463 0.458286 0.457501 0.335217 0.572630 0.474007 0.323638 0.423821 0.206931 0.399294 0.243979 0.437041 0.590650 0.412563 0.485299 0.581079 0.617844 0.540381
0.363883 0.475230 0.347760 0.140737 0.247538 0.040622 0.420163 0.707300 0.374338 0.624250 0.225487 0.247956 0.479083 0.400351 0.064845 0.485006 0.558137 0.170176 0.227338 0.590715 0.504902 0.471501 0.155723 0.142728 0.497732 0.241853 0.475566 0.432005 0.268627 0.392762 0.421976 0.366174 0.525860 0.562269 0.469098 0.159677 0.193853 0.279087 0.446578 0.284059 0.483022 0.565644 0.068297 0.386935 0.527761 0.599224 0.328180 0.569109 0.449912 0.464789 0.657231 0.325774 0.494391 0.176067 0.433855 0.220296 0.498611 0.441204 0.662799 0.207787 0.446350 0.212675 0.558526
0.218502 0.367022 0.308743 0.412420 0.443193 0.387033 0.763471 0.282986 0.339019 0.604330 0.131319 0.478374 0.184400 0.518527 0.268423 0.524647 0.463437 0.326857 0.700209 0.380407 0.274528 0.424180 0.161063 0.396319 0.384624 0.489110 0.523706 0.469801 0.377398 0.326031 0.295147 0.431430 0.364686 0.207314 0.368797 0.427585 0.275148 0.241391 0.485373 0.100197 0.316740 0.394315 0.298496 0.605486 0.412511 0.421141 0.604830 0.271345 0.559442 0.334647 0.390368 0.130662 0.319895 0.442259 0.620829 0.274687 0.619494 0.104339 0.458543 0.549947 0.269729 0.158192 0.537674
0.458432 0.221440 0.404234 0.599932 0.606865 0.266321 0.323198 0.442305 0.663207 0.335378 0.117076 0.510076 0.629247 0.184395 0.505048 0.234548 0.385022 0.424627 0.398343 0.213341 0.237340 0.410903 0.136594 0.364765 0.528642 0.202569 0.445687 0.509237 0.283045 0.313441 0.484493 0.197738 0.562295 0.371168 0.491374 0.595869 0.424320 0.509989 0.065774 0.554859 0.376775 0.159126 0.277141 0.476900 0.606714 0.305952 0.403636 0.398776 0.390253 0.552333 0.212512 0.539066 0.350165 0.542049 0.254555 0.444986 0.217151 0.370278 0.409971 0.117730 0.236573 0.189533 0.398899
0.248491 0.362867 0.623273 0.424253 0.332084 0.399830 0.268002 0.346021 0.266931 0.320818 0.349165 0.344397 0.410318 0.440003 0.112401 0.554740 0.558291 0.395627 0.487964 0.342905 0.367715 0.617281 0.250630 0.474664 0.170240 0.650505 0.381406 0.327575 0.578783 0.498823 0.320632 0.448519 0.167594 0.529725 0.605455 0.294911 0.463358 0.057587 0.580762 0.269298 0.413240 0.440139 0.505404 0.180771 0.351469 0.282026 0.396441 0.514954 0.529416 0.352080 0.260375 0.366900 0.737229 0.000000 0.153733 0.209665 0.007765 0.228789 0.302733 0.640417 0.183156 0.205186 0.334959
0.341624 0.403760 0.361044 0.245087 0.214557 0.361614 0.509081 0.205769 0.254562 0.660371 0.626792 0.529236 0.192539 0.646304 0.362590 0.562940 0.482002 0.367988 0.486487 0.061606 0.317841 0.716411 0.236252 0.262108 0.564577 0.303072 0.460850 0.448178 0.457043 0.527398 0.432851 0.457051 0.444541 0.491455 0.643682 0.414389 0.099011 0.209492 0.000000 0.356506 0.236679 0.488489 0.536447 0.288042 0.464992 0.260727 0.356195 0.567448 0.490166 0.436420 0.220595 0.660573 0.295713 0.688981 0.206312 0.399753 0.318137 0.338771 0.357163 0.250226 0.225096 0.207561 0.454580
0.307842 0.503388 0.214830 0.323717 0.595371 0.179382 0.346124 0.482765 0.740513 0.664614 0.564664 0.432036 0.422596 0.657166 0.539400 0.332824 0.108725 0.196544 0.215299 0.421987 0.757367 0.315060 0.139236 0.388205 0.577194 0.277099 0.229758 0.539954 0.339845 0.370498 0.364606 0.465921 0.395498 0.309152 0.383562 0.231837 0.405088 0.225022 0.144415 0.556322 0.483537 0.328436 0.703672 0.000000 0.194123 0.481295 0.527312 0.126317 0.411502 0.215457 0.454303 0.284912 0.421947 0.312538 0.204920 0.622114 0.398797 0.422289 0.441287 0.318786 0.343895 0.130453 0.471500
0.275839 0.260351 0.190714 0.535040 0.345629 0.630884 0.483594 0.287882 0.119645 0.428369 0.433312 0.413960 0.494146 0.464127 0.371524 0.417087 0.424557 0.382765 0.498699 0.174395 0.329145 0.226497 0.243634 0.140018 0.443915 0.387270 0.616115 0.315423 0.466452 0.304765 0.374233 0.755989 0.201699 0.235722 0.278687 0.241979 0.436683 0.503061 0.348721 0.606502 0.367080 0.398031 0.507295 0.476572 0.227177 0.131736 0.597397 0.500183 0.221841 0.257605 0.354351 0.623212 0.374531 0.352830 0.343174 0.371408 0.397616 0.263964 0.140460 0.495426 0.356907 0.526871 0.491878
0.406600 0.175234 0.109642 0.464481 0.396561 0.409684 0.400815 0.323487 0.163525 0.383417 0.277332 0.262592 0.284380 0.397021 0.525314 0.187734 0.368177 0.371724 0.298960 0.463450 0.381285 0.271939 0.579723 0.197503 0.270904 0.376319 0.198654 0.498959 0.410599 0.588965 0.309790 0.274981 0.000000 0.309237 0.349193 0.360179 0.417596 0.618411 0.348032 0.448778 0.279909 0.238833 0.207278 0.628578 0.267907 0.452189 0.360527 0.529050 0.519016 0.266277 0.329157 0.151134 0.361539 0.520728 0.286393 0.407832 0.412688 0.452203 0.261011 0.301434 0.454268 0.181500 0.175857
0.417387 0.314164 0.211069 0.131036 0.330308 0.369896 0.242544 0.283089 0.278088 0.474276 0.561130 0.197542 0.598835 0.272637 0.400973 0.509188 0.407922 0.250855 0.424796 0.263638 0.413603 0.314634 0.195141 0.306956 0.250588 0.267461 0.201628 0.426504 0.166213 0.479244 0.344077 0.211428 0.464790 0.435024 0.184535 0.299748 0.526462 0.489306 0.488700 0.575334 0.320242 0.257052 0.553052 0.637241 0.317217 0.160345 0.432312 0.534598 0.580855 0.395858 0.558826 0.384709 0.360020 0.239638 0.143663 0.280563 0.661425 0.442986 0.340727 0.290560 0.522774 0.425646 0.404885
0.391298 0.487849 0.407610 0.211442 0.322715 0.469437 0.179344 0.456672 0.439677 0.557251 0.232117 0.414193 0.393432 0.602631 0.429835 0.357643 0.506425 0.160572 0.456530 0.211424 0.404838 0.245178 0.621426 0.202133 0.571778 0.462862 0.222610 0.118874 0.260526 0.494674 0.562162 0.259279 0.181756 0.225150 0.379256 0.333478 0.302980 0.250441 0.521601 0.371946 0.243514 0.293006 0.096189 0.496884 0.309841 0.352648 0.310832 0.235920 0.384568 0.488693 0.302644 0.551443 0.443078 0.439889 0.245072 0.253335 0.363970 0.311796 0.376785 0.105662 0.503189 0.525521 0.446468
0.412793 0.195423 0.245825 0.488902 0.260923 0.349525 0.421198 0.174536 0.482467 0.264889 0.406733 0.279308 0.171291 0.550717 0.357528 0.426940 0.449700 0.284776 0.516476 0.369475 0.578555 0.200753 0.264166 0.568732 0.324990 0.387492 0.577206 0.145646 0.238947 0.411864 0.223199 0.253673 0.401340 0.521654 0.405047 0.577624 0.397192 0.384627 0.425974 0.457320 0.689804 0.517320 0.294401 0.186738 0.375151 0.478959 0.355323 0.096879 0.370253 0.436047 0.507901 0.326789 0.290495 0.297343 0.447520 0.468683 0.298379 0.343167 0.183806 0.484461 0.181721 0.416325 0.109008
0.492237 0.279716 0.394443 0.544021 0.345806 0.193501 0.412164 0.447838 0.521808 0.372422 0.214289 0.466666 0.636069 0.418144 0.567644 0.375020 0.375377 0.525183 0.579137 0.218536 0.437672 0.170190 0.269050 0.593135 0.277224 0.349420 0.374639 0.222566 0.377424 0.416712 0.527478 0.518043 0.278946 0.153856 0.374783 0.504654 0.319459 0.393094 0.300497 0.420133 0.435851 0.352495 0.306279 0.417916 0.530961 0.156642 0.361326 0.290402 0.590797 0.209426 0.458581 0.572821 0.189734 0.555418 0.108759 0.259419 0.423267 0.283137 0.253619 0.551671 0.528925 0.193639 0.290771
