DEPONS-master/data/CentralBaltic/prey0000_12.asc
NCOLS 400 
NROWS 400 
XLLCORNER 4750000.0 
YLLCORNER 3200000.0 
CELLSIZE 1000.0 
NODATA_value -9999 
[rows 196 to 223 of 400, columns 189 to 251 of 400]
0.278130 0.362464 0.106114 0.348236 0.183479 0.161619 0.169564 0.147166 0.321622 0.255989 0.336381 0.219839 0.367518 0.249216 0.208081 0.304880 0.105303 0.275106 0.185108 0.189134 0.149706 0.152632 0.395782 0.329038 0.470830 0.220421 0.221942 0.208778 0.315080 0.074972 0.184072 0.288484 0.026880 0.201869 0.125970 0.331861 0.389410 0.084040 0.242852 0.236993 0.332494 0.097460 0.159601 0.264981 0.126974 0.255496 0.293863 0.326381 0.200435 0.000000 0.444158 0.202076 0.219543 0.470669 0.067348 0.273358 0.297836 0.327558 0.380402 0.265902 0.059565 0.223090 0.338081
0.289748 0.276238 0.101695 0.245519 0.402992 0.433452 0.228931 0.138628 0.361347 0.000000 0.202118 0.152722 0.103642 0.261079 0.372865 0.102038 0.251731 0.300493 0.175336 0.075861 0.081993 0.217839 0.236466 0.248408 0.157120 0.302890 0.289237 0.131759 0.302638 0.184141 0.042383 0.165943 0.120982 0.338984 0.336975 0.186913 0.383989 0.163101 0.333203 0.117685 0.329026 0.391685 0.189930 0.544277 0.260262 0.157243 0.154284 0.204581 0.161522 0.104147 0.350020 0.273397 0.184220 0.233206 0.172218 0.132449 0.295989 0.181134 0.248361 0.120161 0.372895 0.278853 0.163742
0.237108 0.183709 0.281971 0.139275 0.211783 0.109113 0.280933 0.275823 0.072428 0.384190 0.100283 0.108405 0.169752 0.133910 0.084315 0.390642 0.267435 0.214296 0.191463 0.194245 0.131472 0.161618 0.140103 0.349367 0.141213 0.005851 0.224090 0.398780 0.258686 0.068804 0.154141 0.457481 0.302569 0.355220 0.441536 0.218994 0.409564 0.112261 0.280529 0.303303 0.248982 0.334663 0.127328 0.308288 0.153714 0.279503 0.198995 0.402034 0.100333 0.072182 0.031158 0.299574 0.248471 0.218819 0.357127 0.343838 0.005995 0.152371 0.073513 0.017047 0.222746 0.294986 0.208159
0.106458 0.277307 0.043577 0.329200 0.317123 0.114539 0.178969 0.217452 0.154187 0.209238 0.472046 0.316084 0.112472 0.267897 0.179773 0.339260 0.089398 0.167968 0.272392 0.221708 0.192868 0.123781 0.112979 0.130708 0.296172 0.180680 0.221917 0.155311 0.211163 0.147854 0.092497 0.004654 0.336975 0.163013 0.166279 0.229628 0.292882 0.184278 0.281283 0.248204 0.242435 0.225758 0.224215 0.165361 0.219677 0.063780 0.393165 0.110596 0.165831 0.020221 0.079649 0.128786 0.249422 0.008576 0.000000 0.105645 0.000000 0.323782 0.138906 0.325638 0.107775 0.216315 0.237782
0.410222 0.204532 0.000000 0.301230 0.264095 0.152874 0.223692 0.225710 0.317193 0.033876 0.226256 0.285749 0.236644 0.209745 0.253063 0.316296 0.188838 0.333816 0.327113 0.349361 0.290134 0.053023 0.023060 0.076738 0.259814 0.136902 0.131192 0.203724 0.226859 0.000000 0.171964 0.293673 0.172675 0.344938 0.243403 0.279523 0.209742 0.259374 0.302418 0.148313 0.092928 0.315671 0.208500 0.000000 0.089313 0.110519 0.000000 0.415010 0.164514 0.144270 0.147579 0.177307 0.000000 0.424461 0.252022 0.231033 0.135460 0.098040 0.187348 0.175571 0.222748 0.190024 0.218025
0.019057 0.193236 0.128829 0.418288 0.263752 0.212132 0.131862 0.183714 0.270392 0.291489 0.251060 0.263415 0.266391 0.000000 0.348754 0.013284 0.304041 0.039799 0.352853 0.321248 0.142743 0.170577 0.000000 0.126645 0.231567 0.089817 0.282263 0.283868 0.365341 0.282511 0.260801 0.485267 0.045458 0.083375 0.258242 0.349381 0.058843 0.024183 0.416834 0.433836 0.104462 0.122021 0.177209 0.179925 0.010014 0.106552 0.232375 0.259987 0.281508 0.104969 0.195261 0.209871 0.144195 0.040989 0.381890 0.424340 0.351169 0.270131 0.133576 0.400529 0.305997 0.214679 0.071104
0.281318 0.174403 0.126386 0.106887 0.068920 0.178767 0.137009 0.209902 0.214788 0.186125 0.252676 0.126769 0.000000 0.486235 0.168652 0.308245 0.260966 0.372380 0.000000 0.188214 0.197290 0.113905 0.392520 0.211210 0.217708 0.281710 0.227619 0.006356 0.200406 0.254117 0.392422 0.219096 0.291771 0.186726 0.136520 0.078821 0.394771 0.000000 0.471193 0.665840 0.000000 0.161564 0.000000 0.378874 0.214569 0.282532 0.408449 0.332809 0.153727 0.000000 0.013478 0.019409 0.316201 0.109405 0.307376 0.354673 0.151696 0.367950 0.000000 0.242977 0.368533 0.147719 0.240353
0.485933 0.192324 0.288772 0.172069 0.379768 0.301877 0.206569 0.313917 0.389375 0.156075 0.174809 0.185242 0.134858 0.272718 0.075671 0.106046 0.117207 0.336159 0.199967 0.128445 0.121905 0.169022 0.306489 0.425465 0.422145 0.209263 0.314946 0.136676 0.000000 0.280079 0.081511 0.141863 0.110942 0.110375 0.059162 0.183400 0.354467 0.524579 0.289152 0.296282 0.113402 0.027837 0.245451 0.266806 0.308058 0.212442 0.094676 0.335711 0.079087 0.139838 0.331549 0.127142 0.194735 0.127779 0.487238 0.122581 0.232976 0.199052 0.265278 0.177843 0.036835 0.172369 0.255809
0.102840 0.226680 0.268067 0.150379 0.411420 0.283599 0.305097 0.241817 0.053683 0.119212 0.263968 0.287669 0.234584 0.205000 0.246598 0.155320 0.379763 0.102458 0.347409 0.295874 0.085507 0.195546 0.359426 0.200809 0.062442 0.199763 0.017170 0.084492 0.194599 0.392161 0.188974 0.295200 0.145170 0.295954 0.033745 0.265664 0.149795 0.000000 0.000000 0.395717 0.252584 0.158647 0.274170 0.199900 0.299394 0.243754 0.245807 0.165910 0.197708 0.000000 0.063622 0.577196 0.271971 0.128013 0.246316 0.481514 0.293057 0.118135 0.543044 0.290985 0.309065 0.280594 0.288504
0.466613 0.431041 0.313040 0.325982 0.303877 0.152945 0.136508 0.164075 0.000000 0.185596 0.171233 0.447786 0.336340 0.424962 0.153026 0.077029 0.295416 0.162466 0.381593 0.241209 0.127581 0.403036 0.266379 0.153734 0.500680 0.271043 0.225727 0.317531 0.285372 0.213185 0.243669 0.317059 0.367732 0.353770 0.041574 0.333323 0.194997 0.248522 0.181078 0.173691 0.164837 0.049994 0.240227 0.315869 0.175559 0.042418 0.192708 0.260098 0.162648 0.169242 0.272292 0.186048 0.215949 0.304787 0.076354 0.330272 0.411585 0.044200 0.375156 0.254603 0.298212 0.197241 0.168721
0.256078 0.089444 0.156902 0.180239 0.108143 0.391863 0.067667 0.253690 0.360761 0.127007 0.025924 0.181783 0.317898 0.301851 0.201279 0.050223 0.299449 0.209707 0.401377 0.252693 0.207306 0.359940 0.084678 0.330033 0.443846 0.231722 0.458216 0.040306 0.261474 0.232256 0.340217 0.308854 0.479098 0.164156 0.229172 0.354495 0.000000 0.001371 0.264775 0.266635 0.289707 0.256992 0.440740 0.436261 0.201656 0.186659 0.275248 0.310057 0.327143 0.196474 0.209393 0.264458 0.228036 0.212230 0.216739 0.084922 0.227673 0.179921 0.347363 0.001028 0.010268 0.470786 0.298400
0.382279 0.326652 0.128933 0.067950 0.358918 0.246115 0.202203 0.326782 0.327506 0.133042 0.171945 0.297737 0.226999 0.226405 0.207004 0.185418 0.090895 0.328647 0.130616 0.265977 0.200031 0.151759 0.446296 0.246891 0.379774 0.322968 0.416491 0.009395 0.259019 0.317955 0.232917 0.360901 0.252945 0.354542 0.000000 0.132537 0.031424 0.467434 0.192625 0.415064 0.217649 0.164868 0.322325 0.217345 0.170744 0.343838 0.051918 0.107460 0.317779 0.231969 0.012009 0.331805 0.197933 0.188594 0.479447 0.030148 0.336819 0.236659 0.042299 0.207198 0.317421 0.118485 0.122765
0.199903 0.134692 0.376747 0.268407 0.277584 0.096941 0.294847 0.143333 0.118302 0.094269 0.264577 0.127678 0.382195 0.270429 0.237955 0.178921 0.063651 0.173746 0.338765 0.165232 0.097329 0.075100 0.010906 0.039001 0.312407 0.376691 0.180512 0.304812 0.342303 0.253991 0.572218 0.103836 0.216122 0.228995 0.312335 0.206334 0.279970 0.256191 0.188136 0.455858 0.260598 0.238626 0.164598 0.289969 0.219469 0.095554 0.104056 0.357475 0.260896 0.347943 0.164502 0.003868 0.197836 0.025928 0.206414 0.274105 0.164526 0.259131 0.333671 0.137161 0.401049 0.213487 0.127860
0.183011 0.277830 0.248000 0.385978 0.281083 0.227954 0.081770 0.192859 0.129770 0.282645 0.202507 0.010750 0.180013 0.172862 0.261203 0.299525 0.129362 0.424154 0.064996 0.313973 0.063372 0.324023 0.221296 0.208202 0.342439 0.369242 0.213766 0.478844 0.201029 0.068946 0.151209 0.064977 0.199599 0.304173 0.335192 0.160647 0.179090 0.178540 0.000000 0.272131 0.177599 0.274220 0.119471 0.077931 0.194885 0.236461 0.125255 0.242902 0.054801 0.356335 0.391977 0.192610 0.413297 0.198460 0.162261 0.305895 0.481130 0.397707 0.266643 0.417947 0.198655 0.000000 0.170367
0.359412 0.247238 0.133553 0.384013 0.158687 0.395670 0.262563 0.232531 0.408034 0.273059 0.355549 0.160366 0.203195 0.063483 0.190504 0.155558 0.154834 0.217155 0.269655 0.176587 0.133230 0.248070 0.090034 0.407806 0.442507 0.424941 0.209737 0.303826 0.375570 0.126725 0.000000 0.265914 0.141654 0.173528 0.357380 0.287850 0.422198 0.206292 0.339004 0.115308 0.137469 0.000000 0.399284 0.034815 0.203870 0.212817 0.432145 0.233380 0.164877 0.275219 0.351165 0.296722 0.234100 0.333387 0.000000 0.348785 0.360871 0.028821 0.208616 0.318488 0.469789 0.361161 0.330673
0.220739 0.227711 0.292253 0.261454 0.217851 0.168834 0.005693 0.229737 0.287728 0.354252 0.357343 0.511050 0.281047 0.314733 0.072474 0.265356 0.128494 0.250379 0.295325 0.270543 0.251452 0.325588 0.484936 0.241034 0.238197 0.170040 0.175115 0.220521 0.099673 0.375344 0.201031 0.221389 0.138695 0.189825 0.112736 0.096682 0.096517 0.459898 0.320371 0.332990 0.195828 0.079885 0.251202 0.394455 0.128896 0.287285 0.325997 0.099352 0.151893 0.305839 0.302669 0.230141 0.002170 0.176417 0.209774 0.086326 0.098974 0.234565 0.133429 0.191977 0.054934 0.191496 0.211215
0.088141 0.073071 0.315507 0.387054 0.141187 0.173113 0.300224 0.309500 0.190368 0.152364 0.258081 0.296176 0.524187 0.327526 0.082600 0.345585 0.260662 0.343697 0.000000 0.395085 0.273886 0.446022 0.282669 0.117509 0.215606 0.366129 0.224413 0.110705 0.368583 0.144252 0.131377 0.249246 0.289084 0.164413 0.106724 0.325701 0.314910 0.152356 0.000000 0.350760 0.126546 0.203961 0.275815 0.245451 0.210710 0.143351 0.230831 0.173548 0.188570 0.213676 0.085907 0.293720 0.276064 0.104001 0.110319 0.165500 0.205250 0.303928 0.283138 0.230118 0.237561 0.253137 0.000000
0.186324 0.376826 0.165150 0.322133 0.133432 0.358556 0.360284 0.057902 0.273682 0.119735 0.113727 0.073517 0.205714 0.404600 0.012270 0.434358 0.156079 0.228581 0.191854 0.194599 0.050954 0.296134 0.285885 0.239487 0.229725 0.170637 0.103188 0.093015 0.171773 0.290696 0.080660 0.212652 0.193842 0.062812 0.329044 0.247790 0.181787 0.140580 0.087644 0.068083 0.275030 0.156454 0.234274 0.225713 0.360432 0.280960 0.478959 0.165710 0.406302 0.300793 0.183422 0.000000 0.231140 0.151732 0.191938 0.204624 0.285750 0.264344 0.106551 0.066569 0.226832 0.436861 0.174703
0.093078 0.369134 0.200587 0.372096 0.231801 0.000000 0.337152 0.189144 0.200199 0.325535 0.086416 0.159045 0.000000 0.364956 0.250653 0.195589 0.093739 0.379915 0.143076 0.095921 0.206291 0.335208 0.380454 0.189303 0.314028 0.115529 0.017922 0.284499 0.206135 0.000000 0.180853 0.302244 0.278864 0.192622 0.257201 0.000000 0.077362 0.170832 0.214741 0.032630 0.139419 0.158320 0.411411 0.049061 0.007314 0.081934 0.233870 0.156145 0.270042 0.086561 0.133609 0.055097 0.184218 0.139935 0.353800 0.339512 0.291965 0.208181 0.240507 0.129446 0.251039 0.213961 0.208642
0.194944 0.235268 0.140682 0.213250 0.232110 0.255262 0.000000 0.269839 0.171125 0.210028 0.327523 0.290350 0.353128 0.029866 0.137725 0.202314 0.226055 0.386068 0.232761 0.172990 0.296623 0.382010 0.243040 0.226444 0.405105 0.320615 0.171428 0.357736 0.137491 0.220713 0.473429 0.309228 0.121307 0.114248 0.187954 0.091748 0.087981 0.300874 0.213803 0.313800 0.298449 0.307172 0.202337 0.122960 0.302153 0.477762 0.148936 0.254058 0.115636 0.220853 0.303243 0.003856 0.033439 0.211270 0.111605 0.275696 0.219976 0.189771 0.213058 0.240305 0.438873 0.165497 0.202940
0.219054 0.423480 0.237242 0.176500 0.336195 0.179278 0.216956 0.012990 0.000000 0.014957 0.156470 0.274624 0.079796 0.216807 0.315120 0.427882 0.119666 0.000000 0.084275 0.138078 0.220233 0.272283 0.176554 0.226255 0.000000 0.082830 0.061542 0.161175 0.121670 0.359853 0.235978 0.267577 0.111183 0.160868 0.121792 0.210450 0.189950 0.265696 0.075846 0.063304 0.446113 0.262130 0.000000 0.538168 0.349272 0.064076 0.024682 0.199660 0.162313 0.140866 0.053122 0.132764 0.042780 0.187820 0.180974 0.583383 0.296071 0.210852 0.075685 0.114866 0.000000 0.257719 0.233574
0.016931 0.241092 0.001196 0.450303 0.179825 0.136624 0.351063 0.235188 0.000000 0.045553 0.313383 0.200122 0.054044 0.106938 0.153983 0.244013 0.336847 0.261498 0.536439 0.311680 0.255065 0.296232 0.122360 0.190192 0.274973 0.247628 0.000000 0.308799 0.488413 0.113263 0.282577 0.250838 0.204038 0.357938 0.147737 0.140752 0.088287 0.272038 0.217563 0.399654 0.320442 0.226077 0.358483 0.242615 0.305148 0.421585 0.248425 0.156893 0.145710 0.203892 0.191308 0.345599 0.110575 0.242101 0.252110 0.172696 0.089875 0.306420 0.000000 0.223571 0.188771 0.241102 0.317651
0.082018 0.309167 0.179336 0.308722 0.342814 0.197923 0.245849 0.370287 0.126088 0.330296 0.120440 0.279266 0.308263 0.253312 0.210950 0.236329 0.341819 0.154519 0.353646 0.126681 0.282011 0.222380 0.178101 0.344100 0.018556 0.137222 0.167195 0.337823 0.248644 0.287122 0.167581 0.299997 0.000000 0.282880 0.226798 0.328730 0.313560 0.094116 0.145355 0.044251 0.246160 0.245304 0.194652 0.343400 0.173855 0.167041 0.141004 0.238735 0.084030 0.400986 0.092586 0.041725 0.055274 0.274477 0.331092 0.000000 0.411739 0.415195 0.274030 0.178779 0.171193 0.102355 0.105152
0.255841 0.011216 0.097865 0.133826 0.126737 0.297425 0.268240 0.361889 0.490697 0.212157 0.123115 0.272508 0.366908 0.234907 0.167277 0.394211 0.134744 0.072523 0.123493 0.220704 0.403958 0.309091 0.142067 0.166802 0.188336 0.090845 0.146735 0.322666 0.343488 0.224017 0.121777 0.361296 0.289458 0.303684 0.315131 0.136475 0.266627 0.336546 0.254344 0.082323 0.258496 0.281260 0.160062 0.344583 0.349837 0.502095 0.078912 0.360749 0.237794 0.335992 0.200776 0.371033 0.093903 0.326060 0.213929 0.296647 0.397747 0.090450 0.172320 0.145494 0.252587 0.189547 0.302864
0.126466 0.198966 0.335595 0.000000 0.211986 0.173535 0.176337 0.141896 0.057615 0.102165 0.254150 0.166412 0.231188 0.226086 0.278963 0.302831 0.397946 0.177826 0.176555 0.109179 0.053069 0.137749 0.294370 0.135760 0.200707 0.077103 0.037096 0.176537 0.290388 0.245203 0.241731 0.043736 0.294614 0.121083 0.557054 0.200371 0.237882 0.329380 0.044861 0.087041 0.323097 0.244632 0.286833 0.374913 0.236068 0.136339 0.397714 0.177879 0.205026 0.256410 0.530010 0.157357 0.332391 0.204622 0.329776 0.320723 0.097188 0.372009 0.088471 0.272940 0.255165 0.149081 0.168315
0.196704 0.230728 0.104264 0.102007 0.097943 0.024282 0.174040 0.159527 0.026970 0.176750 0.000563 0.168405 0.133591 0.174121 0.387953 0.097004 0.329554 0.210559 0.114848 0.253114 0.180699 0.378873 0.070629 0.206502 0.276166 0.346277 0.309750 0.273533 0.214690 0.282068 0.316433 0.384296 0.298155 0.251762 0.222739 0.161123 0.413824 0.106843 0.156114 0.032392 0.049248 0.286212 0.081861 0.150042 0.052566 0.366054 0.200411 0.433960 0.250069 0.105088 0.264097 0.082666 0.152824 0.390057 0.050073 0.302366 0.078422 0.280401 0.250261 0.000000 0.104232 0.032688 0.170535
0.416528 0.260089 0.244356 0.480042 0.311302 0.041541 0.228040 0.143157 0.360668 0.264844 0.049838 0.142799 0.324969 0.000000 0.261386 0.066915 0.099974 0.060052 0.301310 0.368012 0.300196 0.330657 0.373356 0.341956 0.315125 0.185146 0.330013 0.251549 0.307219 0.371403 0.094143 0.091543 0.356133 0.391498 0.225606 0.293729 0.303914 0.036643 0.207962 0.388147 0.215616 0.160451 0.237982 0.199522 0.102876 0.061904 0.230872 0.131002 0.158932 0.397512 0.124129 0.250710 0.334474 0.351571 0.197008 0.158520 0.124411 0.202669 0.261166 0.430518 0.134084 0.059564 0.096665
0.233550 0.324833 0.177850 0.179849 0.245250 0.169518 0.335990 0.283755 0.150596 0.150530 0.119851 0.230704 0.001342 0.397128 0.371298 0.057271 0.097499 0.370274 0.306441 0.376889 0.035388 0.000000 0.245847 0.254309 0.198866 0.203455 0.268584 0.281335 0.225710 0.311361 0.190820 0.408082 0.194223 0.231060 0.264343 0.196945 0.380912 0.180930 0.134095 0.163451 0.394170 0.383041 0.246058 0.088874 0.246766 0.165653 0.000000 0.258678 0.280909 0.163930 0.080071 0.105931 0.251135 0.267394 0.236817 0.138985 0.376652 0.129295 0.252048 0.161145 0.188382 0.477110 0.104991
