DEPONS-master/data/CentralBaltic/prey0000_01.asc
NCOLS 400 
NROWS 400 
XLLCORNER 4750000.0 
YLLCORNER 3200000.0 
CELLSIZE 1000.0 
NODATA_value -9999 
[rows 364 to 391 of 400, columns 63 to 125 of 400]
0.383259 0.242887 0.213808 0.276093 0.185353 0.487782 0.329568 0.312582 0.351374 0.027070 0.204606 0.322299 0.391461 0.361611 0.397464 0.602832 0.443227 0.251906 0.480181 0.400418 0.536380 0.230437 0.282840 0.195147 0.470960 0.193043 0.186091 0.137140 0.273853 0.343504 0.365372 0.403289 0.227563 0.102349 0.229088 0.602118 0.375794 0.148372 0.358400 0.156048 0.306808 0.331971 0.352494 0.247976 0.409811 0.486333 0.230511 0.218276 0.279228 0.199218 0.292042 0.233484 0.347699 0.385761 0.205772 0.403806 0.135177 0.275346 0.207921 0.428767 0.271906 0.516602 0.107091
0.352320 0.249838 0.394868 0.177570 0.163028 0.530928 0.265812 0.417682 0.374663 0.373170 0.458032 0.153200 0.310281 0.344232 0.199689 0.477940 0.389302 0.139357 0.366218 0.391928 0.263150 0.363593 0.359282 0.329305 0.281185 0.092309 0.309957 0.388271 0.309702 0.575906 0.325441 0.138373 0.205495 0.267861 0.334864 0.295899 0.378545 0.379987 0.043736 0.119623 0.324728 0.446789 0.340814 0.254782 0.187082 0.526691 0.237216 0.330088 0.104871 0.115714 0.362361 0.386487 0.137795 0.194249 0.179143 0.138148 0.307579 0.341514 0.300030 0.232099 0.342059 0.205824 0.297752
0.350182 0.275244 0.400531 0.556518 0.170706 0.291899 0.231193 0.214794 0.470054 0.473266 0.108802 0.413767 0.168840 0.345624 0.408233 0.211207 0.137745 0.283075 0.255100 0.395173 0.334041 0.171308 0.435053 0.455539 0.423795 0.293158 0.221325 0.198905 0.295680 0.369580 0.319601 0.172985 0.439143 0.297549 0.304197 0.221180 0.319431 0.197740 0.187088 0.281858 0.188951 0.321995 0.203391 0.373932 0.481983 0.213503 0.465122 0.317664 0.340329 0.153414 0.207519 0.270564 0.340293 0.430727 0.375001 0.258990 0.195056 0.409294 0.310354 0.359880 0.322861 0.141768 0.491367
0.317972 0.369502 0.447261 0.119175 0.270698 0.257697 0.233720 0.400794 0.178372 0.213706 0.320700 0.515281 0.410342 0.307828 0.369697 0.419363 0.372906 0.405596 0.242984 0.414440 0.296419 0.366307 0.235966 0.522311 0.195847 0.402870 0.402213 0.369259 0.359330 0.365666 0.258263 0.358546 0.362611 0.283379 0.232401 0.230304 0.386029 0.173541 0.235289 0.328831 0.327786 0.382145 0.469489 0.105714 0.468675 0.331708 0.334117 0.113231 0.506548 0.120335 0.334703 0.145669 0.186940 0.185951 0.458145 0.478013 0.263593 0.238948 0.085100 0.506333 0.191739 0.298317 0.407624
0.090383 0.336840 0.194165 0.202607 0.117098 0.536925 0.374705 0.208522 0.368336 0.239647 0.329160 0.382045 0.390942 0.180907 0.352721 0.407961 0.092560 0.333493 0.258335 0.193423 0.183101 0.132607 0.090777 0.205217 0.518245 0.230844 0.382450 0.507479 0.340764 0.055786 0.408141 0.303386 0.288278 0.398742 0.243375 0.233599 0.402173 0.425331 0.439522 0.271283 0.436012 0.514183 0.266063 0.206146 0.235960 0.265249 0.154138 0.230800 0.450177 0.402277 0.564405 0.469474 0.352670 0.289207 0.187272 0.176605 0.204669 0.429015 0.293920 0.208979 0.333281 0.366674 0.234577
0.304406 0.160607 0.299248 0.240714 0.382583 0.342101 0.370516 0.376345 0.304098 0.388736 0.298332 0.437204 0.314399 0.335884 0.285860 0.273738 0.298863 0.410366 0.488159 0.316170 0.473129 0.479493 0.300430 0.469948 0.372091 0.436894 0.449991 0.113260 0.315439 0.249355 0.329428 0.272015 0.425286 0.116515 0.510365 0.441435 0.423657 0.334017 0.136279 0.548792 0.467898 0.261543 0.291545 0.286381 0.307215 0.272471 0.273308 0.253494 0.216365 0.292579 0.337770 0.406116 0.320974 0.195205 0.374126 0.342143 0.255083 0.292083 0.115893 0.190009 0.187917 0.469634 0.271450
0.541736 0.218887 0.122835 0.164211 0.243866 0.224741 0.377526 0.482950 0.334602 0.421896 0.328818 0.277569 0.270303 0.329458 0.000000 0.375818 0.405809 0.073140 0.316247 0.369958 0.230695 0.534604 0.209007 0.118489 0.464985 0.257931 0.473924 0.305674 0.441780 0.253197 0.346937 0.241263 0.443538 0.230618 0.242839 0.330412 0.290633 0.349612 0.333887 0.125308 0.076692 0.390489 0.131870 0.241858 0.378588 0.181914 0.213844 0.346972 0.458678 0.420610 0.273987 0.370783 0.341611 0.501423 0.223930 0.157065 0.279115 0.346294 0.370126 0.359817 0.407222 0.217239 0.512281
0.240172 0.302309 0.588980 0.236778 0.366521 0.311186 0.262053 0.552490 0.329344 0.230284 0.377765 0.406343 0.237949 0.393354 0.299825 0.331992 0.347863 0.126206 0.150882 0.417320 0.285503 0.088265 0.350598 0.492967 0.335016 0.246890 0.293306 0.455674 0.427264 0.163750 0.340967 0.413552 0.445891 0.209790 0.401731 0.441520 0.421226 0.239993 0.329486 0.260184 0.358113 0.290091 0.421596 0.307718 0.492799 0.137104 0.275371 0.251308 0.321775 0.302720 0.269753 0.367717 0.137984 0.442726 0.345738 0.280565 0.260240 0.277309 0.493235 0.462198 0.417264 0.330222 0.284088
0.456980 0.347635 0.174392 0.438891 0.544570 0.217483 0.218134 0.219594 0.176292 0.238520 0.192747 0.310527 0.272612 0.260139 0.297493 0.471279 0.430867 0.103173 0.277662 0.246927 0.164766 0.238033 0.291924 0.344639 0.410109 0.279803 0.308642 0.503312 0.322381 0.629529 0.514109 0.297184 0.460850 0.307348 0.294418 0.331667 0.354195 0.361890 0.303661 0.269643 0.392944 0.164456 0.370162 0.397696 0.289418 0.368554 0.487245 0.211626 0.323861 0.223867 0.079355 0.378453 0.272212 0.300683 0.262942 0.284012 0.057755 0.120488 0.144966 0.283777 0.219936 0.399626 0.444060
0.279748 0.356782 0.415965 0.336641 0.249655 0.429019 0.323956 0.386126 0.160372 0.383099 0.128042 0.197623 0.395241 0.314638 0.352904 0.187972 0.270365 0.123286 0.216614 0.376745 0.344403 0.457968 0.306972 0.352797 0.486550 0.185804 0.246437 0.242632 0.201578 0.376545 0.150277 0.328357 0.170893 0.240852 0.296552 0.130939 0.739208 0.086802 0.147152 0.290329 0.155371 0.160272 0.303264 0.285629 0.201223 0.221155 0.447369 0.246845 0.048373 0.430111 0.328780 0.052393 0.153747 0.328597 0.501749 0.355178 0.425440 0.592087 0.340803 0.329561 0.221924 0.218713 0.328189
0.412884 0.592768 0.232831 0.304700 0.513521 0.245135 0.312396 0.178447 0.279754 0.256583 0.212968 0.481915 0.263069 0.359855 0.303846 0.319195 0.480981 0.256602 0.371305 0.273523 0.256287 0.111366 0.319697 0.322423 0.276190 0.347981 0.408971 0.301325 0.147567 0.253099 0.254474 0.380848 0.384217 0.560534 0.341077 0.397035 0.238174 0.390691 0.338145 0.014857 0.434229 0.259718 0.211043 0.435213 0.282315 0.215865 0.363522 0.279594 0.455565 0.341026 0.371220 0.204301 0.069290 0.256424 0.326620 0.415020 0.000000 0.351229 0.278460 0.081246 0.288868 0.254524 0.187181
0.430741 0.334935 0.269869 0.525112 0.336902 0.402386 0.408509 0.563911 0.188992 0.387342 0.315536 0.399441 0.384435 0.522528 0.264853 0.434357 0.422548 0.181960 0.305739 0.297793 0.490401 0.303607 0.173638 0.181490 0.282313 0.243916 0.471402 0.350497 0.133781 0.323648 0.287351 0.278171 0.437811 0.294488 0.239242 0.250459 0.282755 0.314064 0.465796 0.338367 0.403826 0.255200 0.263985 0.155098 0.567255 0.339326 0.111191 0.478577 0.429654 0.044650 0.172496 0.170702 0.296406 0.280209 0.288829 0.475424 0.178440 0.197380 0.583183 0.262508 0.367943 0.453251 0.250277
0.256061 0.242916 0.292597 0.344781 0.338388 0.571125 0.238859 0.284084 0.654657 0.271347 0.185614 0.395375 0.280130 0.227566 0.477696 0.263820 0.325977 0.345121 0.431950 0.452518 0.300318 0.291512 0.247613 0.375926 0.338451 0.158320 0.236311 0.353434 0.283362 0.419511 0.281266 0.276259 0.372257 0.203897 0.191055 0.318603 0.362900 0.281295 0.427649 0.453504 0.169440 0.342011 0.277938 0.247344 0.270307 0.367836 0.466411 0.295035 0.377625 0.282104 0.357011 0.197542 0.418413 0.478585 0.507447 0.372315 0.257321 0.304562 0.522446 0.320671 0.301716 0.375901 0.451702
0.500764 0.339825 0.279426 0.273116 0.363788 0.277780 0.228791 0.422092 0.386572 0.198360 0.154388 0.518645 0.512583 0.306719 0.414751 0.394998 0.361264 0.270051 0.355022 0.352722 0.272640 0.234231 0.253175 0.235516 0.481693 0.443670 0.477242 0.189188 0.248489 0.330142 0.290643 0.240119 0.295807 0.312682 0.215207 0.323749 0.280873 0.421725 0.143480 0.353886 0.404305 0.173188 0.403041 0.373088 0.364690 0.355617 0.350395 0.216659 0.344849 0.246367 0.186796 0.347677 0.547290 0.334677 0.271644 0.521613 0.174037 0.120888 0.482683 0.464471 0.356468 0.247169 0.391152
0.586875 0.312587 0.153656 0.207465 0.345535 0.467544 0.563657 0.243386 0.318037 0.256308 0.287485 0.313423 0.206718 0.426435 0.308396 0.348913 0.054451 0.478045 0.228930 0.384746 0.470970 0.373460 0.410075 0.272866 0.329072 0.294217 0.410883 0.384153 0.264795 0.359218 0.071303 0.195722 0.628354 0.421001 0.264813 0.299985 0.152675 0.538372 0.220334 0.452072 0.393397 0.355483 0.295860 0.350601 0.320572 0.262447 0.402217 0.488337 0.351833 0.345472 0.177594 0.244828 0.376487 0.276045 0.450103 0.508253 0.206635 0.159025 0.133042 0.537656 0.438010 0.315862 0.228302
0.459814 0.108721 0.207395 0.530082 0.470980 0.204811 0.433746 0.310868 0.349866 0.302903 0.383758 0.509241 0.603045 0.324848 0.189196 0.320033 0.505721 0.301553 0.331145 0.369173 0.418271 0.404130 0.108794 0.346827 0.462119 0.502866 0.238463 0.314489 0.162936 0.365317 0.575323 0.227487 0.502656 0.532746 0.344738 0.342502 0.243570 0.393702 0.408543 0.331413 0.527623 0.341860 0.290282 0.289013 0.376295 0.455654 0.516739 0.182582 0.303617 0.232418 0.329276 0.506255 0.359071 0.211398 0.293269 0.285024 0.488372 0.228065 0.259025 0.565722 0.328936 0.300304 0.180813
0.410602 0.303722 0.406758 0.158248 0.569664 0.377685 0.238920 0.454975 0.113102 0.533473 0.401900 0.131346 0.397894 0.255180 0.267245 0.205749 0.347858 0.146521 0.472358 0.356424 0.371707 0.347750 0.321782 0.403461 0.297303 0.402220 0.193302 0.272288 0.210809 0.297597 0.311439 0.411229 0.423541 0.363645 0.205352 0.360912 0.361445 0.265572 0.300485 0.301121 0.152488 0.205831 0.258555 0.146019 0.327289 0.483686 0.374324 0.157440 0.200873 0.368926 0.251407 0.194938 0.236022 0.365548 0.313727 0.298803 0.296381 0.403020 0.214046 0.178484 0.412423 0.344538 0.360875
0.222069 0.269688 0.441022 0.559426 0.191534 0.352381 0.352168 0.455264 0.152779 0.231620 0.229309 0.460897 0.421702 0.498121 0.103771 0.403888 0.271922 0.427693 0.173245 0.419506 0.538716 0.380372 0.364819 0.253483 0.461127 0.283670 0.420652 0.376903 0.330012 0.282587 0.274410 0.173270 0.376103 0.416202 0.269012 0.435102 0.472944 0.269924 0.523104 0.496208 0.296555 0.239649 0.364887 0.189516 0.361609 0.451895 0.290687 0.297649 0.315119 0.401472 0.387165 0.600142 0.341957 0.360893 0.256545 0.156160 0.317536 0.450983 0.249633 0.405006 0.370679 0.266614 0.378496
0.355185 0.251918 0.590184 0.341924 0.460129 0.299202 0.189054 0.229963 0.463977 0.291686 0.464359 0.544386 0.374459 0.300220 0.325590 0.397039 0.228288 0.358310 0.266800 0.351120 0.205830 0.408980 0.298846 0.226144 0.222857 0.251854 0.259273 0.477911 0.259680 0.308832 0.296098 0.249535 0.392934 0.330674 0.544666 0.549440 0.296562 0.430112 0.408377 0.452889 0.425250 0.413402 0.373092 0.103485 0.439988 0.319682 0.308378 0.313736 0.379172 0.263122 0.449128 0.512266 0.268750 0.470624 0.368475 0.399416 0.275422 0.225249 0.430572 0.276577 0.305341 0.312972 0.328464
0.311343 0.199506 0.385252 0.404982 0.229585 0.196503 0.313894 0.257849 0.257048 0.201059 0.310747 0.361566 0.525985 0.063476 0.213950 0.293934 0.254046 0.398252 0.489291 0.075925 0.250201 0.224960 0.330881 0.307843 0.369397 0.329939 0.351459 0.309074 0.343904 0.412847 0.203217 0.353354 0.534468 0.171626 0.292825 0.220198 0.284971 0.136027 0.278022 0.589106 0.504211 0.245019 0.129096 0.287295 0.320481 0.296312 0.193112 0.252438 0.207719 0.229340 0.018568 0.286915 0.421298 0.100062 0.487946 0.328948 0.481210 0.305962 0.136861 0.221201 0.448734 0.232502 0.456271
0.344369 0.201660 0.379445 0.355988 0.147629 0.248651 0.299219 0.180665 0.455277 0.278649 0.303268 0.413262 0.298571 0.233393 0.368419 0.475272 0.450336 0.281648 0.325763 0.194653 0.316976 0.399189 0.254319 0.185729 0.470220 0.308296 0.450566 0.138492 0.392147 0.221198 0.226713 0.322031 0.181044 0.209520 0.620323 0.221084 0.332590 0.370483 0.215354 0.346860 0.286025 0.190478 0.416651 0.290638 0.439948 0.339850 0.393417 0.266585 0.375468 0.280774 0.358190 0.326861 0.390701 0.093400 0.441550 0.273926 0.248177 0.467750 0.227518 0.295728 0.286478 0.473791 0.498161
0.396461 0.319482 0.394927 0.337714 0.404311 0.173710 0.356789 0.305082 0.404044 0.310550 0.299569 0.445195 0.199590 0.421185 0.363302 0.386897 0.395528 0.379249 0.508897 0.523793 0.223449 0.422014 0.266873 0.444280 0.350264 0.372650 0.603282 0.330030 0.352869 0.306374 0.195725 0.387888 0.243636 0.291782 0.202753 0.399191 0.411445 0.366370 0.016749 0.203615 0.189820 0.321271 0.118139 0.494411 0.379085 0.262812 0.285355 0.445705 0.253006 0.282553 0.294952 0.304411 0.187400 0.313389 0.225541 0.234126 0.506782 0.167312 0.510515 0.472740 0.281066 0.244097 0.161555
0.202020 0.362158 0.227341 0.535029 0.454174 0.502490 0.087444 0.377901 0.394785 0.554190 0.266310 0.245121 0.452642 0.296781 0.238561 0.210680 0.484752 0.346116 0.292714 0.469767 0.231241 0.373200 0.411325 0.260914 0.208837 0.435392 0.285969 0.499653 0.302698 0.242316 0.274963 0.361786 0.102562 0.186018 0.318401 0.355900 0.399401 0.503955 0.261393 0.333929 0.240578 0.505122 0.319552 0.325503 0.245981 0.412451 0.334716 0.239635 0.269245 0.392631 0.328308 0.332590 0.306537 0.434686 0.375492 0.483790 0.220693 0.274998 0.230286 0.355276 0.491738 0.362026 0.415125
0.703184 0.448984 0.283384 0.523167 0.469093 0.414882 0.352602 0.294873 0.238906 0.364970 0.434503 0.197676 0.156654 0.444228 0.259825 0.366291 0.309246 0.323794 0.369065 0.334731 0.130881 0.455828 0.331025 0.539179 0.293568 0.380306 0.468181 0.216110 0.438016 0.420844 0.237315 0.101278 0.290559 0.242224 0.399235 0.370256 0.491148 0.182856 0.321695 0.236411 0.369607 0.365141 0.457498 0.364818 0.473463 0.270274 0.239150 0.583946 0.422230 0.380823 0.498066 0.383469 0.114403 0.547748 0.254803 0.393712 0.577578 0.343043 0.477712 0.218085 0.469496 0.549438 0.297035
0.297694 0.305013 0.470061 0.446882 0.255400 0.446732 0.274406 0.356425 0.417306 0.168812 0.322803 0.457872 0.456806 0.415447 0.439091 0.194958 0.459283 0.489329 0.518341 0.493025 0.497460 0.419190 0.162175 0.408035 0.365167 0.318707 0.181065 0.565934 0.421320 0.144657 0.316307 0.561821 0.421525 0.442411 0.201147 0.261848 0.146072 0.400372 0.360139 0.365866 0.367967 0.341005 0.286754 0.474867 0.457773 0.427528 0.162453 0.204058 0.400112 0.276360 0.537880 0.380824 0.140802 0.459821 0.406458 0.360495 0.374401 0.423110 0.332018 0.585804 0.314624 0.493565 0.234723
0.464389 0.245862 0.426672 0.265783 0.251963 0.378705 0.224071 0.415780 0.398641 0.520411 0.298323 0.299049 0.397703 0.379922 0.428999 0.245609 0.291734 0.504094 0.390858 0.329168 0.253550 0.386069 0.381315 0.447249 0.400125 0.355868 0.239731 0.423326 0.338673 0.518626 0.267289 0.395773 0.245588 0.364694 0.447930 0.477955 0.442025 0.616639 0.319444 0.255190 0.389282 0.542273 0.272806 0.148210 0.334634 0.420988 0.235623 0.208859 0.355806 0.399925 0.329323 0.324916 0.397326 0.200795 0.311023 0.489336 0.337650 0.441268 0.336267 0.251967 0.342854 0.511718 0.420935
0.237276 0.111543 0.302068 0.309430 0.418663 0.305698 0.401082 0.326832 0.323500 0.484934 0.383089 0.402018 0.212930 0.395029 0.458723 0.202544 0.143560 0.394733 0.288191 0.332906 0.279419 0.392187 0.268928 0.488233 0.082938 0.343316 0.418274 0.412958 0.348177 0.382553 0.384273 0.339517 0.476389 0.345880 0.525966 0.594127 0.225594 0.435473 0.396925 0.277171 0.214257 0.282890 0.258451 0.233099 0.340352 0.356667 0.360299 0.403622 0.387090 0.588913 0.375876 0.318227 0.447970 0.587928 0.377080 0.324578 0.592906 0.459858 0.480271 0.225931 0.388935 0.359062 0.384363
0.358320 0.493077 0.339820 0.147654 0.267537 0.228900 0.323089 0.188790 0.445026 0.401511 0.296343 0.271339 0.370832 0.280222 0.275000 0.194484 0.331295 0.538072 0.204606 0.397920 0.355134 0.601888 0.360381 0.393093 0.464141 0.275834 0.320590 0.392541 0.413411 0.504412 0.232706 0.461727 0.294060 0.472500 0.228483 0.085004 0.436306 0.488209 0.198306 0.411488 0.319969 0.277962 0.349254 0.393489 0.298020 0.466610 0.493638 0.358555 0.241443 0.171541 0.349812 0.483086 0.030378 0.402244 0.309139 0.388039 0.253626 0.518188 0.427913 0.362503 0.510707 0.507879 0.498813
