DEPONS-master/data/CentralBaltic/prey0000_01.asc
NCOLS 400 
NROWS 400 
XLLCORNER 4750000.0 
YLLCORNER 3200000.0 
CELLSIZE 1000.0 
NODATA_value -9999 
[rows 112 to 139 of 400, columns 189 to 251 of 400]
0.067010 0.225926 0.247517 0.276839 0.337778 0.046223 0.263100 0.319668 0.381083 0.568482 0.255589 0.141930 0.128046 0.087673 0.428905 0.262549 0.205846 0.249575 0.363551 0.120996 0.230304 0.169789 0.314093 0.202597 0.183393 0.127646 0.229732 0.191466 0.302003 0.309638 0.210539 0.138448 0.209247 0.366975 0.224809 0.340894 0.169965 0.079806 0.207998 0.007498 0.030104 0.326899 0.158208 0.330161 0.000000 0.364006 0.260328 0.225920 0.311347 0.000000 0.319991 0.189422 0.214666 0.259597 0.230801 0.515041 0.299064 0.467420 0.181058 0.375310 0.295288 0.256626 0.155770
0.198195 0.467508 0.286373 0.234606 0.285062 0.223065 0.028087 0.257431 0.347254 0.170156 0.228708 0.422263 0.149297 0.266439 0.305096 0.407443 0.333969 0.449510 0.141155 0.255866 0.352344 0.317406 0.139321 0.292597 0.107825 0.149073 0.331531 0.020953 0.500781 0.197501 0.418927 0.191547 0.287004 0.426590 0.229698 0.443625 0.311525 0.196845 0.076624 0.177009 0.206950 0.127740 0.187871 0.200598 0.082250 0.000000 0.305818 0.262544 0.001617 0.295418 0.201551 0.319877 0.181093 0.183603 0.250400 0.232825 0.222066 0.269890 0.253251 0.292007 0.218408 0.224820 0.000000
0.434160 0.230264 0.179102 0.218832 0.181716 0.160273 0.344311 0.319150 0.304884 0.278236 0.211799 0.141986 0.560420 0.222708 0.160983 0.188901 0.413824 0.207999 0.144707 0.269021 0.129723 0.025349 0.396622 0.100716 0.320815 0.076360 0.269638 0.205386 0.308047 0.420020 0.079978 0.246594 0.054938 0.185661 0.175617 0.336335 0.206624 0.250508 0.124765 0.071544 0.458357 0.404592 0.195200 0.149810 0.304229 0.274365 0.162228 0.072570 0.397764 0.270307 0.351580 0.496641 0.093930 0.169992 0.306705 0.407229 0.179212 0.312739 0.040593 0.170986 0.243516 0.301592 0.276903
0.261958 0.207433 0.293750 0.515701 0.490468 0.108255 0.228052 0.210868 0.164175 0.326494 0.363978 0.137269 0.299527 0.077083 0.302005 0.173013 0.146407 0.262812 0.282615 0.307367 0.146087 0.403544 0.255482 0.218053 0.353241 0.224433 0.232985 0.360254 0.072518 0.157096 0.202111 0.139611 0.230366 0.131753 0.189309 0.287854 0.095970 0.067226 0.375245 0.231000 0.274965 0.385940 0.524585 0.034007 0.213321 0.343862 0.213139 0.484657 0.325966 0.190198 0.191574 0.057572 0.144659 0.159684 0.294382 0.092458 0.093794 0.343113 0.498185 0.221468 0.142875 0.320519 0.019995
0.237700 0.262127 0.235236 0.354237 0.345378 0.147741 0.155744 0.166925 0.000141 0.291584 0.311199 0.120178 0.157942 0.084551 0.342941 0.132278 0.178801 0.221895 0.232020 0.220297 0.417723 0.257574 0.409253 0.314426 0.098806 0.032539 0.142639 0.260061 0.153841 0.103968 0.120397 0.243525 0.092355 0.329904 0.157353 0.123900 0.221540 0.221475 0.347267 0.286433 0.277009 0.416751 0.238865 0.296229 0.307175 0.406959 0.317165 0.005014 0.254331 0.270724 0.392997 0.236971 0.456563 0.065565 0.402723 0.026553 0.283943 0.426578 0.374161 0.397472 0.304870 0.101326 0.283968
0.282936 0.224830 0.149894 0.179447 0.317522 0.501937 0.326105 0.255694 0.201532 0.183098 0.331970 0.224384 0.276244 0.337332 0.295998 0.264621 0.284258 0.233674 0.143309 0.433756 0.296719 0.220330 0.170101 0.249867 0.195777 0.286765 0.442988 0.217901 0.164339 0.274737 0.311845 0.246798 0.386576 0.101847 0.202534 0.101481 0.093448 0.240502 0.134342 0.403881 0.118232 0.161647 0.316578 0.244151 0.170646 0.317256 0.067956 0.200061 0.288435 0.185528 0.145404 0.239116 0.415184 0.258033 0.265200 0.324558 0.131696 0.356608 0.347936 0.158936 0.250837 0.387113 0.232887
0.381470 0.354887 0.384661 0.175126 0.256257 0.205197 0.375429 0.398191 0.144268 0.416200 0.174865 0.084567 0.182894 0.284386 0.046966 0.200161 0.505455 0.000000 0.301358 0.378316 0.049124 0.284701 0.000000 0.112576 0.216596 0.258518 0.207330 0.417487 0.289276 0.312956 0.159272 0.370570 0.152702 0.155679 0.177410 0.312011 0.160492 0.216754 0.259783 0.237997 0.201405 0.282130 0.232888 0.029226 0.267753 0.176976 0.215982 0.224782 0.327652 0.304750 0.370676 0.300714 0.154906 0.210024 0.030344 0.290841 0.277653 0.259047 0.405131 0.189923 0.329205 0.101073 0.255179
0.016683 0.000000 0.291886 0.192571 0.000000 0.286563 0.272755 0.405303 0.009833 0.449836 0.258333 0.270232 0.163733 0.140461 0.191585 0.254749 0.108612 0.225956 0.219433 0.174763 0.362499 0.175223 0.152554 0.106632 0.277230 0.276559 0.348377 0.394580 0.229879 0.202969 0.223513 0.270493 0.337978 0.404985 0.185095 0.284628 0.000000 0.133927 0.124842 0.187557 0.302211 0.202333 0.175143 0.044367 0.194807 0.234158 0.143934 0.170216 0.338969 0.146616 0.283921 0.156212 0.237548 0.318643 0.257878 0.297544 0.193442 0.201332 0.261514 0.120877 0.307720 0.073365 0.191898
0.159322 0.232965 0.365557 0.135700 0.371586 0.240022 0.367852 0.243626 0.284935 0.502644 0.266105 0.185849 0.167986 0.000000 0.113175 0.359698 0.023942 0.372540 0.323461 0.214449 0.230366 0.000000 0.261956 0.363464 0.464437 0.147862 0.159403 0.246778 0.061529 0.265443 0.034074 0.143979 0.251238 0.360435 0.237269 0.300973 0.329993 0.334125 0.263579 0.250778 0.413125 0.387093 0.480776 0.325844 0.299088 0.044238 0.199707 0.459989 0.164676 0.443351 0.275580 0.103677 0.356984 0.216405 0.003301 0.276720 0.222490 0.305525 0.227559 0.265698 0.272197 0.195047 0.373761
0.334916 0.341761 0.245012 0.398084 0.407769 0.357643 0.182818 0.397126 0.271458 0.358857 0.164100 0.231403 0.404384 0.283970 0.298944 0.266514 0.380225 0.301359 0.231309 0.404703 0.088103 0.175496 0.377522 0.315144 0.267488 0.139498 0.463933 0.001918 0.377934 0.216873 0.144065 0.232140 0.284999 0.457241 0.414233 0.323121 0.222376 0.234041 0.114089 0.151677 0.090677 0.275635 0.281078 0.450320 0.288451 0.138353 0.254075 0.376750 0.345517 0.408698 0.000000 0.405455 0.281161 0.066843 0.283579 0.353772 0.296614 0.242742 0.032890 0.440441 0.305635 0.210185 0.153488
0.052104 0.100499 0.180824 0.179721 0.365623 0.180485 0.200892 0.042803 0.126301 0.344687 0.172855 0.120141 0.194107 0.122253 0.182223 0.399876 0.216651 0.389501 0.152165 0.196813 0.314960 0.513011 0.270529 0.210287 0.283163 0.272222 0.288401 0.442329 0.096187 0.344899 0.396292 0.204002 0.243242 0.270017 0.000000 0.449152 0.294285 0.332217 0.237996 0.057988 0.241688 0.263606 0.214892 0.307536 0.300733 0.363208 0.168253 0.553259 0.137791 0.286268 0.194203 0.207362 0.295185 0.133975 0.281594 0.215630 0.245287 0.240325 0.224765 0.247260 0.106523 0.318940 0.266047
0.268966 0.438098 0.334376 0.274705 0.319636 0.355763 0.081185 0.378154 0.396328 0.450290 0.268956 0.421585 0.452251 0.454844 0.320233 0.445124 0.209156 0.008863 0.257810 0.238987 0.238975 0.201754 0.101206 0.277414 0.324807 0.250712 0.328830 0.354149 0.162911 0.374887 0.224950 0.329915 0.352010 0.250004 0.339021 0.208835 0.426407 0.000000 0.229583 0.245723 0.320662 0.324996 0.334528 0.238776 0.091602 0.352199 0.190122 0.034241 0.278416 0.319376 0.316911 0.297794 0.156993 0.164382 0.394664 0.317583 0.344486 0.488847 0.177077 0.296148 0.256925 0.250969 0.379858
0.361664 0.235248 0.207280 0.375825 0.277235 0.273544 0.312109 0.131271 0.254032 0.270354 0.097632 0.028316 0.149848 0.000000 0.209696 0.098755 0.119140 0.330190 0.451122 0.246036 0.282552 0.159726 0.345358 0.139857 0.362500 0.141842 0.217030 0.212665 0.261675 0.277405 0.261778 0.335081 0.426845 0.295318 0.417299 0.297299 0.073921 0.219391 0.293413 0.194976 0.168743 0.302190 0.359950 0.508549 0.415845 0.116629 0.064666 0.105722 0.371987 0.306535 0.279463 0.155632 0.368188 0.266470 0.246117 0.220275 0.085057 0.154894 0.133981 0.374731 0.138368 0.269544 0.276018
0.059130 0.133234 0.234183 0.233467 0.393994 0.080797 0.264877 0.099154 0.142545 0.267592 0.594548 0.117137 0.063676 0.260055 0.329342 0.245630 0.286874 0.129061 0.085332 0.185276 0.241021 0.189168 0.247323 0.153346 0.182707 0.279091 0.307799 0.120178 0.247122 0.235111 0.269050 0.431252 0.320511 0.173269 0.192251 0.192029 0.307402 0.105362 0.122857 0.282780 0.097621 0.331973 0.421455 0.279740 0.155511 0.368644 0.210955 0.350743 0.199557 0.584028 0.193890 0.205123 0.237466 0.212934 0.291810 0.193792 0.396948 0.060854 0.113386 0.150322 0.207048 0.100402 0.232928
0.231280 0.356315 0.317362 0.406496 0.245530 0.141758 0.029081 0.345758 0.196548 0.387690 0.091672 0.223235 0.200059 0.215669 0.129681 0.400435 0.096696 0.180104 0.297127 0.338106 0.000000 0.069787 0.250467 0.307557 0.228985 0.183654 0.198158 0.304086 0.151914 0.238856 0.140677 0.258095 0.250716 0.372147 0.399213 0.254686 0.422215 0.181643 0.061233 0.277017 0.323836 0.238616 0.214328 0.225798 0.393975 0.173529 0.127192 0.127867 0.226690 0.286994 0.433840 0.119906 0.000000 0.267258 0.358979 0.182955 0.300554 0.092358 0.217747 0.272359 0.419068 0.000000 0.319403
0.308766 0.052418 0.375978 0.345214 0.332218 0.368377 0.023064 0.362537 0.159090 0.175589 0.260860 0.000000 0.404541 0.259025 0.250942 0.384777 0.297668 0.067182 0.299196 0.262532 0.358887 0.176123 0.020269 0.254628 0.315264 0.296462 0.123985 0.185450 0.293941 0.278502 0.102242 0.076622 0.408806 0.373063 0.080196 0.540286 0.118972 0.248587 0.217417 0.249782 0.069207 0.225232 0.472777 0.197251 0.100291 0.156692 0.000000 0.261924 0.149753 0.068196 0.421700 0.193921 0.308336 0.448564 0.122554 0.498792 0.100300 0.181395 0.091663 0.326797 0.254322 0.323767 0.338943
0.374426 0.237501 0.179531 0.329349 0.393779 0.303589 0.223241 0.436912 0.366042 0.370809 0.310752 0.278532 0.247309 0.376482 0.364955 0.240983 0.226950 0.272162 0.333992 0.254355 0.202925 0.267604 0.266550 0.069999 0.339101 0.206043 0.274851 0.068263 0.208627 0.419759 0.148040 0.338902 0.202547 0.232778 0.062534 0.246565 0.209702 0.001450 0.189453 0.043292 0.112618 0.174208 0.210589 0.190642 0.349493 0.496735 0.106396 0.311296 0.342032 0.112642 0.238325 0.199784 0.112954 0.145680 0.263164 0.174583 0.114715 0.297156 0.204093 0.239831 0.263114 0.341548 0.142138
0.135353 0.332819 0.124329 0.514283 0.102983 0.266244 0.403519 0.248614 0.387527 0.176626 0.117768 0.444041 0.261411 0.257679 0.279948 0.347349 0.241420 0.334030 0.225030 0.363769 0.290084 0.364602 0.341469 0.275186 0.560319 0.102245 0.359050 0.179024 0.239439 0.414874 0.201909 0.086340 0.425779 0.345738 0.310886 0.163989 0.088598 0.012268 0.226209 0.112135 0.320087 0.528095 0.375805 0.322966 0.249670 0.316132 0.132529 0.214559 0.318465 0.357537 0.241991 0.266964 0.424778 0.125867 0.083734 0.000000 0.225379 0.189915 0.417953 0.102900 0.414898 0.258088 0.072516
0.195754 0.013634 0.294550 0.218812 0.119691 0.256372 0.224913 0.226288 0.067647 0.217473 0.146976 0.389826 0.200835 0.281730 0.230316 0.106314 0.152741 0.252683 0.198641 0.197619 0.214769 0.313175 0.223459 0.032221 0.224996 0.159014 0.211228 0.165767 0.281384 0.235338 0.046479 0.385925 0.179793 0.240833 0.235728 0.243183 0.075925 0.077861 0.174812 0.454661 0.225651 0.262621 0.352167 0.415657 0.275780 0.391882 0.292775 0.184365 0.293318 0.063063 0.166558 0.408914 0.252103 0.000000 0.077965 0.173923 0.474709 0.048499 0.118415 0.304222 0.194801 0.188919 0.263875
0.181478 0.204604 0.315328 0.366016 0.439325 0.130318 0.296062 0.463615 0.323613 0.217563 0.229594 0.113035 0.177027 0.022145 0.188497 0.166259 0.163957 0.254186 0.000000 0.195391 0.134622 0.138255 0.012022 0.147828 0.014835 0.395502 0.175981 0.376483 0.329687 0.140369 0.029342 0.114885 0.253557 0.337093 0.138099 0.452321 0.276113 0.365140 0.273504 0.258259 0.222396 0.393561 0.388649 0.098314 0.195223 0.022338 0.319559 0.265037 0.207181 0.045422 0.283131 0.060455 0.448513 0.573122 0.459455 0.200578 0.173531 0.164599 0.356423 0.285747 0.127835 0.447243 0.235776
0.062718 0.000000 0.328577 0.035142 0.204588 0.410657 0.260477 0.304170 0.094472 0.306761 0.302914 0.259096 0.373979 0.308070 0.211260 0.374993 0.218374 0.288566 0.253094 0.242429 0.261726 0.137434 0.247725 0.156801 0.087592 0.166862 0.282282 0.327052 0.161858 0.227395 0.123318 0.305898 0.272900 0.166168 0.180489 0.342733 0.140752 0.009067 0.276474 0.385671 0.162957 0.203528 0.271918 0.132409 0.198727 0.471500 0.108333 0.535230 0.252209 0.166807 0.190331 0.322023 0.392207 0.140638 0.204922 0.230850 0.089356 0.228532 0.266275 0.191447 0.478727 0.250090 0.428575
0.209670 0.321389 0.333604 0.267198 0.322215 0.217570 0.419070 0.124264 0.418417 0.164148 0.096791 0.106666 0.241542 0.426429 0.187359 0.242143 0.280212 0.312643 0.202020 0.098702 0.356611 0.306513 0.297664 0.236015 0.278543 0.148146 0.338102 0.213913 0.389415 0.161392 0.163217 0.286848 0.306923 0.238070 0.367928 0.337453 0.158739 0.029492 0.170995 0.169031 0.359513 0.165213 0.183699 0.126143 0.343132 0.289387 0.234585 0.188722 0.405292 0.205982 0.219570 0.198025 0.199877 0.162660 0.183677 0.415447 0.000000 0.272996 0.000000 0.447905 0.158567 0.346370 0.266717
0.303109 0.158873 0.178374 0.140484 0.477950 0.183555 0.112737 0.546752 0.294318 0.294950 0.416427 0.514728 0.530570 0.000000 0.323153 0.336913 0.234340 0.272913 0.238855 0.102000 0.153727 0.028136 0.228883 0.202694 0.344146 0.284704 0.289981 0.286689 0.414494 0.034989 0.421789 0.141617 0.209051 0.251911 0.119194 0.300733 0.220622 0.111612 0.126375 0.208226 0.102949 0.242609 0.202617 0.526938 0.195636 0.066410 0.180814 0.044175 0.151206 0.171330 0.253988 0.220918 0.053712 0.200022 0.050472 0.099355 0.053066 0.412714 0.250061 0.373196 0.129194 0.181546 0.305970
0.111597 0.203998 0.398485 0.270408 0.356133 0.238066 0.267475 0.393289 0.103376 0.371741 0.204220 0.484643 0.646465 0.170025 0.296278 0.381182 0.129056 0.123627 0.084645 0.345065 0.329313 0.364298 0.224608 0.171060 0.370480 0.000000 0.187345 0.247581 0.248041 0.140520 0.178710 0.378946 0.561969 0.158541 0.153251 0.105944 0.151123 0.118294 0.181078 0.216380 0.376463 0.035132 0.160279 0.414731 0.134142 0.110812 0.475202 0.264274 0.413930 0.232922 0.174042 0.274307 0.131954 0.382814 0.147793 0.158409 0.144164 0.201614 0.296215 0.486798 0.488885 0.182712 0.297043
0.000000 0.045505 0.300119 0.384277 0.287823 0.339658 0.272682 0.167358 0.119280 0.319958 0.137391 0.215195 0.031824 0.300458 0.331674 0.217637 0.366634 0.396827 0.370747 0.062880 0.146085 0.258243 0.244319 0.187670 0.302296 0.495844 0.000000 0.211469 0.298575 0.326996 0.388666 0.069755 0.465841 0.064430 0.236615 0.268541 0.394915 0.077441 0.358824 0.086601 0.357904 0.301023 0.282011 0.458753 0.245672 0.113435 0.255958 0.268843 0.224485 0.502225 0.260603 0.269964 0.241479 0.185450 0.320688 0.302202 0.246576 0.303446 0.277425 0.188885 0.109516 0.248279 0.203293
0.455137 0.182104 0.397218 0.130632 0.161254 0.214138 0.121827 0.237847 0.254577 0.096982 0.480333 0.306203 0.281029 0.152152 0.365368 0.182153 0.192351 0.091060 0.379744 0.170733 0.214683 0.161433 0.614707 0.291709 0.149259 0.217797 0.430880 0.260488 0.157559 0.139080 0.205265 0.168934 0.148811 0.299111 0.211840 0.103312 0.255149 0.280087 0.625119 0.266535 0.260480 0.083073 0.353215 0.251348 0.474435 0.562032 0.158220 0.210501 0.186822 0.012376 0.270003 0.192460 0.335122 0.006738 0.108799 0.379429 0.260437 0.187586 0.379879 0.492975 0.119241 0.228990 0.153213
0.322718 0.303474 0.520555 0.410100 0.144582 0.196682 0.337869 0.308604 0.377729 0.184967 0.437062 0.527841 0.152409 0.224382 0.376632 0.268394 0.100561 0.268935 0.235621 0.024031 0.309789 0.269217 0.402228 0.000000 0.271191 0.033011 0.173505 0.267532 0.141920 0.184465 0.014720 0.378999 0.000000 0.236997 0.220549 0.070178 0.251468 0.059664 0.258143 0.166767 0.244591 0.291509 0.301265 0.441828 0.265330 0.258723 0.222649 0.149032 0.115460 0.058655 0.139094 0.000000 0.273827 0.138123 0.445613 0.251049 0.269205 0.342994 0.044821 0.238187 0.166434 0.242248 0.201899
0.282768 0.245759 0.337268 0.086111 0.368215 0.450097 0.353714 0.369667 0.228138 0.315527 0.230235 0.219772 0.143577 0.181841 0.166731 0.322123 0.291673 0.352480 0.161225 0.160130 0.087025 0.392033 0.187769 0.364091 0.401177 0.130990 0.159746 0.166396 0.378710 0.114258 0.040086 0.381673 0.348637 0.205967 0.297908 0.487347 0.171182 0.180317 0.346047 0.156225 0.239766 0.095553 0.319779 0.020522 0.073994 0.216614 0.300368 0.228588 0.214213 0.128299 0.256637 0.388606 0.272121 0.182659 0.221875 0.495207 0.025240 0.263143 0.199050 0.194663 0.211914 0.325282 0.310492
