DEPONS-master/data/CentralBaltic/prey0000_01.asc
NCOLS 400 
NROWS 400 
XLLCORNER 4750000.0 
YLLCORNER 3200000.0 
CELLSIZE 1000.0 
NODATA_value -9999 
[rows 0 to 27 of 400, columns 0 to 62 of 400]
-9999 -9999 -9999 -9999 -9999 -9999 -9999 -9999 -9999 -9999 -9999 -9999 -9999 -9999 -9999 -9999 -9999 -9999 -9999 -9999 -9999 -9999 -9999 -9999 -9999 -9999 -9999 -9999 -9999 -9999 -9999 -9999 -9999 -9999 -9999 -9999 -9999 -9999 -9999 -9999 -9999 -9999 -9999 -9999 -9999 -9999 -9999 -9999 -9999 -9999 -9999 -9999 -9999 -9999 -9999 -9999 -9999 -9999 -9999 -9999 -9999 -9999 -9999
-9999 -9999 -9999 -9999 -9999 -9999 -9999 -9999 -9999 -9999 -9999 -9999 -9999 -9999 -9999 -9999 -9999 -9999 -9999 -9999 -9999 -9999 -9999 -9999 -9999 -9999 -9999 -9999 -9999 -9999 -9999 -9999 -9999 -9999 -9999 -9999 -9999 -9999 -9999 -9999 -9999 -9999 -9999 -9999 -9999 -9999 -9999 -9999 -9999 -9999 -9999 -9999 -9999 -9999 -9999 -9999 -9999 -9999 -9999 -9999 -9999 -9999 -9999
-9999 -9999 -9999 -9999 -9999 -9999 -9999 -9999 -9999 -9999 -9999 -9999 -9999 -9999 -9999 -9999 -9999 -9999 -9999 -9999 -9999 -9999 -9999 -9999 -9999 -9999 -9999 -9999 -9999 -9999 -9999 -9999 -9999 -9999 -9999 -9999 -9999 -9999 -9999 -9999 -9999 -9999 -9999 -9999 -9999 -9999 -9999 -9999 -9999 -9999 -9999 -9999 -9999 -9999 -9999 -9999 -9999 -9999 -9999 -9999 -9999 -9999 -9999
-9999 -9999 -9999 -9999 -9999 -9999 -9999 -9999 -9999 -9999 -9999 -9999 -9999 -9999 -9999 -9999 -9999 -9999 -9999 -9999 -9999 -9999 -9999 -9999 -9999 -9999 -9999 -9999 -9999 -9999 -9999 -9999 -9999 -9999 -9999 -9999 -9999 -9999 -9999 -9999 -9999 -9999 -9999 -9999 -9999 -9999 -9999 -9999 -9999 -9999 -9999 -9999 -9999 -9999 -9999 -9999 -9999 -9999 -9999 -9999 -9999 -9999 -9999
-9999 -9999 -9999 -9999 -9999 -9999 -9999 -9999 -9999 -9999 -9999 -9999 -9999 -9999 -9999 -9999 -9999 -9999 -9999 -9999 -9999 -9999 -9999 -9999 -9999 -9999 -9999 -9999 -9999 -9999 -9999 -9999 -9999 -9999 -9999 -9999 -9999 -9999 -9999 -9999 -9999 -9999 -9999 -9999 -9999 -9999 -9999 -9999 -9999 -9999 -9999 -9999 -9999 -9999 -9999 -9999 -9999 -9999 -9999 -9999 -9999 -9999 -9999
-9999 -9999 -9999 -9999 -9999 -9999 -9999 -9999 -9999 -9999 -9999 -9999 -9999 -9999 -9999 -9999 -9999 -9999 -9999 -9999 -9999 -9999 -9999 -9999 -9999 -9999 -9999 -9999 -9999 -9999 -9999 -9999 -9999 -9999 -9999 -9999 -9999 -9999 -9999 -9999 -9999 -9999 -9999 -9999 -9999 -9999 -9999 -9999 -9999 -9999 -9999 -9999 -9999 -9999 -9999 -9999 -9999 -9999 -9999 -9999 -9999 -9999 -9999
-9999 -9999 -9999 -9999 -9999 -9999 -9999 -9999 -9999 -9999 -9999 -9999 -9999 -9999 -9999 -9999 -9999 -9999 -9999 -9999 -9999 -9999 -9999 -9999 -9999 -9999 -9999 -9999 -9999 -9999 -9999 -9999 -9999 -9999 -9999 -9999 -9999 -9999 -9999 -9999 -9999 -9999 -9999 -9999 -9999 -9999 -9999 -9999 -9999 -9999 -9999 -9999 -9999 -9999 -9999 -9999 -9999 -9999 -9999 -9999 -9999 -9999 -9999
-9999 -9999 -9999 -9999 -9999 -9999 -9999 -9999 -9999 -9999 -9999 -9999 -9999 -9999 -9999 -9999 -9999 -9999 -9999 -9999 -9999 -9999 -9999 -9999 -9999 -9999 -9999 -9999 -9999 -9999 -9999 -9999 -9999 -9999 -9999 -9999 -9999 -9999 -9999 -9999 -9999 -9999 -9999 -9999 -9999 -9999 -9999 -9999 -9999 -9999 -9999 -9999 -9999 -9999 -9999 -9999 -9999 -9999 -9999 -9999 -9999 -9999 -9999
-9999 -9999 -9999 -9999 -9999 -9999 -9999 -9999 0.548491 0.312062 0.406756 0.384819 0.365957 0.274547 0.334483 0.652515 0.386532 0.370728 0.480518 0.262795 0.462419 0.255422 0.136214 0.518500 0.402011 0.247666 0.130184 0.311733 0.267156 0.372402 0.603461 0.438261 0.556544 0.296468 0.419515 0.300903 0.304413 0.390937 0.345082 0.304939 0.414637 0.495392 0.272149 0.436909 0.252859 0.431378 0.488891 0.213450 0.090092 0.476060 0.610945 0.048983 0.411932 0.339011 0.248417 0.261543 0.337326 0.297655 0.211230 0.184598 0.366721 0.267327 0.386175
-9999 -9999 -9999 -9999 -9999 -9999 -9999 -9999 0.243770 0.331974 0.405563 0.320112 0.384769 0.474969 0.229036 0.538323 0.195380 0.344501 0.209951 0.469843 0.494350 0.523976 0.323248 0.387135 0.327132 0.178771 0.461242 0.537301 0.564121 0.495192 0.341124 0.198685 0.473273 0.383976 0.107861 0.453809 0.345379 0.313356 0.310118 0.256943 0.358245 0.347839 0.378769 0.375119 0.427263 0.578771 0.296295 0.292657 0.501974 0.354072 0.532328 0.349213 0.282257 0.364838 0.497135 0.475018 0.427982 0.543724 0.029678 0.150054 0.429283 0.254930 0.297048
-9999 -9999 -9999 -9999 -9999 -9999 -9999 -9999 0.354971 0.261679 0.443049 0.507517 0.070506 0.322911 0.322197 0.534531 0.278170 0.464617 0.281715 0.450587 0.321297 0.461850 0.272411 0.259101 0.461308 0.476276 0.554498 0.247024 0.558144 0.299944 0.332354 0.467854 0.380606 0.319636 0.533416 0.275134 0.077427 0.305096 0.561975 0.278146 0.209540 0.377420 0.258607 0.183381 0.358094 0.414452 0.156925 0.498465 0.318436 0.437920 0.483328 0.384127 0.501084 0.404962 0.391800 0.447217 0.304265 0.379056 0.452067 0.389271 0.215111 0.540378 0.284891
-9999 -9999 -9999 -9999 -9999 -9999 -9999 -9999 0.357342 0.365564 0.556858 0.213808 0.317908 0.351735 0.439357 0.302715 0.269581 0.256404 0.396901 0.476912 0.326031 0.258078 0.290771 0.349308 0.210781 0.359748 0.188269 0.316406 0.214280 0.453390 0.502493 0.404742 0.491761 0.189953 0.246897 0.264378 0.367689 0.118474 0.316161 0.302995 0.313816 0.389131 0.244256 0.264303 0.492290 0.440334 0.519468 0.231317 0.359465 0.490888 0.354907 0.467846 0.422978 0.579469 0.398277 0.393218 0.537349 0.510419 0.339998 0.536602 0.320885 0.550498 0.381258
-9999 -9999 -9999 -9999 -9999 -9999 -9999 -9999 0.372502 0.315936 0.453179 0.390833 0.435562 0.420300 0.260899 0.312467 0.304491 0.280240 0.553879 0.585616 0.341697 0.387600 0.204634 0.398920 0.239854 0.387555 0.495830 0.284841 0.406493 0.150051 0.405277 0.524178 0.379638 0.270360 0.455609 0.203266 0.515526 0.281601 0.453946 0.295551 0.512925 0.138825 0.336465 0.410838 0.246233 0.243241 0.170352 0.310584 0.421479 0.450277 0.357589 0.508733 0.387412 0.651732 0.543671 0.497456 0.343161 0.246199 0.303086 0.255754 0.405125 0.265988 0.322632
-9999 -9999 -9999 -9999 -9999 -9999 -9999 -9999 0.463918 0.501202 0.422906 0.407166 0.338968 0.198287 0.402191 0.212489 0.399113 0.318550 0.397605 0.270033 0.161940 0.340632 0.330083 0.444920 0.425860 0.340589 0.123799 0.503104 0.368687 0.367431 0.372092 0.138708 0.250287 0.642525 0.597356 0.395709 0.322650 0.205326 0.253634 0.350550 0.407421 0.380211 0.319913 0.117230 0.386247 0.355180 0.243882 0.419168 0.272190 0.379103 0.471326 0.369290 0.376657 0.389910 0.362075 0.417235 0.226483 0.225259 0.343581 0.412644 0.260022 0.223542 0.290635
-9999 -9999 -9999 -9999 -9999 -9999 -9999 -9999 0.446319 0.331123 0.473685 0.344481 0.470490 0.275435 0.474558 0.314002 0.081329 0.155111 0.439547 0.544204 0.123671 0.411237 0.128643 0.447776 0.339147 0.238988 0.231478 0.225038 0.313774 0.223512 0.193801 0.260166 0.326916 0.443281 0.348119 0.050817 0.318714 0.581620 0.535980 0.539859 0.433088 0.315010 0.327163 0.157026 0.200239 0.327833 0.406624 0.380432 0.285037 0.283220 0.316475 0.371656 0.205761 0.548705 0.181195 0.275447 0.425287 0.292926 0.411839 0.185704 0.298490 0.295698 0.201307
-9999 -9999 -9999 -9999 -9999 -9999 -9999 -9999 0.388357 0.365417 0.340848 0.169879 0.314298 0.301317 0.473781 0.258868 0.463249 0.170982 0.171637 0.273882 0.000000 0.323218 0.486293 0.140562 0.046914 0.224288 0.450615 0.432557 0.415848 0.304234 0.304616 0.023589 0.477573 0.384740 0.491197 0.412909 0.357511 0.391760 0.274358 0.301112 0.450587 0.285580 0.496321 0.486511 0.194844 0.318044 0.216811 0.101160 0.407278 0.421626 0.114670 0.365322 0.323396 0.256287 0.584894 0.422038 0.332446 0.344224 0.158957 0.269768 0.352914 0.315054 0.643669
-9999 -9999 -9999 -9999 -9999 -9999 -9999 -9999 0.178541 0.432726 0.276686 0.173667 0.221821 0.351102 0.245966 0.416116 0.393092 0.422039 0.428764 0.211249 0.497235 0.338195 0.359378 0.321258 0.349225 0.569399 0.781894 0.452676 0.490328 0.320145 0.198598 0.311805 0.315581 0.433325 0.339142 0.171792 0.536332 0.338772 0.417008 0.555303 0.547379 0.346174 0.427657 0.247912 0.519828 0.215690 0.291018 0.347542 0.434944 0.417164 0.449222 0.527097 0.286132 0.476998 0.327399 0.336784 0.454281 0.255667 0.489832 0.293478 0.433450 0.343359 0.104676
-9999 -9999 -9999 -9999 -9999 -9999 -9999 -9999 0.457990 0.329768 0.350087 0.410120 0.415617 0.157159 0.360016 0.329766 0.551669 0.219829 0.359639 0.409472 0.210791 0.330440 0.537950 0.500195 0.375416 0.479271 0.226316 0.358720 0.285829 0.457926 0.230625 0.357480 0.544838 0.666144 0.368469 0.582917 0.286441 0.475061 0.360130 0.266660 0.400703 0.259439 0.334659 0.304351 0.379516 0.197755 0.323601 0.221789 0.411689 0.345147 0.361927 0.471897 0.176422 0.500105 0.351890 0.327133 0.238265 0.335200 0.329766 0.345849 0.321850 0.401562 0.504798
-9999 -9999 -9999 -9999 -9999 -9999 -9999 -9999 0.257064 0.238781 0.360703 0.406582 0.421248 0.309554 0.218471 0.401800 0.291989 0.356786 0.371869 0.412433 0.220126 0.406579 0.301860 0.353942 0.061165 0.287394 0.258668 0.456503 0.425015 0.310631 0.338788 0.263450 0.306794 0.409405 0.448575 0.062997 0.263189 0.369370 0.347656 0.376173 0.376051 0.279143 0.219754 0.246588 0.502570 0.321108 0.239692 0.216203 0.346288 0.134760 0.225321 0.384200 0.452422 0.303899 0.315165 0.208540 0.264342 0.331421 0.324037 0.476261 0.324124 0.370296 0.378653
-9999 -9999 -9999 -9999 -9999 -9999 -9999 -9999 0.516289 0.437287 0.527118 0.362019 0.322331 0.289607 0.402823 0.389387 0.288981 0.390712 0.444610 0.499478 0.450635 0.388998 0.173640 0.319028 0.335243 0.148293 0.460878 0.339015 0.458028 0.402688 0.576420 0.448643 0.265275 0.377258 0.242672 0.118915 0.126549 0.475412 0.483730 0.312591 0.250694 0.340541 0.327817 0.296742 0.258228 0.269899 0.230437 0.180204 0.620652 0.390768 0.539201 0.341365 0.340718 0.266169 0.442154 0.427814 0.349452 0.441866 0.517183 0.343469 0.235262 0.394919 0.261713
-9999 -9999 -9999 -9999 -9999 -9999 -9999 -9999 0.364759 0.322997 0.456771 0.376964 0.477814 0.248710 0.435289 0.237280 0.359641 0.310951 0.286562 0.171037 0.291134 0.094459 0.391341 0.420165 0.382293 0.343394 0.647818 0.307933 0.468556 0.271619 0.293997 0.552891 0.132875 0.140504 0.359185 0.395959 0.292688 0.232684 0.244127 0.353897 0.382860 0.288257 0.191944 0.395219 0.207550 0.369952 0.296573 0.213363 0.434677 0.507515 0.370530 0.480166 0.297102 0.431038 0.351363 0.195874 0.211088 0.343429 0.515577 0.335176 0.323463 0.396654 0.251922
-9999 -9999 -9999 -9999 -9999 -9999 -9999 -9999 0.162212 0.414816 0.435987 0.243787 0.307310 0.155397 0.206095 0.378170 0.218593 0.416804 0.207677 0.415152 0.439046 0.258151 0.367394 0.397771 0.405063 0.401045 0.394481 0.291940 0.420116 0.396960 0.274512 0.353998 0.337583 0.205461 0.177209 0.272199 0.338549 0.274776 0.349219 0.338356 0.310368 0.359481 0.213694 0.310452 0.287881 0.214565 0.112564 0.342137 0.334676 0.279200 0.150041 0.311409 0.423502 0.182077 0.537566 0.366943 0.261381 0.144320 0.279134 0.374263 0.242821 0.518247 0.287204
-9999 -9999 -9999 -9999 -9999 -9999 -9999 -9999 0.378828 0.372504 0.382071 0.384334 0.323361 0.475357 0.293678 0.250968 0.353117 0.447025 0.541002 0.283525 0.404750 0.335915 0.620899 0.315641 0.110823 0.504877 0.203983 0.353717 0.295883 0.519385 0.558796 0.350501 0.284926 0.233836 0.259252 0.521057 0.556719 0.300588 0.308015 0.436104 0.301256 0.240557 0.179269 0.265013 0.332957 0.202363 0.189915 0.271908 0.266828 0.574810 0.580728 0.086584 0.381838 0.523460 0.241084 0.552469 0.235580 0.164774 0.355422 0.400751 0.283047 0.383483 0.382148
-9999 -9999 -9999 -9999 -9999 -9999 -9999 -9999 0.406037 0.344346 0.495663 0.371516 0.417086 0.528396 0.290451 0.515923 0.416414 0.554814 0.361296 0.240393 0.245344 0.327689 0.583198 0.280402 0.488289 0.221979 0.354829 0.281527 0.486327 0.208728 0.333008 0.414822 0.139606 0.450374 0.261032 0.664722 0.377635 0.553524 0.371493 0.557547 0.225105 0.159241 0.357371 0.464150 0.284102 0.323986 0.574829 0.392170 0.202255 0.401238 0.334843 0.216776 0.212961 0.452453 0.308199 0.411718 0.314600 0.352371 0.138505 0.362239 0.320783 0.263440 0.356895
-9999 -9999 -9999 -9999 -9999 -9999 -9999 -9999 0.362415 0.418550 0.262670 0.224968 0.396378 0.082269 0.045846 0.242985 0.410892 0.350768 0.274567 0.341656 0.054787 0.470311 0.356045 0.501797 0.329878 0.500796 0.513515 0.640864 0.252849 0.233829 0.383541 0.334831 0.171049 0.219988 0.487435 0.387195 0.237125 0.209170 0.223170 0.133857 0.178961 0.271905 0.633005 0.335764 0.140854 0.308071 0.365916 0.379129 0.253887 0.538483 0.219456 0.386413 0.337430 0.400306 0.395158 0.104654 0.312424 0.363345 0.278855 0.207255 0.448534 0.485841 0.231078
-9999 -9999 -9999 -9999 -9999 -9999 -9999 -9999 0.303790 0.389404 0.221022 0.372516 0.255166 0.337925 0.291662 0.328857 0.366151 0.479449 0.362109 0.325012 0.270464 0.278559 0.485053 0.243007 0.337665 0.086307 0.292832 0.353378 0.199283 0.360151 0.415375 0.319945 0.573381 0.485221 0.460474 0.332929 0.357697 0.362273 0.144983 0.138162 0.324607 0.381339 0.281916 0.308285 0.275822 0.311126 0.293459 0.430286 0.197927 0.310753 0.389077 0.106789 0.450878 0.362013 0.470208 0.317771 0.291266 0.389872 0.453531 0.353836 0.278587 0.368515 0.532754
-9999 -9999 -9999 -9999 -9999 -9999 -9999 -9999 0.338833 0.282098 0.344910 0.181557 0.277432 0.138792 0.453902 0.384588 0.399951 0.485489 0.427251 0.227820 0.475766 0.534523 0.258642 0.415572 0.339698 0.341963 0.310232 0.444417 0.342956 0.365685 0.551220 0.176946 0.199837 0.189788 0.294617 0.389348 0.245583 0.347138 0.156023 0.249408 0.398119 0.272304 0.188173 0.279778 0.411430 0.271063 0.462440 0.376940 0.151307 0.505539 0.038064 0.092996 0.300437 0.182701 0.254049 0.293336 0.339423 0.225939 0.409900 0.242639 0.266373 0.399216 0.350116
-9999 -9999 -9999 -9999 -9999 -9999 -9999 -9999 0.186047 0.623797 0.336820 0.321269 0.253778 0.405344 0.300984 0.445031 0.408488 0.474240 0.296293 0.282385 0.340835 0.358788 0.175744 0.342398 0.458406 0.157210 0.230109 0.542910 0.119282 0.580625 0.252639 0.402935 0.127051 0.345784 0.533370 0.363740 0.265140 0.461915 0.235996 0.427423 0.267142 0.311245 0.524580 0.407562 0.117365 0.323090 0.356653 0.390712 0.272956 0.481591 0.586958 0.445611 0.498069 0.395532 0.325648 0.365761 0.236370 0.399015 0.499490 0.344445 0.385731 0.541818 0.230793
