DEPONS-master/data/CentralBaltic/prey0000_12.asc
NCOLS 400 
NROWS 400 
XLLCORNER 4750000.0 
YLLCORNER 3200000.0 
CELLSIZE 1000.0 
NODATA_value -9999 
[rows 224 to 251 of 400, columns 252 to 314 of 400]
0.381925 0.314729 0.326705 0.345938 0.280956 0.342732 0.244621 0.174943 0.140156 0.243334 0.273743 0.236098 0.157885 0.199530 0.245137 0.013816 0.426799 0.503020 0.238936 0.218367 0.158832 0.297786 0.096436 0.317225 0.251614 0.226871 0.172830 0.244971 0.294540 0.315848 0.224954 0.254459 0.230631 0.216799 0.222868 0.262863 0.163213 0.210685 0.237609 0.199084 0.202120 0.138109 0.147365 0.225318 0.261354 0.351479 0.245978 0.316128 0.426354 0.293026 0.167420 0.157498 0.277692 0.146951 0.170664 0.141359 0.409076 0.318397 0.323054 0.211410 0.127355 0.313074 0.098384
0.115340 0.297905 0.147049 0.132123 0.158940 0.195688 0.213303 0.147211 0.377587 0.286362 0.188111 0.174769 0.096006 0.293313 0.166730 0.077826 0.046225 0.208961 0.326513 0.275127 0.162887 0.127226 0.159553 0.173842 0.046769 0.256437 0.165247 0.067334 0.421743 0.293462 0.417637 0.234249 0.044613 0.000000 0.279896 0.152106 0.201197 0.359629 0.273761 0.225404 0.126719 0.207054 0.212783 0.204018 0.189572 0.309696 0.293000 0.241922 0.275558 0.145608 0.250546 0.147612 0.242496 0.197675 0.300422 0.337774 0.210316 0.199623 0.326315 0.385646 0.322058 0.204290 0.310323
0.046859 0.137400 0.174625 0.174479 0.149434 0.169214 0.186301 0.241492 0.164634 0.370775 0.034804 0.225313 0.352216 0.201105 0.077506 0.151689 0.450590 0.241170 0.191040 0.112254 0.427445 0.115791 0.124902 0.067223 0.099879 0.415536 0.075395 0.160811 0.133727 0.412562 0.304317 0.062347 0.262274 0.276208 0.281549 0.293638 0.000000 0.137737 0.054402 0.571724 0.200830 0.195285 0.338249 0.071349 0.242468 0.345060 0.307468 0.192121 0.322458 0.279754 0.256814 0.210289 0.426273 0.138211 0.181130 0.114447 0.142628 0.204427 0.265667 0.084893 0.202998 0.441482 0.151585
0.207597 0.206523 0.187230 0.166292 0.361248 0.251517 0.216800 0.278895 0.201690 0.127072 0.044600 0.272564 0.330415 0.355208 0.022521 0.174214 0.217637 0.186855 0.380863 0.140827 0.119913 0.117577 0.399761 0.069991 0.319703 0.306658 0.242000 0.238047 0.096742 0.222432 0.139208 0.133204 0.216567 0.045665 0.374018 0.219243 0.219927 0.099988 0.245095 0.201816 0.209724 0.113546 0.226783 0.329842 0.181094 0.090960 0.003320 0.280665 0.000000 0.143247 0.148975 0.070145 0.216849 0.231271 0.067036 0.276711 0.083413 0.187768 0.399799 0.221519 0.362456 0.244185 0.244000
0.152933 0.088903 0.204708 0.148627 0.271641 0.396370 0.348532 0.215935 0.363069 0.033002 0.128547 0.311824 0.289514 0.120216 0.019423 0.187556 0.250670 0.407054 0.449842 0.143119 0.368988 0.233800 0.270510 0.488160 0.081973 0.411233 0.325407 0.194709 0.259924 0.188711 0.136689 0.214078 0.074019 0.503733 0.418287 0.301853 0.212397 0.261634 0.097307 0.248798 0.144456 0.117356 0.348503 0.367991 0.162515 0.410732 0.179540 0.060985 0.236501 0.230532 0.335505 0.013582 0.128905 0.324669 0.295299 0.209738 0.097273 0.190477 0.314905 0.063141 0.155648 0.235619 0.000000
0.339983 0.325558 0.044541 0.369457 0.262676 0.200689 0.132399 0.151362 0.399216 0.325110 0.247141 0.232034 0.224577 0.215765 0.290395 0.196933 0.175109 0.262169 0.204837 0.314465 0.093876 0.311596 0.316394 0.201864 0.088566 0.260757 0.289357 0.205298 0.098879 0.172435 0.312675 0.211529 0.313019 0.158362 0.129095 0.105445 0.232716 0.180658 0.338122 0.261922 0.197686 0.450569 0.332093 0.363754 0.394263 0.274546 0.437732 0.078526 0.161447 0.293408 0.174915 0.274168 0.211829 0.000000 0.271984 0.291710 0.335741 0.204806 0.392309 0.528245 0.057062 0.213570 0.258134
0.149673 0.284260 0.142278 0.276505 0.210708 0.366819 0.221840 0.337629 0.085864 0.436148 0.196045 0.131903 0.086886 0.191308 0.171565 0.222541 0.421590 0.375552 0.142033 0.140053 0.291210 0.317259 0.232106 0.191373 0.320772 0.201946 0.199394 0.175781 0.251776 0.281132 0.337874 0.261264 0.373112 0.114927 0.303055 0.378361 0.210961 0.231854 0.000000 0.069933 0.321567 0.433934 0.203225 0.383845 0.165741 0.123195 0.178086 0.215569 0.178615 0.000000 0.327214 0.202806 0.203435 0.186229 0.120278 0.303619 0.165828 0.374827 0.118621 0.231637 0.049702 0.189084 0.332649
0.059423 0.116170 0.118706 0.181755 0.286313 0.555707 0.187775 0.145174 0.298779 0.303450 0.191300 0.139265 0.247350 0.373706 0.140436 0.163421 0.281862 0.265257 0.427143 0.176623 0.061586 0.093484 0.454918 0.201624 0.275209 0.363234 0.172952 0.274912 0.138720 0.383622 0.178872 0.017232 0.291893 0.199467 0.148201 0.166034 0.200332 0.142490 0.456728 0.055216 0.248028 0.297404 0.246337 0.432810 0.216779 0.273980 0.360020 0.064067 0.314150 0.173347 0.144727 0.263882 0.135192 0.314218 0.192434 0.195423 0.366660 0.262148 0.006468 0.101629 0.250027 0.000000 0.000000
0.274290 0.339493 0.234845 0.363744 0.172059 0.189441 0.137883 0.172549 0.181062 0.289089 0.246587 0.146884 0.089286 0.324614 0.218519 0.202192 0.279368 0.317619 0.205703 0.304422 0.150374 0.121177 0.300746 0.288344 0.223216 0.343451 0.094679 0.000000 0.303567 0.316179 0.138397 0.139226 0.174479 0.219611 0.176049 0.161518 0.323581 0.015713 0.022502 0.146691 0.267758 0.248085 0.000000 0.138180 0.153876 0.188681 0.067544 0.313630 0.328168 0.000000 0.287803 0.392241 0.334975 0.115494 0.202940 0.245847 0.218561 0.496390 0.185466 0.282175 0.297941 0.168653 0.418652
0.325434 0.273230 0.396041 0.170758 0.073524 0.240012 0.340800 0.225820 0.271702 0.319313 0.000000 0.224462 0.364248 0.168710 0.057685 0.226796 0.427319 0.221091 0.126788 0.000000 0.152869 0.311824 0.177839 0.000000 0.209887 0.357813 0.255984 0.078749 0.158084 0.397603 0.024032 0.132215 0.048640 0.205699 0.119795 0.156546 0.277319 0.109776 0.299738 0.000000 0.294264 0.339826 0.284268 0.248504 0.314468 0.342141 0.203166 0.295249 0.000000 0.278046 0.240319 0.234782 0.197047 0.000000 0.270208 0.115155 0.280381 0.236303 0.369623 0.285638 0.341073 0.226998 0.254334
0.274141 0.435138 0.235043 0.394304 0.031159 0.088588 0.054715 0.247832 0.335651 0.330243 0.201327 0.132036 0.260036 0.342760 0.258774 0.423602 0.184658 0.356040 0.111534 0.143753 0.207228 0.284274 0.141910 0.175809 0.185491 0.168866 0.227263 0.278393 0.207520 0.222077 0.058195 0.163866 0.080025 0.179497 0.078812 0.191734 0.513053 0.396289 0.337049 0.337098 0.298798 0.200892 0.111359 0.260958 0.197532 0.203301 0.000000 0.168949 0.047675 0.188951 0.275452 0.449043 0.063949 0.191205 0.271157 0.297919 0.196495 0.001400 0.056150 0.000000 0.033888 0.191317 0.156632
0.155036 0.200859 0.186614 0.008149 0.274195 0.197015 0.321988 0.373695 0.141602 0.126248 0.346940 0.057836 0.089730 0.227832 0.314165 0.204019 0.190046 0.325926 0.214778 0.164412 0.410679 0.351080 0.325348 0.393399 0.302167 0.398968 0.040769 0.142111 0.315335 0.105006 0.351701 0.357020 0.262967 0.177643 0.141918 0.047568 0.219218 0.056092 0.269886 0.128531 0.133986 0.363515 0.224772 0.000000 0.108158 0.100654 0.091133 0.140088 0.360936 0.219382 0.164174 0.153539 0.039282 0.177424 0.276033 0.322806 0.296188 0.162449 0.206395 0.103429 0.269761 0.052327 0.146665
0.103756 0.259679 0.086418 0.340986 0.338161 0.171149 0.185861 0.286440 0.285423 0.000000 0.337372 0.193522 0.308621 0.371117 0.090066 0.315812 0.366322 0.141349 0.199173 0.173588 0.164178 0.426072 0.475404 0.128857 0.318089 0.179683 0.070789 0.179776 0.192526 0.292271 0.226174 0.244015 0.226534 0.246252 0.109367 0.192901 0.054062 0.385804 0.039083 0.191213 0.120462 0.223313 0.338138 0.227580 0.216035 0.184185 0.230806 0.267619 0.342715 0.482779 0.141472 0.131140 0.215028 0.225452 0.290443 0.246798 0.181942 0.149576 0.060093 0.121751 0.252820 0.138348 0.140975
0.443687 0.294528 0.382619 0.177312 0.070125 0.038674 0.084103 0.332362 0.346895 0.362419 0.215063 0.343066 0.125563 0.198690 0.483710 0.410161 0.355179 0.247797 0.067186 0.051828 0.183903 0.038087 0.275210 0.172565 0.230683 0.333502 0.228140 0.007021 0.274844 0.180025 0.293278 0.243709 0.406197 0.265554 0.150982 0.068285 0.344464 0.164365 0.192805 0.518904 0.193203 0.188978 0.308716 0.289114 0.066292 0.457015 0.028047 0.249322 0.000000 0.270338 0.360260 0.336910 0.270831 0.283933 0.244400 0.333586 0.276973 0.302975 0.258114 0.308604 0.311542 0.229544 0.017737
0.373421 0.212185 0.195672 0.083643 0.089857 0.028586 0.221221 0.325546 0.230879 0.308289 0.035334 0.165020 0.230366 0.213781 0.077343 0.210251 0.239764 0.159349 0.016833 0.398504 0.145819 0.254810 0.243737 0.296822 0.261667 0.179767 0.168348 0.176836 0.000000 0.266760 0.183205 0.078605 0.000000 0.136538 0.017864 0.328788 0.418323 0.297085 0.295964 0.173587 0.286595 0.334547 0.214784 0.085815 0.340225 0.254362 0.262628 0.274340 0.003293 0.107786 0.206351 0.330856 0.180397 0.166252 0.189200 0.088572 0.324645 0.198600 0.134511 0.060549 0.370768 0.158526 0.149081
0.106573 0.217297 0.186033 0.098457 0.163092 0.095873 0.262922 0.321371 0.191368 0.302570 0.098356 0.214199 0.366856 0.199128 0.094508 0.260500 0.451207 0.243614 0.397029 0.166121 0.129892 0.184745 0.445882 0.000000 0.352870 0.165198 0.089405 0.111932 0.256532 0.350759 0.052174 0.000000 0.233815 0.152802 0.398124 0.443954 0.131345 0.200200 0.275862 0.220765 0.286549 0.166335 0.299648 0.215568 0.050444 0.108308 0.185749 0.068956 0.096791 0.210600 0.160567 0.194755 0.330871 0.161936 0.043820 0.194617 0.412002 0.288372 0.233189 0.263460 0.244990 0.142712 0.000000
0.264594 0.448866 0.000000 0.383060 0.268922 0.065725 0.154653 0.499009 0.380632 0.206391 0.025432 0.058879 0.324528 0.280372 0.054035 0.353432 0.255165 0.158323 0.331048 0.045339 0.231355 0.181012 0.249082 0.061889 0.268842 0.237380 0.416598 0.199573 0.211495 0.114650 0.425946 0.189800 0.046320 0.123621 0.249037 0.288888 0.427415 0.311756 0.178091 0.201554 0.307161 0.169827 0.062653 0.135401 0.341235 0.201435 0.119333 0.361675 0.396766 0.313503 0.195512 0.329012 0.102781 0.312784 0.270659 0.377803 0.275235 0.370797 0.168709 0.078759 0.309903 0.037487 0.179700
0.318794 0.358468 0.134358 0.129728 0.000000 0.135633 0.000000 0.370419 0.344951 0.273113 0.247671 0.260736 0.472410 0.097638 0.114878 0.180361 0.287166 0.111093 0.302064 0.070111 0.013707 0.414380 0.000000 0.167283 0.164044 0.272954 0.336080 0.219008 0.061447 0.278549 0.219400 0.295648 0.265739 0.248179 0.250609 0.172656 0.279491 0.159843 0.314670 0.033094 0.237031 0.000000 0.170328 0.179228 0.184768 0.091939 0.000000 0.457040 0.291680 0.525990 0.123617 0.081931 0.208482 0.051117 0.293523 0.211264 0.280906 0.230245 0.059574 0.298145 0.470657 0.252301 0.159132
0.186098 0.072375 0.097962 0.306069 0.136355 0.117238 0.164504 0.113141 0.302127 0.301767 0.295985 0.237234 0.337917 0.288211 0.335314 0.197978 0.112327 0.000000 0.164350 0.301469 0.060338 0.000000 0.109140 0.211166 0.231369 0.219743 0.207258 0.292020 0.351594 0.425719 0.391186 0.041790 0.317745 0.000000 0.163714 0.124012 0.212964 0.106086 0.337943 0.276915 0.290069 0.134842 0.346268 0.198686 0.266750 0.250757 0.037699 0.125143 0.343437 0.182049 0.000000 0.198858 0.289269 0.298068 0.246058 0.176236 0.257795 0.364785 0.180014 0.225932 0.092228 0.182041 0.139197
0.133200 0.145339 0.130476 0.069474 0.338672 0.369456 0.361419 0.256418 0.196672 0.226589 0.147312 0.374990 0.405308 0.118465 0.000000 0.282121 0.132950 0.212123 0.370556 0.353402 0.299469 0.493300 0.218492 0.094162 0.390794 0.354005 0.247205 0.124198 0.424545 0.290238 0.094379 0.148374 0.281883 0.210818 0.226712 0.251917 0.206626 0.112747 0.127201 0.358759 0.448123 0.181009 0.000000 0.251725 0.388068 0.143326 0.133872 0.319193 0.143382 0.006006 0.134494 0.096054 0.104281 0.105495 0.055729 0.325327 0.182772 0.000000 0.185492 0.000000 0.101554 0.230545 0.147887
0.199034 0.258131 0.168176 0.387735 0.260095 0.228569 0.235442 0.284536 0.510954 0.040329 0.208462 0.334362 0.000000 0.077861 0.238770 0.104668 0.325046 0.251762 0.337834 0.107588 0.093722 0.251665 0.335904 0.339673 0.206338 0.085787 0.207653 0.145492 0.269191 0.378939 0.215655 0.203361 0.247686 0.155251 0.264574 0.324432 0.177607 0.270128 0.272108 0.249885 0.126574 0.307873 0.041675 0.162712 0.268805 0.277603 0.065060 0.374728 0.197023 0.418621 0.405555 0.310757 0.341256 0.068367 0.231422 0.355140 0.191657 0.063888 0.362181 0.195711 0.128051 0.211678 0.244013
0.262514 0.247792 0.081198 0.419963 0.430958 0.249011 0.000000 0.174266 0.154506 0.501712 0.312887 0.159334 0.331225 0.274052 0.015453 0.181458 0.360366 0.256625 0.289847 0.113435 0.260902 0.095556 0.241958 0.302954 0.178157 0.153580 0.000000 0.244499 0.288812 0.253505 0.230834 0.229178 0.016763 0.283029 0.298076 0.231989 0.178750 0.495140 0.343404 0.300194 0.316889 0.096677 0.187641 0.379772 0.053620 0.146876 0.280261 0.202069 0.223406 0.117224 0.256959 0.158942 0.111812 0.039685 0.119656 0.040720 0.137124 0.214461 0.246053 0.364312 0.199364 0.074549 0.218513
0.199827 0.265372 0.115215 0.175355 0.282212 0.265957 0.160047 0.082882 0.357378 0.170996 0.335854 0.393566 0.068482 0.434815 0.386641 0.277222 0.177443 0.422996 0.195710 0.410928 0.306623 0.025319 0.213588 0.351783 0.108692 0.260105 0.201689 0.496921 0.212141 0.215497 0.183455 0.225575 0.267668 0.067903 0.321645 0.121298 0.314573 0.275593 0.216199 0.358625 0.236729 0.148127 0.322001 0.160193 0.249186 0.237157 0.189540 0.365994 0.137320 0.161585 0.324545 0.214894 0.089079 0.047110 0.298932 0.244498 0.262881 0.194714 0.202547 0.345081 0.395274 0.307841 0.000000
0.456120 0.115049 0.000000 0.188621 0.295609 0.092970 0.273528 0.032703 0.290036 0.381352 0.176065 0.370578 0.259402 0.000000 0.380572 0.223613 0.316485 0.351901 0.149357 0.117065 0.000000 0.339394 0.255789 0.130431 0.187711 0.179293 0.128625 0.125200 0.165527 0.319495 0.171912 0.049511 0.172629 0.259909 0.120861 0.164011 0.500019 0.511149 0.113941 0.121463 0.165425 0.338143 0.244167 0.347381 0.177451 0.110864 0.298703 0.383497 0.282712 0.236886 0.141394 0.235027 0.205243 0.000000 0.328760 0.197068 0.089431 0.113402 0.328607 0.174899 0.315487 0.279210 0.432669
0.084075 0.308710 0.170102 0.226580 0.263484 0.001528 0.095507 0.237114 0.228714 0.249156 0.372546 0.084970 0.264325 0.172225 0.119972 0.206963 0.172892 0.175671 0.111696 0.029314 0.225023 0.094054 0.002160 0.171299 0.253992 0.165179 0.429755 0.328209 0.224827 0.243639 0.010352 0.143861 0.172358 0.430925 0.127187 0.230915 0.068981 0.137900 0.302010 0.269907 0.139210 0.176641 0.168555 0.240865 0.160533 0.216011 0.302817 0.172065 0.364390 0.020174 0.144784 0.047653 0.021357 0.000000 0.346116 0.048428 0.242140 0.271787 0.238759 0.329892 0.150997 0.281176 0.103690
0.000000 0.344992 0.313873 0.131280 0.435262 0.163233 0.185754 0.411302 0.229278 0.261882 0.158217 0.252232 0.228267 0.291963 0.256352 0.235115 0.272948 0.203308 0.232093 0.208858 0.067810 0.212726 0.113046 0.217954 0.204814 0.300118 0.178386 0.310850 0.439494 0.162830 0.210530 0.221572 0.149360 0.329556 0.000000 0.185769 0.270722 0.260364 0.306599 0.169719 0.235797 0.237429 0.127232 0.190123 0.102205 0.217960 0.407315 0.167394 0.211850 0.000000 0.228491 0.358492 0.298029 0.231954 0.155023 0.143189 0.224583 0.164475 0.110748 0.083110 0.232187 0.391981 0.342186
0.345652 0.120630 0.102457 0.361691 0.297411 0.165868 0.057123 0.054515 0.193343 0.268527 0.236265 0.342327 0.118773 0.003157 0.388470 0.206819 0.324180 0.242392 0.408108 0.208570 0.182323 0.073163 0.000000 0.268508 0.081464 0.234908 0.218651 0.495223 0.235806 0.291834 0.135382 0.162101 0.482110 0.174157 0.327698 0.119570 0.411072 0.263024 0.183804 0.159903 0.320000 0.152438 0.271507 0.067357 0.365295 0.074282 0.261794 0.062644 0.109532 0.402696 0.081593 0.398094 0.077466 0.286639 0.172624 0.118848 0.165303 0.091921 0.458012 0.262190 0.268960 0.249647 0.086139
0.000000 0.275425 0.172453 0.136208 0.201855 0.366245 0.364023 0.145764 0.512128 0.000000 0.320435 0.048693 0.056305 0.360299 0.345310 0.353273 0.177741 0.323964 0.337901 0.333828 0.121687 0.170130 0.129042 0.143105 0.226113 0.276457 0.392994 0.000000 0.200125 0.310318 0.220831 0.109914 0.255245 0.317322 0.174158 0.239184 0.237061 0.251530 0.261409 0.000000 0.105138 0.264275 0.293996 0.147472 0.407020 0.379962 0.224378 0.166363 0.207051 0.301055 0.354056 0.260736 0.085142 0.211524 0.134945 0.056118 0.212658 0.227802 0.000000 0.354592 0.165579 0.219869 0.385782
