DEPONS-master/data/CentralBaltic/prey0000_07.asc
NCOLS 400 
NROWS 400 
XLLCORNER 4750000.0 
YLLCORNER 3200000.0 
CELLSIZE 1000.0 
NODATA_value -9999 
[rows 112 to 139 of 400, columns 126 to 188 of 400]
0.559817 0.644661 0.511753 0.621244 0.807757 0.340198 0.553969 0.259899 0.353070 0.699476 0.383389 0.438052 0.615523 0.339333 0.497294 0.642053 0.611987 0.459048 0.868288 0.758267 0.319986 0.702057 0.783195 0.348069 0.235373 0.702594 0.477911 0.540512 0.325760 0.334095 0.546672 0.592643 0.245532 0.814587 0.896578 0.737914 0.886398 0.315681 0.474751 0.518705 0.727658 0.535396 0.724150 0.531701 0.404756 0.636788 0.475780 0.430336 0.495764 0.877950 0.288077 0.700413 0.435922 0.797502 0.559112 0.503171 0.659041 0.683262 0.402974 0.329594 0.463668 0.678784 0.569703
0.483299 0.199846 0.564814 0.792500 0.521621 0.486809 0.642440 0.385269 0.429937 0.373627 0.399850 0.570111 0.860426 0.830688 0.400137 0.395546 0.320967 0.286513 0.239228 0.424670 0.441598 0.698477 0.418603 0.309688 0.687242 0.511190 0.382106 0.639958 0.736697 0.645950 0.671777 0.660941 0.784339 0.559900 0.705595 0.414599 0.212273 0.252342 0.665008 0.593988 0.555157 0.335040 0.402133 0.976821 0.463442 0.428580 0.757045 0.448059 0.514802 0.367334 0.408098 0.491032 0.667468 0.153426 0.725386 0.530771 0.462637 0.471584 0.477160 0.451698 0.488911 0.451645 0.556990
0.543963 0.307121 0.433995 0.578284 0.396666 0.805663 0.729739 0.562652 0.517181 0.460410 0.294273 0.584590 0.787094 0.433740 0.523419 0.465332 0.804356 0.319765 0.584995 0.589836 0.425381 0.769884 0.388870 0.568335 0.510854 0.390659 0.433134 0.625449 0.305066 0.373364 0.677032 0.418867 0.372794 0.754172 0.494740 0.689005 0.349627 0.656524 0.424895 0.502615 0.390292 0.128233 0.477522 0.389997 0.381219 0.245230 0.917172 0.627558 0.640389 0.567372 0.613973 0.560285 0.591212 0.377508 0.496199 0.807302 0.849791 0.584371 0.653542 0.568391 0.601155 0.522853 0.513569
0.876308 0.549614 0.563202 0.597199 0.243968 0.692957 0.383932 0.442089 0.496145 0.571815 0.611758 0.378107 0.680317 0.315746 0.211411 0.286140 0.636972 0.413095 0.494626 0.573776 0.425655 0.567953 0.438076 0.544287 0.572349 0.447929 0.610739 0.146107 0.720414 0.448116 0.737771 0.598079 0.481208 0.485057 0.803152 0.497594 0.474982 0.416808 0.505427 0.675121 0.236235 0.483526 0.610729 0.565586 0.420729 0.430245 0.778429 0.342341 0.699096 0.709130 0.550845 0.391507 0.564038 0.642130 0.813878 0.454597 0.371084 0.353384 0.308446 0.253036 0.420266 0.594718 0.593057
0.702278 0.622117 0.654084 0.670790 0.737887 0.361896 0.594763 0.506042 0.751313 0.555025 0.313636 0.401705 0.272024 0.373024 0.755665 0.584758 0.263613 0.807042 0.672227 0.712474 0.423079 0.672114 0.302889 0.381644 0.278569 0.403673 0.264295 0.610303 0.343335 0.410745 0.504496 0.391091 0.509954 0.582027 0.704103 0.571025 0.213550 0.543827 0.274792 0.601267 0.708211 0.495424 0.790904 0.635515 0.262888 0.500770 0.531111 0.559163 0.463348 0.495426 0.737472 0.568594 0.431114 0.378091 0.853807 0.581782 0.527956 0.435351 0.613368 0.614479 0.712019 0.549963 0.719504
0.305720 0.685385 0.610655 0.285265 0.188568 0.775100 0.663902 0.286266 0.698969 0.143905 0.682402 0.799585 0.275062 0.509456 0.358080 0.716179 0.445097 0.410005 0.761002 0.564240 0.523463 0.543713 0.483096 0.256971 0.546960 0.589436 0.801799 0.515294 0.225398 0.442791 0.476525 0.749834 0.392258 0.178591 0.096180 0.626622 0.545356 0.610490 0.571470 0.648561 0.661598 0.416141 0.636241 0.135908 0.820742 0.734223 0.637911 0.399139 0.465051 0.488954 0.678452 0.679972 0.579249 0.335952 0.581080 0.681918 0.809696 0.692894 0.702982 0.544213 0.602173 0.566710 0.581827
0.206256 0.544740 0.771264 0.335259 0.518964 0.510780 0.251458 0.730858 0.609918 0.695698 0.521623 0.624593 0.625006 0.692339 0.730269 0.264210 0.769816 0.233700 0.688802 0.305080 0.336443 0.405415 0.432788 0.480304 0.610972 0.730203 0.557207 0.549174 0.494992 0.903307 0.310669 0.435986 0.580162 0.358843 0.746480 0.616456 0.844214 0.736478 0.688232 0.896743 0.454615 0.274561 0.458697 0.619111 0.318955 0.655829 0.537465 0.459410 0.674500 0.615100 0.842525 0.243969 0.525817 0.623575 0.674587 0.513204 0.301185 0.694938 0.389470 0.787487 0.367615 0.730475 0.632622
0.951444 0.437456 0.691647 0.643549 0.514888 0.801990 0.648212 0.371214 0.529393 0.729694 0.447682 0.585694 0.574951 0.613576 0.640290 0.452304 0.679122 0.216288 0.544174 0.475210 0.701880 0.794007 0.542819 0.810206 0.474704 0.515679 0.841319 0.806878 0.428025 0.396412 0.700567 0.765160 0.757058 0.664144 0.483426 0.601708 0.279014 0.565776 0.473202 0.492034 0.870462 0.609306 0.463697 0.731056 0.379256 0.337929 0.711067 0.404307 0.641899 0.543824 0.438723 0.709480 0.510029 0.663641 0.545883 0.334394 0.348099 0.733230 0.390686 0.699405 0.531832 0.856351 0.450646
0.616753 0.778789 0.386731 0.488018 0.349474 0.260574 0.286701 0.610212 0.747878 0.711879 0.734220 0.467418 0.540130 0.984802 0.396850 0.298908 0.592044 0.789361 0.701083 0.489245 0.785053 0.590362 0.575081 0.592855 0.400943 0.673307 0.762059 0.624562 0.607094 1.000000 0.609225 0.550255 0.355975 0.537664 0.347955 0.516009 0.065296 0.450537 0.295198 0.431497 0.453791 0.206630 0.640235 0.521078 0.259807 0.706223 0.541886 0.680461 0.583671 0.608965 0.616466 0.328078 0.414022 0.598053 0.509263 0.574267 0.380162 0.412662 0.211736 0.526281 0.782922 0.772530 0.331206
0.592552 0.516187 0.732589 0.615605 0.530398 0.750987 0.467299 0.603316 0.791283 0.508295 0.436155 0.321435 0.267600 0.644764 0.204600 0.692958 0.288965 0.668933 0.719817 0.082356 0.351723 0.310122 0.484128 0.206127 0.545837 0.555742 0.615033 0.490581 0.789872 0.870017 0.676397 0.530543 0.572448 0.357018 0.069705 0.660313 0.270162 0.705275 0.315429 0.757996 0.747197 0.446360 0.364120 0.584176 0.289556 0.438535 0.457331 0.525862 0.470745 0.471317 0.290512 0.688185 0.432854 0.563852 0.593650 0.662476 0.267135 0.631192 0.620355 0.443509 0.280800 0.154964 0.538141
0.587640 0.392095 0.842475 0.805896 0.755546 0.380604 0.520053 0.632741 0.513709 0.471076 0.502047 0.415630 0.426082 0.317883 0.326505 0.414761 0.328075 0.297938 0.163084 0.374476 0.427295 0.710646 0.413701 0.259549 0.462040 0.366242 0.676018 0.730892 0.343541 0.267115 0.657987 0.414450 0.651974 0.402054 0.708901 0.398370 0.589887 0.472587 0.552959 0.442736 0.529642 0.589071 0.788425 0.210575 0.802740 0.219210 0.423843 0.589548 0.460468 0.372358 0.692117 0.657483 0.514589 0.398233 0.578356 0.702123 0.368760 0.553368 0.360099 0.512760 0.487815 0.352500 0.636407
0.519395 0.572773 0.283756 0.517054 0.580412 0.548740 0.793678 0.496348 0.584197 0.320534 0.416578 0.684854 0.347984 0.521173 0.827280 0.438299 0.419371 0.619941 0.554269 0.715351 0.551886 0.693184 0.399285 0.704844 0.674941 0.583057 0.423071 0.617658 0.411581 0.790364 0.516928 0.425474 0.589200 0.661868 0.469171 0.447749 0.310309 0.508496 0.831629 0.770638 0.508439 0.307415 0.505071 0.537872 0.297876 0.449316 0.529610 0.467905 0.514788 0.192626 0.394306 0.625524 0.435286 0.431391 0.379380 0.402111 0.807413 0.551066 0.329414 0.477402 0.556814 0.251439 0.483508
0.636568 0.933657 0.568165 0.486783 0.827438 0.637924 0.900130 0.516984 0.560469 0.804545 0.620194 0.562102 0.406331 0.840797 0.842686 0.417571 0.648411 0.611544 0.318109 0.513738 0.500162 0.445733 0.181497 0.532335 0.531642 0.487052 0.800602 0.487974 0.688608 0.420119 0.353931 0.478773 0.196076 0.256910 0.286089 0.234288 0.674463 0.573305 0.759900 0.324515 0.186455 0.533138 0.597914 0.295822 0.387436 0.423596 0.400446 0.643130 0.765872 0.382951 0.112764 0.304298 0.293787 0.798363 0.434721 0.625537 0.649592 0.439793 0.713267 0.498230 0.698417 0.692333 0.504878
0.566667 0.379958 0.392395 0.804884 0.651072 0.386852 0.558565 0.749668 0.464533 0.755116 0.314142 0.411750 0.262156 0.273113 0.510846 0.690044 0.478096 0.386160 0.544591 0.637443 0.424182 0.225753 0.352380 0.663151 0.288384 0.690043 0.665287 0.839892 0.574019 0.455409 0.487253 0.333643 0.338012 0.355835 0.554946 0.653006 0.466741 0.641494 0.471896 0.363686 0.524511 0.487082 0.614423 0.676070 0.698623 0.498505 0.720400 0.449336 0.510231 0.508794 0.267922 0.335319 0.199589 0.544957 0.677910 0.308631 0.508936 0.243917 0.420481 0.428662 0.376034 0.716073 0.778040
0.427064 0.127427 0.733292 0.452125 0.228581 0.431792 0.665533 0.479073 0.491202 0.519078 0.850801 0.516226 0.461997 0.357438 0.742529 0.602994 0.371910 0.192141 0.659052 0.498407 0.573136 0.658175 0.403377 0.348109 0.723571 0.697625 0.726308 0.506861 0.393323 0.619166 0.503773 0.741249 0.293792 0.609059 0.500589 0.747105 0.653977 0.727872 0.959368 0.555826 0.287552 0.407106 0.605919 0.453961 0.506055 0.209414 0.755164 0.596437 0.809455 0.358895 0.135178 0.733630 0.533335 0.649118 0.814400 0.594698 0.501507 0.482013 0.415972 0.329212 0.225903 0.718985 0.654491
0.748036 0.683259 0.672077 0.495947 0.228147 0.783410 0.452947 0.626815 0.502160 0.609337 0.747266 0.859998 0.271296 0.524805 0.660420 0.432124 0.737931 0.778195 0.390005 0.360454 0.600001 0.400930 0.448709 0.439188 0.555694 0.752001 0.715549 0.546644 0.644134 0.459522 0.357046 0.395054 0.833503 0.384370 0.700213 0.326764 0.547943 0.697227 0.644583 0.357136 0.471438 0.492201 0.493620 0.739696 0.543382 0.295205 0.787720 0.640889 0.467486 0.678081 0.506729 0.473539 0.266684 0.660398 0.473717 0.500335 0.676432 0.577816 0.390221 0.529401 0.541030 0.821276 0.742709
0.854115 0.635041 0.855468 0.637478 0.313717 0.312766 0.619057 0.538584 0.430934 0.459957 0.585388 0.741484 0.290297 0.241089 0.550560 0.521206 0.562118 0.851467 0.779517 0.665045 0.590378 0.631586 0.556627 0.697171 0.287292 0.731215 0.693802 0.262298 0.581436 0.450423 0.682589 0.298215 0.620563 0.656117 0.261478 0.487377 0.404325 0.582187 0.793794 0.465338 0.260705 0.644820 0.337740 0.249630 0.547302 0.496700 0.564572 0.678527 0.666571 0.371304 0.460757 0.823002 0.641365 0.407003 0.407153 0.555132 0.368812 0.457635 0.771642 0.385081 0.644052 0.431741 0.845246
0.246954 0.724459 0.680430 0.195700 0.316882 0.380354 0.663153 0.801859 0.354190 0.889446 0.560320 0.418765 0.428931 0.734803 0.400177 0.550038 0.664547 0.218686 0.701718 0.800542 0.639383 0.817198 0.598350 0.433665 0.554495 0.445895 0.475610 0.333748 0.400391 0.345567 0.609132 0.723609 0.635659 0.595001 0.535195 0.779859 0.718195 0.653396 0.490702 0.420765 0.458804 0.541424 0.238833 0.450079 0.390185 0.693917 0.677067 0.393780 0.596769 0.694094 0.522856 0.499759 0.473312 0.478677 0.600754 0.572411 0.565672 0.653990 0.750271 0.468345 0.700880 0.536533 0.582492
0.365972 0.316029 0.762619 0.478961 0.398316 0.782007 0.677409 0.539521 0.501565 0.676157 0.411300 0.677515 0.556724 0.456388 0.622608 0.521827 0.736668 0.332505 0.411299 0.582843 0.583103 0.564825 0.491169 0.453042 0.792401 0.795230 0.669528 0.501542 0.285778 0.478833 0.593577 0.349633 0.564897 0.383718 0.693656 0.383377 0.221705 0.342322 0.336140 0.256897 0.605800 0.398884 0.319092 0.664752 0.622612 0.647901 0.466854 0.535754 0.544717 0.606170 0.502755 0.344505 0.614606 0.430254 0.441087 0.535276 0.331979 0.429643 0.176999 0.690467 0.317167 0.317669 0.659353
0.270420 0.654671 0.760257 0.320470 0.483052 0.763882 0.446073 0.772469 0.320788 0.436276 0.548694 0.452196 0.516927 0.510712 0.834124 0.277008 0.634473 0.248355 0.687921 0.578592 0.827053 0.549812 0.361044 0.474898 0.445543 0.597018 0.972109 0.616491 0.722096 0.538569 0.366184 0.556937 0.520502 0.574916 0.833349 0.448821 0.616117 0.548125 0.489733 0.524071 0.657982 0.617814 0.715920 0.458746 0.479794 0.658898 0.720780 0.634662 0.749227 0.980764 0.750549 0.686070 0.488887 0.622816 0.565429 0.743791 0.679443 0.645183 0.517295 0.415392 0.546242 0.883478 0.290902
0.316469 0.926859 0.245363 0.727133 0.447013 0.492368 0.696790 0.689914 0.355434 0.528660 0.343684 0.727836 0.523456 0.383028 0.789826 0.475679 0.519790 0.183669 0.511651 0.427745 0.267992 0.675338 0.206408 0.374897 0.791176 0.560355 0.780265 0.537424 0.444937 0.559232 0.450505 0.414497 0.263652 0.484355 0.458492 0.664661 0.156098 0.624315 0.336759 0.693608 0.463587 0.296100 0.561088 0.635677 0.257769 0.539749 0.442638 0.251308 0.679957 0.363330 0.650799 0.622293 0.643247 0.525647 0.363434 0.819728 0.799542 0.190298 0.364284 0.573354 0.291985 0.478746 0.574411
0.314694 0.664806 0.660015 0.627348 0.152022 0.357675 0.428487 0.271209 0.436349 0.291447 0.737225 0.477129 0.856623 0.389426 0.687072 0.712016 0.619238 0.688383 0.613712 0.579824 0.514507 0.402856 0.706897 0.353190 0.582074 0.384089 0.895356 0.242113 0.536407 0.779916 0.410798 0.299662 0.465603 0.386613 0.664427 0.412390 0.521497 0.605283 0.391664 0.808193 0.513653 0.790357 0.327237 0.318681 0.338198 0.235778 0.695993 0.519820 0.486431 0.862365 0.759832 0.684254 0.318246 0.711372 0.595211 0.291952 0.389545 0.791334 0.439499 0.746893 0.515080 0.424371 0.791440
0.841249 0.609610 0.358236 0.376189 0.301246 0.628649 0.268626 0.434983 0.353026 0.465873 0.598272 0.395988 0.882976 0.535573 0.363166 0.669188 0.691530 0.470287 0.296848 0.457298 0.719575 0.376715 0.257105 0.480135 0.326393 0.689176 0.605697 0.543281 0.247213 0.346933 0.334862 0.357101 0.306894 0.784901 0.397357 0.689348 0.436185 0.670884 0.467908 0.424542 0.291562 0.225351 0.732045 0.452861 0.329595 0.352370 0.324611 0.353911 0.506922 0.725572 0.543859 0.753167 0.211698 0.780221 0.239175 0.300982 0.459480 0.374408 0.398799 0.260138 0.604714 0.192538 0.783666
0.484503 0.406239 0.814820 0.413306 0.644373 0.470758 0.453302 0.616020 0.620223 0.622851 0.335110 0.435359 0.316378 0.423501 0.822464 0.435439 0.550790 0.705063 0.763654 0.435750 0.517130 0.540089 0.321172 0.893034 0.634435 0.557184 0.290378 0.386697 0.307504 0.409808 0.576818 0.567488 0.663583 0.465591 0.382252 0.436005 0.384735 0.471465 0.549651 0.366337 0.571369 0.935124 0.695383 0.398769 0.562725 0.677113 0.714313 0.345924 0.171602 0.165420 0.754826 0.448683 0.827917 0.613287 0.366879 0.291141 0.493288 0.597356 0.732235 0.280449 0.376728 0.530820 0.504681
0.539951 0.447115 0.721708 0.305737 0.733117 0.633294 0.290556 0.501411 0.610424 0.588912 0.733552 0.462002 0.428075 0.299087 0.420670 0.502744 0.409241 0.550240 0.919106 0.481655 0.655359 0.412360 0.728901 0.752413 0.486763 0.944060 0.337231 0.897182 0.575724 0.010478 0.449542 0.414637 0.401365 0.687848 0.632648 0.813363 0.702216 0.635232 0.483864 0.926504 0.350711 0.774364 0.330141 0.374572 0.745339 0.388042 0.716196 0.784442 0.295227 0.419946 0.549289 0.660957 0.371404 0.381426 0.397961 0.700586 0.644854 0.538497 0.483529 0.602591 0.731003 0.587592 0.919934
0.507910 0.463629 0.233957 0.632243 0.757049 0.567849 0.364546 0.406251 0.673811 0.674178 0.695145 0.324435 0.480421 0.405525 0.494006 0.341660 0.517146 0.390796 0.270193 0.268346 0.544110 0.456910 0.313834 0.639343 0.823092 0.944440 0.489204 0.526050 0.253314 0.311549 0.623420 0.367282 0.470315 0.394437 0.385272 0.619017 0.283486 0.388215 0.174245 0.193481 0.241874 0.508249 0.426596 0.567291 0.438255 0.642638 0.285808 0.514053 0.513561 0.630468 0.786478 0.352199 0.209901 0.553780 0.423464 0.338619 0.633881 0.471124 0.737151 0.878798 0.468087 0.610348 0.718990
0.638711 0.880564 0.409101 0.502978 0.593178 0.685623 0.564340 0.463823 0.605086 0.574316 0.445561 0.575530 0.479070 0.437742 0.369811 0.560349 0.252064 0.656583 0.564929 0.446388 0.470347 0.254170 0.257857 0.473074 0.414627 0.478997 0.347947 0.655222 0.389372 0.483601 0.683880 0.527057 0.268988 0.752638 0.479889 0.782980 0.496899 0.269324 0.511987 0.509621 0.511097 0.639726 0.697919 0.430653 0.327080 0.600736 0.421824 0.670636 0.363127 0.395950 0.647093 0.511663 0.522487 0.519575 0.162657 0.703752 0.701789 0.544732 0.202175 0.633285 0.588973 0.281931 0.394104
0.922145 0.610696 0.519235 0.552159 0.440069 0.611942 0.642739 0.777594 0.228628 0.836398 0.508063 0.469827 0.278155 0.917943 0.637649 0.883021 0.300094 0.412659 0.458863 0.344803 0.583497 0.420108 0.427446 0.746161 0.211395 0.520176 0.459015 0.352912 0.525348 0.404519 0.362601 0.535358 0.465650 0.417228 0.564775 0.395420 0.377175 0.685188 0.669790 0.312314 0.542139 0.700731 0.517546 0.407987 0.678134 0.304395 0.198308 0.292623 0.538968 0.657294 0.582856 0.520483 0.555062 0.748163 0.500526 0.446311 0.612983 0.287438 0.834199 0.469793 0.575258 0.585775 0.531578
