DEPONS-master/data/CentralBaltic/prey0000_05.asc
NCOLS 400 
NROWS 400 
XLLCORNER 4750000.0 
YLLCORNER 3200000.0 
CELLSIZE 1000.0 
NODATA_value -9999 
[rows 364 to 391 of 400, columns 315 to 377 of 400]
0.778485 0.625820 0.530891 0.570719 0.678777 0.522193 0.572483 0.800255 0.467301 0.480550 0.797069 1.000000 0.659699 0.789288 0.690887 0.926216 0.612447 0.777562 0.719949 0.658191 0.493236 0.396316 0.608046 0.921607 0.689145 0.422292 0.790923 0.413159 0.461602 0.816427 0.721865 0.607028 0.608555 0.838074 0.391969 0.428167 0.768935 0.740060 0.755780 0.567664 0.822189 0.618983 0.772013 0.800218 0.808413 0.681670 0.807695 0.514240 0.808510 0.736181 0.515236 0.680080 0.558643 0.632682 0.739128 0.766769 0.474869 0.622012 0.559422 0.718942 0.706089 0.553760 0.824843
0.463303 0.509336 0.678661 0.816586 0.845228 0.591740 0.924420 0.541363 0.493032 0.743226 0.588455 0.555722 0.743378 0.845784 0.969964 0.457993 0.948543 0.779438 0.286532 0.300220 0.740188 0.738554 0.566890 0.507475 0.557785 0.503105 0.793888 0.591756 0.428033 0.474146 0.677880 0.541572 0.812631 0.463609 0.629730 0.507032 0.651507 0.452587 0.682226 0.450997 0.702883 0.520661 0.787046 0.887522 0.619768 0.474027 0.630472 0.619889 0.512305 0.707254 0.631295 0.350785 0.643677 0.317358 0.551942 0.782582 0.785581 0.802979 0.960857 0.426710 0.783455 1.000000 0.889204
0.632126 0.522261 0.803063 0.624713 0.254468 0.443158 0.504675 0.434188 0.714344 0.545463 0.604961 0.924101 0.666847 0.618962 0.455511 0.632562 0.852990 0.682288 0.885705 0.596361 0.698618 0.555659 0.647888 0.595386 0.513063 0.572992 0.849606 0.624872 0.706683 0.815232 0.489472 0.478200 1.000000 0.957576 0.424173 0.399957 0.701056 0.885598 0.740049 0.749675 0.448728 0.768580 0.944831 0.444295 0.697029 0.768251 0.471052 0.712926 0.602170 0.904134 0.516361 0.562846 0.864834 0.452435 0.523463 0.799457 0.473349 0.493059 0.629480 0.523683 0.529211 0.801631 0.880705
0.840705 0.597451 0.408016 0.462785 0.445231 0.547613 0.643053 0.973072 0.694199 0.895737 0.728809 0.751541 0.725757 0.591724 0.323716 0.948190 0.960940 0.595426 0.536643 0.513678 0.784663 0.339227 0.483522 0.761565 1.000000 0.859545 0.913224 1.000000 0.789280 0.397272 0.699029 0.716233 0.393231 0.528219 0.508137 0.363727 0.987121 0.448603 0.924586 0.851424 0.461027 0.730262 0.876834 0.566080 0.799122 0.919661 0.742964 0.767372 0.527160 0.836000 0.602967 0.489225 0.379118 0.852542 0.519064 0.915733 0.862397 0.799192 0.705941 0.747038 0.624325 0.632340 0.693769
0.593497 0.614850 0.804005 0.612028 0.859973 0.518144 0.487655 0.684262 0.869265 0.690924 0.541279 0.832029 0.410385 0.745896 0.486152 0.827506 0.861629 0.438086 0.832865 0.828411 0.921824 0.777881 0.401485 0.679714 0.733071 0.813056 0.412760 0.869742 0.623553 0.443287 0.630267 0.594740 0.362884 0.862410 0.755148 0.476780 0.645618 0.505045 0.910473 0.720415 0.809139 0.676706 0.636916 0.592207 0.568683 0.732967 0.540459 0.621405 0.617741 0.523330 0.554838 0.575220 0.465087 0.719666 0.578768 0.745485 0.835160 0.672631 0.563454 0.839437 0.970302 0.766226 0.427587
0.527794 0.599498 0.638412 0.477611 0.608337 0.766378 0.815795 0.441104 0.564751 0.403425 0.840754 0.174482 0.475478 0.899815 0.439558 0.897888 0.701702 0.846064 0.623170 0.651215 0.535410 0.910721 0.783303 0.639880 0.617180 0.575189 0.640348 0.911700 0.869418 0.486874 0.876860 0.630823 0.511704 0.325497 0.588696 0.502568 0.856951 0.869557 0.685266 0.908452 0.886106 0.861953 0.800957 0.612500 0.639327 0.518362 0.420495 0.698676 0.596506 0.670873 0.711176 0.602235 0.729665 0.618848 0.846036 0.935069 0.595226 0.450185 0.640017 0.947375 0.704002 0.616711 0.934437
0.571237 0.531874 0.801288 0.711252 0.480170 0.539783 0.656826 0.903284 0.790532 0.388627 0.799358 0.507032 0.554798 0.845081 0.784293 0.494613 0.832478 0.471964 0.797238 0.952691 0.819397 0.593164 0.908309 1.000000 0.433463 0.762959 0.778370 0.714588 0.964258 0.698214 0.710408 0.961579 0.441561 0.733228 0.364373 0.601501 0.594447 0.819241 0.999927 0.471113 0.378887 0.356408 0.690558 0.596470 0.439059 0.617749 0.810505 0.507473 0.852170 0.932113 0.665746 0.712322 0.718064 0.945535 0.445017 0.863422 0.972069 0.925490 0.774956 0.616520 0.499097 0.874824 0.476366
0.480569 0.979651 0.365982 0.848131 0.405243 0.712669 1.000000 0.588717 0.919900 0.749332 0.655320 0.387703 0.390862 0.745784 0.510102 0.920209 0.971441 0.516407 0.900532 0.732441 0.387905 0.778280 0.841810 0.671328 0.792076 0.905657 0.677620 0.780672 0.956502 0.480556 0.928648 0.676488 0.812357 0.695065 0.798672 0.704817 0.685787 0.854973 0.617132 0.632522 0.687314 0.442060 0.497215 0.782801 1.000000 0.813914 0.785020 1.000000 0.630681 1.000000 0.570443 0.881744 0.981593 0.948476 0.817454 0.714786 0.572707 0.859231 0.452595 0.449746 0.562920 0.529172 0.691960
1.000000 0.578172 0.732347 0.515080 0.722643 0.469187 0.658048 0.630265 1.000000 0.798447 0.868821 0.779569 0.883162 0.561904 0.622360 0.699737 0.791163 0.943617 0.713752 0.597718 0.543282 0.736692 0.556612 0.390252 0.486848 0.492853 0.945622 0.612288 0.602221 0.474487 0.928376 0.492763 0.712567 0.942113 0.740155 0.489828 0.946228 0.692091 0.701255 0.893617 0.636520 0.798657 0.778406 0.673549 0.623932 0.531650 0.910073 0.611044 0.760501 0.751253 0.737923 0.649576 0.483504 0.374326 0.703243 0.985228 0.573700 0.659121 0.581994 0.796940 0.897117 0.716382 0.619496
0.853321 0.725653 0.600134 0.525594 0.593353 0.726420 0.688806 0.694243 0.569065 0.734719 0.607952 0.474522 0.642049 0.651713 0.439083 0.657485 0.392237 0.823595 0.648220 0.655317 0.876388 0.316832 0.544199 0.716885 0.520771 0.629326 0.800277 0.739167 0.903354 0.634417 0.787537 0.752578 0.842900 0.951015 0.732580 1.000000 0.441614 0.646002 0.303714 0.627604 0.639662 0.696004 0.713910 0.741339 0.720362 0.861865 0.600402 0.818867 0.597829 0.691984 0.661716 0.753716 0.418519 0.739670 0.582046 0.791319 0.837667 0.464900 0.556151 0.778358 0.642230 0.682266 0.476036
0.949796 0.982902 0.597369 0.814428 0.595259 0.527144 0.437534 0.636054 0.599852 0.826098 0.635687 0.558544 0.784461 0.491536 0.925391 0.607090 0.998566 0.593913 0.487756 0.440611 0.739061 0.501153 0.614256 0.779164 0.594307 0.836854 0.951602 0.769067 0.517809 0.639484 0.506954 1.000000 0.683386 0.671846 0.406268 0.769332 0.601395 0.247551 0.831494 0.481438 0.903118 0.827783 0.542290 0.987832 0.916379 0.636576 0.853064 0.688450 0.783109 0.607664 0.867248 0.612241 0.488040 0.534174 0.416548 0.815837 0.466577 0.827712 0.767569 0.552915 0.512361 0.809104 0.870386
0.528859 0.893033 0.800790 0.637915 0.555949 0.588054 0.985004 0.795179 0.631845 0.535978 0.696988 0.676563 0.840729 0.904073 0.648300 0.576920 0.550809 0.712223 0.658693 0.937920 0.555244 0.379109 0.607772 0.720531 0.780227 0.459387 0.786695 0.917246 0.793866 0.502707 0.683333 0.498542 0.541387 0.673540 0.627092 0.694438 0.483761 0.486120 0.521486 0.993830 0.452189 0.718707 0.537289 0.778435 0.727941 0.605500 0.788050 1.000000 0.775611 0.844116 0.739376 0.762533 0.589954 1.000000 0.485071 0.543774 0.821390 0.910759 0.739718 0.946459 1.000000 0.789166 0.885890
0.540159 0.937835 0.606818 0.826758 0.788488 0.692680 0.672419 0.574308 0.641200 0.603089 0.656552 0.740080 0.573587 0.960120 0.673113 0.997164 0.584879 0.961537 0.791033 0.602125 0.820086 0.684644 0.456914 0.437081 0.595682 0.719203 0.778347 0.859435 0.571369 0.450285 0.844447 0.715557 0.550850 0.448107 0.737757 0.643598 0.874708 0.893206 0.821671 0.637005 0.871214 0.606439 0.739025 0.588328 0.680939 0.628484 0.830525 0.686195 0.583808 0.524720 0.776766 0.483458 0.591475 0.498913 0.578899 0.605250 0.919411 0.598017 0.887888 0.480682 0.789468 0.699615 1.000000
0.598998 0.773951 0.814018 1.000000 0.799902 0.868840 0.501952 0.834507 0.339302 0.789131 0.663626 0.947469 0.530682 0.854490 0.592637 0.929553 0.528685 0.712203 0.493311 0.470989 0.739252 0.559912 0.767964 0.716008 0.768633 0.931571 0.577901 0.817352 0.428437 0.869656 0.561699 0.957189 0.676372 0.783792 0.467338 0.756238 0.740840 0.577924 0.802830 0.499721 0.630894 1.000000 0.667258 0.675240 0.589581 1.000000 0.583649 0.896816 0.461620 0.723376 0.802535 0.742332 0.941554 0.555784 0.935244 0.708938 0.997887 0.812069 0.593814 0.509857 0.492137 0.900592 0.557719
0.652079 0.542116 0.481670 0.940159 0.364522 0.607271 0.664004 0.958711 0.525944 0.631158 0.588387 0.617780 0.662276 0.864484 0.615776 0.786813 0.705221 0.848045 0.609652 0.837986 0.541409 0.846377 0.804144 0.814802 0.762503 0.816986 0.636062 0.774407 0.785689 0.928007 0.783418 0.652956 1.000000 0.895563 0.634709 0.937885 0.804432 0.483296 0.794395 0.739848 0.417054 0.456834 0.464922 0.665225 0.605500 0.877855 0.712608 0.509355 0.846458 0.871563 0.742116 0.942400 0.637990 0.924413 0.779116 0.727929 0.523273 0.586023 0.947442 0.792292 0.594478 0.657852 0.820354
0.871890 0.668434 0.752015 1.000000 0.890275 0.562083 0.498573 0.300734 0.605660 0.911669 0.997879 0.933621 0.683299 0.652706 0.641951 0.936951 0.657873 0.702123 0.717789 0.566639 0.630462 0.804081 0.572771 0.471695 0.707869 0.833452 0.896728 0.652417 0.636323 0.699509 0.935289 0.695217 0.653942 0.489212 0.800438 0.499165 0.953910 0.729489 1.000000 0.676279 0.784972 0.920600 0.962524 0.986536 0.744017 0.531769 0.794309 0.761066 0.826212 0.696819 0.630341 0.981096 0.364013 0.748818 0.713816 0.570519 0.903877 0.621440 0.459968 0.831926 0.519211 0.602865 1.000000
0.840751 0.629274 0.902025 0.738447 0.438381 0.711392 0.650977 0.679669 0.820665 1.000000 0.824805 0.548470 0.703733 0.810493 0.360002 0.956464 0.554867 0.774068 0.862725 0.766290 0.720731 0.453412 0.782693 0.877684 0.376842 1.000000 0.723324 0.893766 0.919040 0.831141 0.599063 0.730242 0.489622 0.767863 0.590919 0.765291 0.766353 0.634765 0.621643 0.733927 0.812640 0.674393 0.346942 0.380411 0.511662 0.530491 1.000000 0.692594 0.915485 0.609707 0.888228 0.777850 0.731206 0.920363 0.701534 0.917125 0.707539 0.510506 0.857928 0.655342 0.586595 0.644368 0.909908
0.848977 0.826280 0.532437 0.625313 0.958192 0.878015 0.807021 1.000000 0.823910 0.929828 0.445818 1.000000 0.892211 0.553705 0.644219 0.631097 0.672908 0.502276 0.584938 0.613347 0.540774 0.961026 0.846754 0.899786 0.782065 0.987102 0.733211 0.676927 0.691832 0.590245 0.721801 0.547455 0.830294 1.000000 0.872805 0.532507 0.757181 0.810575 0.322337 0.806223 0.829990 0.733908 0.827847 0.869413 0.802362 0.691057 0.786410 0.403685 0.717692 0.712621 0.670167 0.538547 0.808575 0.867376 0.717117 0.397669 0.844129 0.776379 0.799443 0.735778 0.488279 0.794196 0.762165
0.959371 0.602101 0.557250 0.539549 0.736723 0.870353 0.835073 0.912924 0.812377 0.773486 1.000000 0.877855 0.667518 0.878696 0.456835 0.847906 0.455784 0.847236 0.864604 0.550929 0.820706 0.505481 1.000000 0.637272 0.637106 0.889183 0.796035 0.860502 0.793385 0.827414 0.794162 0.601681 0.900514 0.681760 0.739068 0.954191 0.725588 0.836888 0.386353 0.765952 0.627888 0.893050 0.590954 0.622516 0.420392 0.574380 0.540111 0.927173 0.883870 0.793463 0.997871 0.644535 0.938755 0.901581 0.723975 0.692233 0.786309 1.000000 0.856878 0.631354 0.810847 0.973896 0.898976
0.728014 0.750612 0.612794 0.624278 1.000000 0.644353 0.360635 0.865366 0.808709 0.853130 0.614023 0.676408 0.860725 0.944499 0.679941 0.710310 1.000000 0.649664 1.000000 0.549747 0.799537 0.659852 0.955042 0.734927 0.964889 0.629809 0.458285 0.638417 0.672441 0.445209 0.911661 0.537383 0.989178 0.500745 0.498130 1.000000 0.932062 0.877609 0.641242 1.000000 0.839470 0.642571 0.947128 0.773123 0.943534 0.929098 0.605949 0.824888 0.751412 0.518190 0.594471 0.790073 0.443200 0.470586 0.983689 0.615183 0.603387 0.923765 0.687989 0.698444 0.691806 0.904943 0.363342
0.969346 0.861785 0.933037 0.808179 0.852089 0.698803 0.825825 0.820741 0.583013 0.683415 0.669086 0.641931 0.817837 0.821941 0.887645 0.432345 0.793251 0.978153 0.705782 0.770169 0.437756 0.797490 1.000000 0.614234 0.933743 0.908130 0.318612 0.809769 0.590449 0.649745 0.755337 0.991546 0.527978 0.460158 0.835538 0.570114 0.620787 0.665445 0.929079 0.575075 0.792946 0.657291 0.940153 0.758093 0.907419 0.791575 0.776402 0.872515 1.000000 1.000000 0.663574 0.774425 0.896889 0.712405 0.485570 0.946621 0.648168 0.479511 0.727506 0.568707 1.000000 0.549442 0.712233
0.730660 0.591913 0.657898 0.852484 0.760594 0.599961 0.595971 0.711570 0.460772 0.721747 1.000000 0.864145 0.552498 0.849094 0.849142 0.855643 0.645247 0.916182 0.437833 0.867979 0.664184 0.951945 0.902031 0.940548 0.714796 0.799730 0.566377 0.476433 0.563584 0.595255 1.000000 0.611688 0.809001 0.805972 0.908033 0.609478 0.694015 1.000000 0.964705 0.714624 0.752286 0.495898 0.899465 0.834436 0.844892 0.804134 0.869807 1.000000 0.926549 0.693401 0.833287 0.508553 0.803480 0.626426 0.917096 0.787551 0.563448 0.733375 0.980324 0.891531 0.855504 0.826995 0.869951
0.907687 0.712557 0.638845 0.924337 0.471632 0.530758 0.728090 0.876786 0.696985 0.989571 0.760710 0.896301 0.752057 0.782747 0.945595 0.935826 0.736087 0.773768 0.621135 0.807658 0.666707 1.000000 0.714863 0.697246 0.966025 0.646318 0.649525 0.450768 0.606095 0.887201 0.862578 0.610665 0.904819 0.999225 0.914104 0.604642 0.865975 0.885407 0.628634 0.626844 0.573446 0.591681 0.590024 0.769256 0.820207 1.000000 0.770969 0.859988 0.727543 0.495728 1.000000 0.709403 0.861819 0.760673 0.732438 0.666542 0.863475 0.916070 0.900071 0.892842 0.732892 0.837754 0.668932
0.740111 0.590273 0.598876 0.973069 0.928539 0.605418 0.693842 0.612352 0.947477 0.397899 0.630108 0.635413 0.792100 0.517111 0.759889 0.699839 0.791184 0.591697 0.876580 0.616500 0.828303 1.000000 0.958357 0.680976 0.887847 0.818782 0.725612 0.820528 0.875765 0.899010 0.968639 0.767479 0.629815 0.504980 0.758045 0.751022 0.744993 0.859971 0.907282 0.521736 0.677465 0.870411 0.679917 0.631244 0.908602 1.000000 0.795569 0.628321 0.666775 0.776967 0.978182 0.723542 0.537030 0.696313 0.654868 0.683109 0.602440 0.881016 0.801897 1.000000 0.676635 0.443010 0.516331
0.873871 0.917095 0.760802 1.000000 0.610664 0.845274 0.763577 0.895394 0.760978 0.936763 0.661778 0.914158 0.756950 0.730358 0.797284 0.820590 0.792345 0.793366 0.756414 0.746332 0.703473 0.393538 0.400928 0.934366 0.612540 0.530785 0.653580 0.746970 0.655483 0.599192 0.780587 0.672489 0.823665 0.795655 0.796480 0.993099 0.508940 0.709778 0.957156 0.758929 0.543931 0.760120 0.541420 0.810595 0.610380 0.701910 0.806947 0.832326 0.694665 0.581014 1.000000 1.000000 0.734603 0.712931 1.000000 0.478466 0.894155 0.879860 0.882125 0.764332 0.623232 1.000000 0.633075
0.941067 0.919495 0.747880 0.534431 0.872371 0.733756 0.943987 1.000000 0.893929 0.718501 0.449503 0.647297 0.924972 0.732436 0.821357 0.845610 0.883067 0.950000 0.891735 0.811026 0.720959 0.421928 0.742285 0.697284 0.793490 0.916826 0.907836 0.730756 0.565959 0.802147 0.740900 1.000000 0.980218 0.943996 0.809023 0.789497 0.938502 0.702872 0.924844 0.592364 0.786031 0.733186 1.000000 1.000000 0.756202 0.715897 0.584780 0.933893 0.883639 0.927052 0.589932 0.522892 0.665714 1.000000 0.727513 1.000000 0.976832 0.384897 0.975632 1.000000 1.000000 0.751172 0.703580
0.932333 0.661535 0.873287 0.846097 0.907914 0.809329 0.726902 0.720151 0.676778 0.639009 0.760739 0.605328 1.000000 0.567815 0.929615 0.901661 0.872428 0.930750 0.760173 0.800129 0.924016 0.611877 1.000000 0.869400 0.575693 0.701067 0.879436 0.693880 0.768997 0.690595 0.820466 0.607945 0.864418 0.680883 0.859385 0.655054 0.768773 0.825909 1.000000 0.714361 0.900195 0.904036 0.665405 0.923256 0.865723 0.747424 0.670464 0.875835 0.755974 0.787184 0.801359 0.710873 0.833385 0.825282 0.947821 0.537339 0.915679 0.769197 0.840541 0.692596 0.709795 0.984233 0.759451
0.553104 0.840678 0.565994 0.728261 0.724542 0.804279 0.672005 0.844126 0.609737 0.436584 0.552527 1.000000 0.794541 0.708545 0.552298 0.755729 0.986198 0.743942 0.836348 0.680700 0.899263 0.975134 1.000000 0.911227 0.566122 0.623190 0.578997 0.532833 0.839978 0.964085 0.849952 0.537924 1.000000 0.798386 0.752780 0.457410 0.877572 1.000000 0.946671 0.900675 0.838144 0.580377 0.640763 0.769976 0.994174 0.647045 0.657506 0.953407 0.690377 0.979465 0.812170 0.555864 0.625143 0.585403 0.659300 0.904176 0.550522 0.614016 0.480995 0.968301 0.729791 0.889169 0.841525
