DEPONS-master/data/CentralBaltic/prey0000_11.asc
NCOLS 400 
NROWS 400 
XLLCORNER 4750000.0 
YLLCORNER 3200000.0 
CELLSIZE 1000.0 
NODATA_value -9999 
[rows 168 to 195 of 400, columns 0 to 62 of 400]
-9999 -9999 -9999 -9999 -9999 -9999 -9999 -9999 0.440380 0.314903 0.327585 0.379137 0.269677 0.354992 0.339744 0.425622 0.405618 0.402099 0.571584 0.281929 0.270441 0.297265 0.621744 0.391085 0.217702 0.364427 0.364081 0.234647 0.260383 0.478970 0.241883 0.549143 0.401437 0.352020 0.430160 0.380494 0.185224 0.159362 0.445789 0.138929 0.514722 0.252814 0.115459 0.338525 0.401370 0.324513 0.321547 0.429061 0.088077 0.236248 0.349099 0.491576 0.297874 0.241771 0.455099 0.047104 0.018998 0.453629 0.395693 0.395765 0.385562 0.191819 0.377591
-9999 -9999 -9999 -9999 -9999 -9999 -9999 -9999 0.179207 0.450927 0.221033 0.422670 0.247689 0.350555 0.248068 0.196388 0.369229 0.386985 0.333493 0.511438 0.375228 0.326125 0.405284 0.492094 0.438705 0.057532 0.114848 0.128294 0.259943 0.182858 0.325881 0.407228 0.185518 0.208272 0.411641 0.234137 0.442970 0.312228 0.197360 0.224475 0.069241 0.237577 0.319212 0.191409 0.009740 0.413942 0.255587 0.135063 0.445542 0.186362 0.548945 0.265203 0.321897 0.321477 0.280236 0.018501 0.345679 0.239606 0.266211 0.224206 0.240625 0.269455 0.176794
-9999 -9999 -9999 -9999 -9999 -9999 -9999 -9999 0.316257 0.311316 0.213181 0.287538 0.305882 0.338292 0.398472 0.555223 0.354959 0.363561 0.437857 0.380104 0.456693 0.346413 0.225935 0.429575 0.432401 0.308781 0.391970 0.305270 0.458909 0.132570 0.334839 0.314395 0.260192 0.432303 0.310403 0.141496 0.337029 0.240610 0.604347 0.294319 0.398061 0.127612 0.225593 0.165286 0.144050 0.072021 0.361302 0.257961 0.152500 0.293056 0.175036 0.352679 0.293181 0.393762 0.324797 0.192404 0.183030 0.240505 0.157113 0.190132 0.334057 0.134984 0.206389
-9999 -9999 -9999 -9999 -9999 -9999 -9999 -9999 0.005381 0.205080 0.523321 0.282708 0.186214 0.535340 0.336340 0.259051 0.464168 0.335016 0.283373 0.280693 0.316104 0.270030 0.559844 0.185181 0.275836 0.247349 0.431402 0.403549 0.232194 0.042009 0.303524 0.285319 0.170484 0.247181 0.305386 0.137782 0.402178 0.118988 0.252115 0.130728 0.275181 0.463546 0.249371 0.445675 0.414069 0.240842 0.456322 0.282029 0.033805 0.454553 0.246527 0.288691 0.378992 0.383036 0.127602 0.254974 0.480000 0.286337 0.251321 0.156710 0.306529 0.342588 0.139959
-9999 -9999 -9999 -9999 -9999 -9999 -9999 -9999 0.295445 0.275873 0.114594 0.509741 0.302248 0.231268 0.362660 0.416306 0.690208 0.231707 0.481342 0.172334 0.301748 0.267414 0.415470 0.328376 0.355362 0.002341 0.196098 0.407665 0.193768 0.390202 0.087160 0.207671 0.318213 0.373482 0.349989 0.170596 0.445433 0.490884 0.081048 0.381842 0.237308 0.194918 0.410732 0.331278 0.457809 0.353721 0.385856 0.231173 0.270819 0.309722 0.240398 0.180303 0.328290 0.105676 0.137493 0.202142 0.203422 0.282895 0.232310 0.051205 0.193873 0.199364 0.066819
-9999 -9999 -9999 -9999 -9999 -9999 -9999 -9999 0.377920 0.250849 0.475486 0.384608 0.435048 0.500816 0.364751 0.468902 0.193286 0.369545 0.281540 0.206713 0.409078 0.474394 0.446141 0.277439 0.170293 0.240647 0.216048 0.332271 0.123899 0.235092 0.401840 0.349624 0.470561 0.312474 0.178192 0.218063 0.298030 0.201214 0.107043 0.368313 0.223387 0.276626 0.311088 0.285955 0.193212 0.000000 0.247628 0.338252 0.292562 0.099855 0.287133 0.449036 0.239657 0.168283 0.208490 0.110054 0.085451 0.393858 0.218402 0.128087 0.224701 0.034427 0.225262
-9999 -9999 -9999 -9999 -9999 -9999 -9999 -9999 0.344588 0.736867 0.396004 0.371361 0.480389 0.227338 0.187116 0.526904 0.350120 0.280708 0.371520 0.379151 0.173912 0.652059 0.413118 0.466557 0.317120 0.323655 0.498831 0.366123 0.394622 0.297601 0.624222 0.264970 0.242610 0.213884 0.314998 0.494855 0.390166 0.187468 0.352822 0.338032 0.134344 0.597860 0.251974 0.398530 0.282023 0.274238 0.374645 0.049544 0.211917 0.253783 0.277370 0.208314 0.287792 0.374379 0.314479 0.137021 0.342697 0.166301 0.375806 0.126311 0.256227 0.227783 0.273553
-9999 -9999 -9999 -9999 -9999 -9999 -9999 -9999 0.301085 0.412346 0.327847 0.178009 0.218929 0.286202 0.374949 0.212993 0.348245 0.336923 0.269497 0.539170 0.199427 0.485317 0.464705 0.292400 0.234368 0.164651 0.398193 0.491774 0.496288 0.293241 0.372509 0.476983 0.000000 0.348979 0.332864 0.291102 0.146784 0.326821 0.330418 0.234537 0.181994 0.346588 0.311421 0.417539 0.353483 0.295477 0.247476 0.216092 0.347049 0.340545 0.137265 0.112315 0.158779 0.344772 0.067704 0.264423 0.206546 0.373717 0.049139 0.148262 0.121524 0.064556 0.316786
-9999 -9999 -9999 -9999 -9999 -9999 -9999 -9999 0.444420 0.292998 0.305044 0.193226 0.553306 0.390143 0.370533 0.299466 0.318734 0.389143 0.230196 0.477069 0.431622 0.361659 0.427273 0.270043 0.253202 0.257830 0.371261 0.503722 0.224285 0.309822 0.278196 0.236979 0.380511 0.314682 0.375134 0.498637 0.180207 0.180136 0.087880 0.432234 0.242467 0.149753 0.466031 0.448861 0.226863 0.409396 0.194045 0.540740 0.350805 0.466705 0.279419 0.234616 0.358278 0.085511 0.261538 0.182078 0.380167 0.370226 0.216620 0.021622 0.313994 0.246789 0.102320
-9999 -9999 -9999 -9999 -9999 -9999 -9999 -9999 0.280457 0.264339 0.403879 0.412501 0.217577 0.521665 0.357681 0.390253 0.108890 0.281251 0.303266 0.214071 0.280398 0.360920 0.365592 0.105239 0.398545 0.375518 0.399298 0.424395 0.336954 0.371771 0.330629 0.230845 0.029605 0.299358 0.309305 0.450758 0.218544 0.270093 0.457652 0.592588 0.075378 0.248240 0.350482 0.271704 0.219409 0.084669 0.217753 0.149196 0.291428 0.348429 0.179867 0.351888 0.246999 0.219193 0.225425 0.088528 0.117303 0.246746 0.101717 0.130308 0.171012 0.251554 0.431260
-9999 -9999 -9999 -9999 -9999 -9999 -9999 -9999 0.352189 0.460055 0.190748 0.462344 0.197016 0.409626 0.341812 0.268272 0.209167 0.378416 0.377141 0.318562 0.368011 0.385992 0.435543 0.596508 0.334422 0.125040 0.318499 0.485450 0.341648 0.499898 0.123926 0.233067 0.293271 0.246754 0.424761 0.311526 0.320909 0.144112 0.418776 0.577946 0.323718 0.243225 0.344262 0.128626 0.092703 0.126627 0.354336 0.170531 0.263467 0.150443 0.300888 0.171562 0.247178 0.246135 0.269391 0.044034 0.357872 0.256157 0.176696 0.411597 0.149928 0.345098 0.396487
-9999 -9999 -9999 -9999 -9999 -9999 -9999 -9999 0.251605 0.204809 0.578554 0.534188 0.231343 0.380669 0.211378 0.292167 0.365913 0.128872 0.241033 0.296376 0.175893 0.327627 0.341814 0.269023 0.269089 0.287860 0.135267 0.153514 0.026062 0.238129 0.378754 0.236762 0.422612 0.237778 0.353639 0.280522 0.122386 0.083438 0.228697 0.261074 0.077421 0.253230 0.485652 0.301717 0.310472 0.371248 0.351025 0.207880 0.198657 0.413650 0.361212 0.349808 0.199917 0.221432 0.154227 0.105895 0.054281 0.167514 0.315166 0.238735 0.172445 0.082360 0.248886
-9999 -9999 -9999 -9999 -9999 -9999 -9999 -9999 0.485087 0.272389 0.267492 0.219835 0.497476 0.290578 0.292386 0.448691 0.286553 0.362279 0.277028 0.206779 0.275630 0.290971 0.426914 0.157936 0.267668 0.247576 0.262487 0.143891 0.426307 0.208769 0.281044 0.079947 0.329963 0.374716 0.359570 0.227858 0.392453 0.216079 0.233333 0.391866 0.345400 0.324557 0.360203 0.489003 0.184340 0.229459 0.359412 0.260329 0.159743 0.133351 0.409042 0.255305 0.157909 0.201826 0.288961 0.155936 0.333231 0.081854 0.205102 0.412705 0.226688 0.000000 0.051117
-9999 -9999 -9999 -9999 -9999 -9999 -9999 -9999 0.279007 0.371866 0.407874 0.465595 0.367572 0.460272 0.505880 0.238861 0.342236 0.171161 0.385044 0.339616 0.297823 0.406821 0.435549 0.484341 0.181582 0.225846 0.208340 0.409496 0.342357 0.318803 0.270035 0.355482 0.344630 0.159135 0.068285 0.460092 0.222808 0.047455 0.302423 0.402844 0.363317 0.578422 0.092152 0.291895 0.380919 0.436851 0.267229 0.133295 0.062463 0.387516 0.433201 0.321932 0.312493 0.167475 0.337033 0.161017 0.283609 0.091451 0.328091 0.188999 0.042524 0.284857 0.348397
-9999 -9999 -9999 -9999 -9999 -9999 -9999 -9999 0.447781 0.270558 0.129201 0.172370 0.306505 0.282481 0.146941 0.339554 0.351222 0.509489 0.426935 0.258850 0.185796 0.053776 0.365126 0.335957 0.495914 0.434970 0.460950 0.129186 0.214129 0.401062 0.406118 0.392919 0.179389 0.148281 0.188085 0.283740 0.047795 0.123119 0.449650 0.306353 0.000000 0.377497 0.316032 0.465298 0.217568 0.268251 0.205507 0.154093 0.482002 0.530812 0.243330 0.289821 0.314011 0.380069 0.229109 0.271109 0.268510 0.370393 0.244450 0.000000 0.444605 0.123607 0.279786
-9999 -9999 -9999 -9999 -9999 -9999 -9999 -9999 0.344419 0.288636 0.602714 0.376408 0.191176 0.431296 0.082584 0.476925 0.436699 0.063424 0.251255 0.340867 0.333503 0.333187 0.429020 0.232720 0.462564 0.285807 0.190268 0.262902 0.225674 0.502796 0.207515 0.257191 0.231934 0.294173 0.209772 0.288427 0.156884 0.239275 0.180749 0.080841 0.175671 0.443761 0.244939 0.346840 0.452949 0.223263 0.299877 0.009817 0.243422 0.084683 0.053727 0.277587 0.336801 0.437180 0.322724 0.398067 0.070705 0.260536 0.465886 0.294627 0.298988 0.267366 0.547480
-9999 -9999 -9999 -9999 -9999 -9999 -9999 -9999 0.434637 0.221828 0.357256 0.371043 0.187278 0.194303 0.502719 0.365342 0.368988 0.576362 0.161434 0.271846 0.380345 0.226137 0.253629 0.349659 0.403588 0.390865 0.323179 0.606249 0.244992 0.210377 0.369810 0.290796 0.393841 0.351547 0.375285 0.285212 0.528227 0.209038 0.332072 0.366050 0.198736 0.353899 0.203249 0.409388 0.296859 0.309816 0.179423 0.352850 0.393920 0.300035 0.276690 0.240270 0.319018 0.160348 0.267784 0.293827 0.000000 0.348846 0.315875 0.174263 0.250785 0.221041 0.269974
-9999 -9999 -9999 -9999 -9999 -9999 -9999 -9999 0.371689 0.519406 0.298529 0.165529 0.380311 0.304052 0.211308 0.359692 0.144551 0.411506 0.279886 0.334346 0.264083 0.102871 0.445429 0.469465 0.229854 0.269488 0.064295 0.184369 0.262857 0.556449 0.142500 0.264742 0.331740 0.270385 0.291413 0.231500 0.092073 0.262472 0.276717 0.315951 0.455413 0.209142 0.285878 0.217910 0.391752 0.520163 0.320726 0.240468 0.362988 0.150421 0.314976 0.155627 0.347171 0.315569 0.258321 0.139603 0.408276 0.305921 0.426024 0.163570 0.138784 0.445132 0.253957
-9999 -9999 -9999 -9999 -9999 -9999 -9999 -9999 0.566978 0.422732 0.256112 0.426123 0.433696 0.345873 0.353247 0.389681 0.378227 0.169511 0.513235 0.136026 0.382803 0.355067 0.453187 0.726760 0.427023 0.046767 0.255243 0.415747 0.055800 0.564262 0.468648 0.423126 0.321000 0.361175 0.189161 0.213094 0.396827 0.210306 0.429109 0.437538 0.322164 0.148004 0.227457 0.392899 0.290448 0.310581 0.392267 0.186260 0.198560 0.186586 0.193637 0.529549 0.310741 0.258245 0.430668 0.105850 0.304783 0.310179 0.227670 0.332482 0.000000 0.216010 0.335435
-9999 -9999 -9999 -9999 -9999 -9999 -9999 -9999 0.175684 0.472956 0.284193 0.359318 0.273045 0.342339 0.580581 0.326714 0.332355 0.230695 0.207070 0.195699 0.506628 0.435989 0.340711 0.289192 0.486664 0.318937 0.288756 0.357541 0.229274 0.303097 0.301521 0.327112 0.494766 0.453286 0.312853 0.287606 0.360107 0.248065 0.244222 0.300147 0.386891 0.114069 0.529324 0.295922 0.358553 0.223754 0.474419 0.215720 0.179387 0.246276 0.201236 0.125605 0.440888 0.271558 0.394087 0.319792 0.301033 0.407005 0.467069 0.299759 0.128494 0.414598 0.322586
-9999 -9999 -9999 -9999 -9999 -9999 -9999 -9999 0.260125 0.423840 0.356476 0.480226 0.422669 0.416004 0.347050 0.371490 0.285170 0.266371 0.362269 0.580055 0.307217 0.312019 0.141322 0.168510 0.396070 0.407470 0.220231 0.053609 0.208721 0.436171 0.227689 0.458300 0.263541 0.082838 0.283019 0.424506 0.425383 0.316342 0.288149 0.332414 0.179524 0.131184 0.352338 0.182471 0.206229 0.209642 0.219476 0.153611 0.400531 0.243841 0.285132 0.313532 0.269550 0.320799 0.007172 0.237575 0.409957 0.163016 0.250781 0.295410 0.337847 0.307662 0.178199
-9999 -9999 -9999 -9999 -9999 -9999 -9999 -9999 0.306082 0.378891 0.412699 0.141012 0.341949 0.234936 0.291834 0.380405 0.404036 0.359703 0.224309 0.188823 0.272774 0.291409 0.461204 0.583089 0.338843 0.332071 0.554086 0.366738 0.240811 0.367620 0.082686 0.232491 0.180259 0.180526 0.403915 0.163230 0.337521 0.225374 0.193843 0.113507 0.331392 0.143827 0.135881 0.315950 0.196617 0.413971 0.229258 0.206297 0.130914 0.045230 0.179224 0.228147 0.296491 0.358801 0.415701 0.234536 0.217644 0.475509 0.213344 0.346983 0.189405 0.079087 0.505063
-9999 -9999 -9999 -9999 -9999 -9999 -9999 -9999 0.386630 0.353955 0.521051 0.344053 0.186083 0.398062 0.442411 0.253477 0.298249 0.320440 0.355777 0.246383 0.421807 0.435241 0.254736 0.199400 0.345236 0.486034 0.480209 0.355373 0.319634 0.405765 0.251618 0.348172 0.406883 0.283196 0.376955 0.311853 0.209125 0.164625 0.340008 0.409832 0.158847 0.446971 0.311282 0.496476 0.164670 0.347550 0.192737 0.282944 0.161258 0.334644 0.115639 0.242757 0.140474 0.193850 0.114692 0.214527 0.194711 0.299167 0.251251 0.166829 0.286908 0.292055 0.178945
-9999 -9999 -9999 -9999 -9999 -9999 -9999 -9999 0.218418 0.407579 0.290554 0.253004 0.351997 0.353989 0.415552 0.286970 0.405923 0.176050 0.419536 0.409997 0.496823 0.329358 0.243509 0.344852 0.090387 0.442555 0.301955 0.317462 0.464586 0.376359 0.247285 0.271483 0.108246 0.202848 0.522757 0.431206 0.264142 0.394031 0.476317 0.016627 0.184000 0.219700 0.077475 0.461390 0.236932 0.270271 0.409557 0.206375 0.143971 0.186527 0.495735 0.036983 0.073801 0.091314 0.215602 0.446122 0.248838 0.586185 0.367962 0.326526 0.122738 0.048632 0.225152
-9999 -9999 -9999 -9999 -9999 -9999 -9999 -9999 0.335757 0.266211 0.339501 0.344202 0.273613 0.258799 0.204877 0.392931 0.271103 0.159002 0.586453 0.279675 0.379918 0.247474 0.238632 0.457870 0.143774 0.450681 0.332849 0.291012 0.071363 0.284503 0.394620 0.361250 0.176167 0.236713 0.206977 0.359712 0.219709 0.251391 0.446307 0.165434 0.086237 0.305069 0.329042 0.274783 0.377143 0.145364 0.151574 0.423372 0.459607 0.004738 0.371875 0.201089 0.422717 0.366975 0.222762 0.403101 0.318027 0.136609 0.089648 0.130586 0.170404 0.295997 0.443373
-9999 -9999 -9999 -9999 -9999 -9999 -9999 -9999 0.263854 0.383751 0.372901 0.289496 0.377334 0.257786 0.333335 0.254310 0.223053 0.228510 0.402137 0.296379 0.151027 0.240385 0.396825 0.159620 0.303403 0.350090 0.401984 0.542997 0.246775 0.192815 0.383134 0.365156 0.129171 0.325348 0.286393 0.471818 0.479444 0.144602 0.449460 0.189380 0.301455 0.256523 0.341989 0.057195 0.233575 0.110261 0.351775 0.363881 0.271616 0.421386 0.216998 0.144271 0.235097 0.315839 0.501640 0.137897 0.206315 0.151626 0.178971 0.291128 0.209812 0.411804 0.326492
-9999 -9999 -9999 -9999 -9999 -9999 -9999 -9999 0.163999 0.345530 0.431238 0.468295 0.395344 0.280437 0.160766 0.411220 0.320388 0.323315 0.148197 0.107689 0.416415 0.254325 0.249384 0.176670 0.172041 0.401812 0.469559 0.329797 0.297834 0.372582 0.329439 0.258546 0.432078 0.185674 0.421462 0.291730 0.220099 0.338539 0.318863 0.125414 0.291293 0.471371 0.286369 0.325497 0.304213 0.324256 0.196397 0.172736 0.364236 0.359818 0.383102 0.453443 0.398396 0.231571 0.364938 0.228484 0.382734 0.304013 0.303796 0.433332 0.287759 0.163370 0.167353
-9999 -9999 -9999 -9999 -9999 -9999 -9999 -9999 0.318359 0.273359 0.208211 0.065093 0.458834 0.335296 0.215393 0.224328 0.174553 0.303956 0.278093 0.205578 0.445660 0.342797 0.306572 0.333768 0.392035 0.337016 0.383765 0.326312 0.270724 0.248938 0.195101 0.170327 0.262790 0.223268 0.217515 0.430037 0.390556 0.421447 0.243177 0.363557 0.366364 0.284519 0.323588 0.317774 0.384403 0.371045 0.334759 0.445047 0.234550 0.407008 0.309361 0.082670 0.301708 0.260975 0.039179 0.352511 0.222122 0.149941 0.376981 0.149785 0.366146 0.026241 0.263693
