DEPONS-master/data/CentralBaltic/salinity0000_06.asc
NCOLS 400 
NROWS 400 
XLLCORNER 4750000.0 
YLLCORNER 3200000.0 
CELLSIZE 1000.0 
NODATA_value -9999 
[rows 308 to 335 of 400, columns 124 to 185 of 400]
9.010941 7.888078 8.345658 8.166078 8.151829 9.156292 8.080987 7.839224 7.780474 7.337169 8.190014 8.093611 8.291632 7.831020 8.381645 8.321433 7.514777 7.897866 9.231879 7.654267 8.704066 8.215076 7.906774 7.860588 8.709221 7.806870 7.895309 7.290870 8.044674 7.832745 8.695789 7.774120 8.128977 8.621886 8.471094 7.585078 7.907464 8.143691 8.862968 7.682331 7.702108 8.730358 8.569475 6.958596 8.044911 8.698065 8.578557 7.351674 7.676088 7.944921 7.795657 8.341232 8.289287 8.123274 8.139975 8.018792 7.847722 8.213128 8.365829 7.694459 7.678948 7.213707
7.867886 8.393780 8.126207 7.911909 8.351847 8.542349 7.922337 8.180801 9.162159 7.484398 8.574976 7.604802 8.190988 8.859105 8.430250 8.321269 7.786388 9.004262 8.016659 8.597123 7.924016 8.569021 7.859361 8.086107 6.951280 7.953595 8.857389 7.964387 8.534284 8.190135 8.046459 8.324285 8.558174 7.963612 7.464765 8.769428 7.653318 8.147338 8.336083 7.628456 7.887902 8.358904 8.259796 8.171814 8.009891 6.988861 7.734330 8.946031 8.388130 8.025324 7.845251 7.947474 7.643862 7.353098 7.558598 8.152384 7.719786 8.123772 7.822982 7.646317 6.907529 8.206905
7.182835 8.481239 7.620858 8.038196 8.288182 8.058424 8.502022 8.862558 8.064964 8.584493 8.107359 8.696334 7.818079 8.004959 8.834314 8.223280 7.669649 8.019853 8.305837 7.909218 8.022622 8.906849 8.015494 8.036929 8.321686 9.011853 7.926390 7.631836 8.158155 8.585765 9.242093 8.697219 7.406448 7.933950 8.375662 8.188251 8.596152 8.248060 7.999338 8.334044 8.306274 7.707981 8.659265 8.426896 8.340490 8.188563 7.386726 8.079579 7.841825 8.716794 7.580094 8.404929 6.887799 8.193146 7.120908 7.775666 7.696995 7.563231 8.210019 8.614246 8.282574 7.824525
8.192679 8.009141 8.807192 8.027190 8.097116 7.875413 8.627985 7.402164 8.627010 8.578528 8.328970 8.421986 8.929811 8.817020 8.922801 8.038901 7.992941 8.522137 7.737943 8.369970 8.654720 7.644461 7.945483 7.959162 7.626857 7.669726 8.183511 8.004327 7.392028 8.428831 7.910914 6.687691 8.858366 7.435704 7.929078 8.982287 8.485506 8.324891 8.942657 8.244321 8.622139 7.941257 7.573393 7.728178 7.695279 8.172075 8.475254 9.241552 8.605558 8.115370 8.488929 8.185290 9.109374 8.631367 8.226133 9.193031 7.801368 8.371895 8.204310 7.930543 8.598242 7.823842
9.022923 8.458538 8.923576 8.186301 8.073797 8.579429 7.543381 8.898559 9.060711 8.203174 8.666354 8.503723 9.061041 8.472840 8.330582 6.851735 7.638448 7.944790 8.163547 8.496794 8.576157 8.010730 7.869080 8.046999 7.702643 7.973253 8.534367 7.534802 8.026724 8.234234 7.473964 8.292272 8.560796 8.471649 8.606837 8.160342 7.818036 7.349601 7.958059 7.383727 8.255203 8.673403 8.121027 8.191188 7.965214 7.524970 8.008361 8.163408 7.998532 7.994410 8.328927 8.015991 7.216408 8.089148 7.974431 7.954992 8.116311 8.174446 7.480415 7.399484 8.590679 7.512032
9.362025 7.806239 8.364287 8.159657 8.544435 8.525707 8.672077 8.617469 7.524348 8.184913 7.643897 8.691200 7.756553 8.555713 9.216460 7.945858 7.787761 7.953128 7.736652 8.198938 9.006455 8.118693 9.024988 8.438222 7.683726 7.174893 7.941769 8.001683 7.496154 7.716351 8.440395 8.373458 7.262868 7.749550 7.224280 7.725082 8.208162 6.710187 9.312891 8.429145 7.895675 7.549236 8.830433 8.368666 8.037313 8.076820 7.851126 7.921337 8.189293 8.464971 7.408840 7.823049 9.105816 8.281044 8.354296 7.806398 8.981771 7.772084 7.987541 7.905856 8.237338 7.636179
8.006151 8.307973 8.146450 8.747511 8.635276 8.121289 8.203389 9.319407 8.893004 8.245671 8.376068 7.902785 8.950371 8.323249 8.013330 8.411598 8.180165 7.719479 8.408044 7.460428 8.057019 7.126048 8.115874 7.476915 7.994110 8.237481 8.574125 8.933000 7.513805 7.531592 8.201583 8.610149 8.855277 7.564564 7.930579 8.284888 8.153545 8.223901 7.620669 8.208384 7.593654 8.585142 7.792007 7.406670 7.817434 8.121376 8.375315 8.281088 7.376057 8.575656 7.384345 7.874775 7.366167 7.349233 7.489181 8.328218 7.651672 7.848994 7.487611 7.412944 8.349014 8.501864
8.386148 8.300022 8.737447 8.087112 8.941476 8.099163 8.727163 8.072740 7.872986 7.791304 8.143375 8.439884 7.950225 8.319238 7.716617 8.231163 8.510476 8.110976 8.098720 7.520966 7.620974 7.335792 8.253508 7.950990 9.045003 8.493872 8.518283 7.943203 7.745193 7.630818 7.843363 8.775216 8.574591 7.543554 7.930337 8.082175 7.393241 6.884608 8.140257 8.684938 8.346520 7.829551 8.489597 7.308621 8.409785 7.566927 9.178014 8.454008 8.188579 7.874810 7.816887 8.205786 7.967036 8.058401 8.122630 8.724705 8.276179 7.907254 7.128241 6.907592 7.163694 7.994169
8.462763 8.164661 8.195500 8.323970 8.395443 8.004429 7.919510 8.166920 7.802588 9.093396 8.138042 8.036189 8.636314 8.133399 7.830688 8.516386 7.886127 8.255557 8.419016 8.083293 8.219105 7.896180 7.992972 7.399720 7.605880 8.433735 7.700834 9.165323 7.158387 8.311816 9.642000 6.972467 8.773333 7.589935 7.829062 7.971108 7.666331 8.369749 7.480158 8.623581 7.763982 8.486714 7.532053 8.078580 7.586603 8.510577 7.254818 7.335987 7.190520 8.592615 7.343583 7.740213 7.254406 7.450746 8.181011 8.226634 8.388009 7.718144 7.708969 7.480782 7.595540 7.633779
8.301909 8.440642 8.277702 8.587613 7.805732 7.956691 8.528087 8.714525 8.121377 8.757682 8.337378 8.444896 8.187291 8.060271 7.072064 8.166804 9.094009 8.522248 8.735070 7.422748 8.210618 7.332661 8.255186 7.922999 8.046859 7.986237 8.683032 8.486166 7.915184 8.032334 8.596679 8.106167 8.338778 7.698452 7.882746 8.749091 9.424391 7.145253 8.132929 8.347480 7.345104 8.073797 8.222109 8.432207 7.447408 8.216216 7.125241 8.632849 8.358514 8.363114 7.679241 8.313542 8.830463 9.106859 8.564151 8.205100 7.314697 7.379264 7.888710 7.675161 7.591760 8.319785
8.390902 7.185268 8.948954 9.073521 8.598013 7.891006 7.928981 8.151724 8.259139 8.247412 8.142438 8.667573 8.679295 8.318512 7.400005 8.225137 7.866010 9.531187 8.085794 8.209042 8.470072 8.285731 7.349952 8.504106 7.065606 7.244695 7.989637 8.359099 7.933427 7.219519 7.649122 7.418532 7.707842 7.834939 7.759836 7.836437 7.151409 8.279795 8.856640 8.107484 7.584423 7.287950 7.713377 7.860858 7.796861 7.710699 7.810453 7.606268 8.436130 7.945951 8.669223 8.080185 9.567966 8.489523 8.185466 7.449955 7.946672 8.793577 7.908995 8.533015 8.188824 7.867485
8.834398 8.822395 8.247042 8.402844 8.495214 8.459227 7.885074 7.942627 8.288659 7.619112 8.013321 7.230407 7.990787 7.745954 8.039085 8.565737 8.097230 7.364698 7.307112 8.412055 7.763667 7.895556 8.654232 8.224107 7.337315 8.282149 7.694209 8.443984 8.651857 8.339506 8.630385 8.280818 8.079294 8.263872 7.195323 8.104342 8.395743 7.975410 7.034239 8.009187 7.876453 7.444749 8.227841 8.484152 7.891564 8.502010 8.832919 8.453605 7.689718 8.063213 7.650934 8.431033 7.795333 7.614818 7.334136 7.933787 7.935082 7.464942 8.013873 8.030671 9.067995 7.547836
8.561618 8.851914 8.486824 8.278119 7.310537 7.845519 7.802754 8.561130 8.519083 7.996696 7.914052 8.017892 8.077736 8.291007 8.464839 7.446967 8.354310 8.628218 8.395598 7.922886 8.068852 8.582452 7.484042 7.437463 8.139105 8.169899 7.626348 7.583442 8.188215 7.624958 7.898581 8.317963 7.800739 7.667722 8.738405 8.148234 8.577101 8.421913 8.655549 7.882601 8.052413 7.303007 8.794780 8.509731 7.528491 7.532052 8.773206 7.298655 7.709809 8.769813 7.963011 8.741409 7.459155 7.243754 8.951245 7.745037 8.106162 7.132411 7.311805 8.375500 7.702475 6.820788
7.376736 8.124925 7.326259 7.850512 8.336847 8.675368 7.749440 7.737370 7.536491 8.160561 7.633844 7.745517 8.468413 8.539906 7.866776 7.813238 7.465306 8.399348 7.935058 8.139569 8.043113 7.706096 8.149122 7.967657 7.978450 7.398088 9.033954 7.707434 7.640788 7.357671 8.135664 8.248539 8.915415 8.600026 8.374807 7.759872 9.163489 8.368760 8.061162 8.097052 6.981058 7.417052 8.352978 8.621487 6.896400 8.131428 8.104280 7.733025 8.541174 7.772694 8.313851 8.175471 8.157017 8.033230 7.346364 7.481488 7.786355 7.964930 8.483165 8.117510 7.638367 7.697774
6.379747 8.307769 7.330735 8.272984 8.367938 7.414240 8.475983 7.465705 7.867577 8.606002 7.501400 8.260924 8.278345 8.544134 7.716892 7.790915 7.500769 7.946501 7.451439 8.407836 8.329217 7.645255 7.889766 7.208134 7.102455 8.116945 8.414480 8.505107 7.787808 8.092813 8.917012 7.492444 8.714675 6.758528 7.911929 8.342226 7.616562 7.687280 7.724988 8.397911 8.781441 8.855539 8.018627 7.900686 7.169706 8.465417 7.653732 8.917355 6.991716 8.075018 7.808660 8.486061 8.459806 7.829051 8.191703 8.842310 7.322031 7.785413 7.458315 7.295660 7.722349 9.008571
8.408457 7.610100 7.282384 7.513241 8.244519 8.384624 8.452483 7.526140 7.443485 8.623075 7.475438 9.175404 8.634226 8.619567 8.471416 7.684108 8.411182 7.664753 7.601298 8.430513 7.525549 8.318836 8.182238 8.161469 7.671293 7.926881 10.312540 8.049504 6.861875 8.152242 8.017883 7.849241 7.455766 7.709817 8.312980 7.927951 7.527454 7.661032 7.887347 7.989893 8.570599 7.690379 7.511162 7.662447 8.235572 8.026516 8.632842 8.439462 8.157521 8.169060 8.174160 7.452199 8.347084 8.099374 7.174278 7.893938 7.638721 7.723894 8.295782 7.420595 7.831226 7.845704
7.787742 7.869663 7.428725 7.055668 8.426315 7.803353 8.006082 7.485920 8.173622 8.572276 7.227655 6.640733 8.478246 8.565203 8.395767 7.426461 7.191696 7.832330 7.281678 7.848518 7.755563 8.569233 8.461305 8.407579 7.832322 7.121366 8.105216 8.043172 7.407900 7.878656 7.250936 7.526446 7.333009 8.557610 7.718039 8.050631 8.167503 8.266224 7.489800 7.434578 8.429147 7.773682 7.673556 7.878052 8.033341 8.197498 7.630550 7.925508 8.129042 7.811865 7.632091 6.882667 7.286494 8.803575 7.442389 7.873776 8.166323 7.378406 7.214233 7.523093 7.600675 8.256682
7.570945 8.248808 7.759612 8.169952 8.248517 8.849406 8.122788 8.050570 8.411350 8.325707 7.718759 8.333575 7.020401 7.213566 7.527748 8.154501 7.621804 7.486689 8.117205 7.674703 9.122308 8.959671 8.245640 8.148433 7.741163 8.106198 8.337060 8.338767 8.215938 7.877874 7.938896 7.535616 8.041893 7.400128 8.467994 7.593835 8.079584 8.567600 7.537541 8.563550 8.259584 7.637130 7.634888 7.800247 8.195726 7.232433 7.527815 7.250412 7.768924 8.274640 8.677250 7.317497 8.485631 7.411983 8.864453 7.838013 8.133510 8.349969 7.877465 7.970318 8.449548 8.450896
8.564511 7.737435 7.353757 8.213360 7.018808 8.206925 7.557450 8.340707 8.201869 8.336812 7.751003 8.927462 8.789694 8.181449 8.061807 8.988515 8.704172 7.286217 7.964161 6.936481 7.874719 7.503416 7.809054 8.001962 7.857430 8.526659 7.594266 7.837177 7.112931 7.556839 7.211509 8.303860 8.816202 7.458625 7.918046 7.897377 7.788357 8.492685 8.002431 7.719569 6.919440 7.773646 7.767729 7.399036 8.578098 7.571139 7.054399 7.416926 7.846458 8.306561 8.073043 8.594859 7.331906 8.370455 7.654077 8.585707 8.044165 7.541452 7.773011 8.292860 7.905815 6.892626
8.796694 8.547362 8.770344 7.776146 7.987375 8.634183 7.164960 8.011239 7.142510 8.362794 8.032196 8.468624 8.139822 7.247965 8.412348 8.147068 8.962448 8.384981 7.887035 7.837677 8.267049 6.973767 8.244111 7.267485 7.962288 7.446628 8.574628 8.242218 8.407356 8.090053 6.807710 8.161370 8.023032 8.703794 7.708545 7.158378 7.843036 7.787986 8.305341 7.695228 7.641793 8.872065 6.956098 7.881137 8.550770 7.900321 8.241448 8.201077 8.242422 9.033326 7.322524 8.273515 7.773700 8.327083 7.366628 6.831406 7.676727 7.347912 7.923636 8.625014 7.662407 7.113028
7.820111 8.658940 7.235592 7.894728 8.486624 8.418634 8.547600 8.575993 8.405001 8.099143 8.301780 7.298099 7.971943 8.444388 8.059093 7.405320 7.663413 8.343082 8.326504 7.756197 7.494292 8.439874 8.739461 8.526185 8.144043 7.442009 8.369194 8.452929 6.955211 7.293865 7.918728 8.570868 7.510249 7.356226 8.573877 8.399646 7.395745 7.862796 7.447774 7.371543 7.716901 7.116744 7.663729 8.037228 8.201802 8.359780 7.844243 6.792992 7.675440 7.852580 8.369056 7.737397 7.857299 9.005705 8.378196 7.457222 8.848377 7.344449 8.572798 7.451889 8.497103 7.211549
7.478584 8.523998 7.645681 8.704039 7.620330 7.971136 7.502344 8.141594 8.629935 8.369282 7.724853 8.059987 8.448860 7.821117 7.721384 7.032870 7.617396 8.225354 7.789327 7.229232 8.088152 8.869993 7.846183 9.077654 7.585768 7.380441 7.221944 7.551507 8.133049 7.602675 6.889334 8.213187 7.945163 8.177490 7.323102 8.356319 8.145557 7.631659 8.539181 8.134522 7.956721 8.122651 7.539453 7.699568 7.089918 7.950613 8.187705 8.042990 7.883503 7.544099 8.171022 8.649736 7.644950 7.549127 8.725963 7.423272 7.602809 7.561915 8.285109 7.983332 7.294463 7.304173
7.063914 7.697203 7.968936 8.065519 7.745415 8.852592 7.613280 7.886642 8.350445 8.341641 8.021638 7.949149 8.813510 8.462819 8.241509 8.035178 8.622271 7.939789 8.021509 7.806369 7.242515 7.802654 7.772685 8.342896 8.029894 7.138936 7.461238 7.379291 7.338334 8.440624 8.191238 8.702092 8.468300 7.674714 8.159836 7.383724 7.833664 7.992299 7.825817 8.550740 8.056945 8.370986 7.908791 7.031184 8.693734 7.757770 7.547955 7.938587 7.544620 7.428803 7.793234 7.533678 7.450714 8.324601 8.597722 8.344400 7.664856 7.309083 8.184848 7.654490 7.996558 7.418209
6.991117 7.860904 7.996166 9.713834 7.555807 7.604872 8.665598 7.071456 8.062454 8.638237 7.372298 8.039574 8.021332 7.403441 7.314425 8.200509 8.330354 7.954856 8.480154 7.703873 7.220076 7.075811 9.054067 8.746282 7.925978 8.383648 8.075612 7.556917 7.645224 7.903401 8.045554 8.092426 8.002868 7.778721 7.259001 7.782391 7.213017 8.140852 7.260580 6.710180 8.359192 7.958809 7.254614 7.451784 7.914925 8.330988 7.778700 9.055010 7.797167 7.461743 8.307783 7.885932 7.585047 8.295404 7.915126 7.452861 7.754090 8.548860 8.046757 8.211417 8.271041 7.643292
7.496643 7.762669 7.893747 7.712161 7.569552 7.996894 7.934762 7.115092 7.378238 7.275743 7.738633 8.062485 7.749859 8.348729 8.175699 7.610690 7.802648 7.706365 8.282620 8.317649 7.417535 7.679302 8.830227 7.751307 7.333547 7.162389 7.908844 7.794013 8.710403 7.040602 6.853270 8.167289 7.512899 7.764789 8.672771 8.037802 7.821582 8.487911 7.954906 8.101660 7.462118 7.099453 7.625418 8.107716 7.772354 7.876912 7.968776 8.856220 7.318986 8.262707 8.208133 7.550271 8.300998 7.961065 7.819681 8.039220 7.969273 7.702856 8.209146 7.873906 7.210013 7.900484
7.662272 8.491069 8.483881 6.941264 7.940648 7.271572 8.287542 8.096325 8.364354 8.414378 8.026463 7.869672 7.825485 8.640638 8.323603 7.492101 7.611508 8.428765 7.504731 7.931792 8.863290 8.118142 7.438478 7.956995 7.920008 7.963405 7.669092 8.302240 7.882767 8.210713 7.921050 7.976661 7.825044 7.389523 7.590784 7.872745 7.640342 7.707117 8.437560 7.546769 8.016765 7.416970 7.566773 6.766539 8.598665 8.071016 7.613893 7.606158 7.981846 7.832700 7.444610 7.374748 8.441787 8.308549 8.572697 7.499673 7.751712 7.522290 8.170651 8.202355 7.669929 8.241298
8.153262 7.817261 8.685070 6.907390 8.191114 7.946348 8.232357 8.007492 8.222510 7.561728 7.533378 7.139909 7.803210 8.433407 8.067904 8.397841 8.460293 8.162772 6.644677 8.641163 8.144427 7.944790 7.502570 7.175366 7.647160 7.885341 7.154211 7.556672 7.352046 8.262229 7.976521 7.511737 8.701341 8.215946 7.284395 7.777903 7.256817 8.301934 7.503693 7.691894 7.717264 7.699129 7.841193 7.196645 8.481746 8.011300 6.991799 7.843854 8.188505 7.248940 7.428507 8.144780 7.105284 8.131158 7.415441 7.052218 6.810557 7.003274 7.963084 7.829732 7.398065 6.975045
8.008964 7.444727 8.975234 7.780201 7.769886 7.592352 6.979469 7.533351 7.847905 7.263088 8.390266 8.844293 8.727577 7.985880 8.326779 7.902134 6.971017 7.388203 7.685235 8.357408 7.994538 8.202227 7.353208 8.473420 7.856031 7.908922 7.925655 8.184224 7.432590 8.522345 7.515917 8.319532 7.616260 8.114417 8.226568 7.794630 7.340200 7.051141 7.352761 8.183253 8.436688 7.411519 7.551698 8.470075 7.298129 7.583051 7.844754 7.808432 6.927366 7.070753 8.415154 7.781276 8.092574 7.839594 7.788748 8.960015 7.667718 6.778865 8.274736 6.731950 8.082025 8.265916
