DEPONS-master/data/CentralBaltic/salinity0000_03.asc
NCOLS 400 
NROWS 400 
XLLCORNER 4750000.0 
YLLCORNER 3200000.0 
CELLSIZE 1000.0 
NODATA_value -9999 
[rows 162 to 188 of 400, columns 122 to 182 of 400]
13.740518 12.727410 13.114736 13.221465 12.894868 12.718799 13.196713 14.187656 12.999977 12.664462 12.768359 13.787640 12.249584 12.241209 12.727813 12.482312 12.379232 12.334495 12.949775 12.924636 11.723590 12.362513 12.373063 12.738639 12.472204 13.416594 12.406349 12.474877 12.954691 13.053849 11.501497 12.006230 11.986624 12.743539 12.550661 11.820246 12.506999 12.733284 13.250899 12.105803 11.770298 12.375633 11.752723 12.554787 12.611224 13.013797 12.064604 12.573658 12.783317 11.939207 13.015848 12.276435 13.477502 12.593586 11.909828 12.735959 11.961366 12.052135 12.408532 11.652492 11.914550
13.281090 12.880831 12.937083 13.067631 13.672067 12.270741 13.199621 13.281169 12.485953 13.216286 13.769307 12.443620 13.699811 13.126998 13.390726 12.010448 12.696166 12.730083 13.146546 12.852696 12.896703 12.409877 12.962616 12.430472 12.067846 12.852197 13.587864 13.107958 11.803742 11.927592 12.665885 13.094714 12.255180 11.866639 12.937698 12.360440 12.413217 12.452421 12.215833 12.900428 12.166967 13.071470 11.961292 11.340062 12.541181 12.254287 12.874858 12.640468 12.798697 12.446311 12.678481 11.898030 12.753638 11.218520 11.950046 11.920700 11.542839 12.409853 11.652472 12.750441 12.095948
12.556270 13.385728 12.552270 12.897781 13.546236 12.632729 12.119353 12.097426 12.039907 12.953557 12.591734 12.884780 12.492012 12.117187 12.881815 13.963031 12.963637 12.994844 13.044604 12.209827 12.840537 12.404272 12.984265 13.254844 12.759068 11.992787 12.715686 12.074231 11.940668 11.791904 12.562475 12.188103 11.282481 13.123227 12.122666 12.170844 12.046954 12.857171 12.018401 13.342687 12.536206 11.789425 11.646859 12.566918 11.594450 12.333257 11.825322 12.315539 11.845660 12.927119 11.428991 12.310757 12.336301 11.634802 11.594666 12.670470 12.138973 12.042672 11.770599 12.038729 11.975203
11.736360 13.193512 13.213762 11.765755 13.705958 12.620071 13.069536 13.420816 12.825351 13.212165 12.831085 13.037733 12.534750 12.968301 12.246571 12.991519 13.098298 13.030317 12.656824 13.156030 13.320811 12.518926 12.909370 12.210934 12.497661 12.571225 13.106084 12.254959 11.952979 12.164562 12.955509 11.882250 11.657620 12.374124 12.700013 13.234761 11.867072 12.187379 12.580326 12.033201 12.356466 11.929290 12.459485 12.040327 12.439674 12.105717 12.420048 12.357788 12.780656 11.852802 12.133240 12.472959 10.743863 12.244205 11.522642 12.483366 12.714870 12.359672 11.519883 11.693577 10.570626
12.651113 12.878820 12.886636 13.048757 13.608125 12.268151 12.938119 13.008350 12.754772 13.226103 12.336482 13.559799 13.050990 12.753410 13.141224 12.448698 12.057791 12.012795 12.746898 13.704384 12.394470 12.971351 12.517507 12.363827 12.491481 11.967952 12.389831 12.792031 13.035604 12.927852 11.649787 11.379198 12.551405 11.753412 11.988948 12.554186 12.011342 11.994917 13.274166 13.199701 12.000680 11.958069 11.709963 13.393505 12.194845 12.177002 12.680338 12.188991 11.363311 12.883982 12.208813 12.072514 12.471516 11.460014 11.794023 11.350182 11.882381 12.712546 12.368342 12.109760 11.541413
12.538902 12.643428 13.105071 12.376966 11.907871 12.393218 13.171516 13.383604 12.813416 13.017484 12.492475 12.994329 13.166794 13.380616 12.549858 12.454124 12.576647 13.255822 13.049096 13.309304 12.503777 12.438040 12.463961 12.489271 13.328629 13.058780 12.203792 13.389684 11.750555 12.989382 12.830962 12.182759 12.279550 12.100201 12.283242 12.247419 12.179505 12.968823 11.297485 12.955342 11.587534 13.412866 12.022181 12.894467 12.121557 11.951744 11.460145 11.192097 12.478056 12.321875 11.944124 12.502035 12.241446 12.401026 11.697295 12.264564 12.784825 12.837988 11.772790 12.684935 12.309196
13.398766 12.848077 13.764812 13.085724 13.458741 13.232214 13.820308 12.503073 12.797303 13.163698 12.797910 12.981698 12.618608 12.888002 12.318699 12.660144 12.406637 12.615280 13.010223 12.273471 12.484257 12.250968 11.900671 12.238872 12.721842 12.053453 11.983211 12.514382 12.427484 11.824289 12.411234 12.582964 12.665211 12.456848 13.259055 12.260721 12.015589 12.510773 13.101411 12.548441 12.790944 12.916299 13.449475 11.506567 11.664232 12.710447 11.944412 12.160976 12.297918 12.639031 11.970809 12.334676 12.127382 12.118781 11.531854 11.899556 13.226735 12.788299 12.149527 11.670512 12.575786
13.468788 12.933397 13.415722 11.789094 12.872158 12.716893 12.658686 12.596084 12.909421 12.795336 13.701695 12.877484 12.833425 12.558434 12.611192 12.583848 12.617756 13.410095 12.665331 12.934704 12.206051 11.501886 12.901991 12.045911 12.743253 11.730459 12.635492 11.970572 11.568125 12.473433 13.025357 11.790260 12.662248 10.943430 12.864414 12.175860 12.350068 12.164475 11.746808 12.597146 11.808542 13.181490 12.618046 12.298278 12.449217 12.309926 12.762478 12.346964 12.827131 12.394568 12.227136 11.710505 11.378746 11.991317 12.390951 12.032118 12.560181 12.616720 12.385871 12.355927 11.629544
12.571123 13.122437 12.820598 13.346953 12.118338 13.220011 13.259825 13.176415 12.081920 13.363138 12.992219 13.070827 13.175918 12.732745 12.931034 13.127706 12.038239 12.932927 12.158203 12.453199 12.164304 12.683348 12.333643 11.521132 11.964345 12.601369 12.663385 12.664714 12.259893 13.383059 11.673457 12.752152 12.076202 12.084879 13.594778 11.932317 12.341736 12.929712 12.376406 12.392590 12.079253 11.811204 12.504691 12.023540 12.628650 12.340388 11.527374 12.351351 12.469194 12.074730 12.305282 11.388935 11.508408 11.860623 12.003431 12.052455 11.775098 11.404814 12.334781 12.481184 11.960287
13.494944 12.706648 12.940612 12.701004 12.816552 12.690982 13.107961 12.812676 12.537155 12.703112 12.152435 12.930312 13.255656 12.333966 12.165612 13.008906 13.091900 12.927137 12.853438 12.659301 13.040747 12.897643 12.866276 12.318837 12.697368 12.503685 13.001984 12.606946 12.581915 12.276566 11.927662 11.929471 12.564229 12.349998 12.721209 13.312657 12.818158 13.087496 12.365063 12.175511 11.655626 11.527145 11.827236 11.949714 11.573327 11.833355 11.913969 12.919786 11.833188 11.613288 13.127530 12.357605 12.498848 12.262567 11.465297 12.490290 11.745568 13.092823 12.584766 12.178885 11.605882
12.474927 12.971577 12.853300 12.790072 12.809218 11.891219 11.675177 12.646585 12.817006 11.904824 13.099210 12.183422 12.886360 13.103553 13.313799 12.628561 12.217283 12.473000 11.936492 12.160069 12.739064 11.855173 11.893333 12.959233 12.088303 11.968870 11.831731 12.695033 13.683351 12.891008 12.653613 12.563733 12.678793 12.935874 11.938492 12.756345 12.632391 11.737916 12.611111 12.615971 11.486402 12.572254 11.348428 12.192800 11.262750 12.335021 11.205893 12.093313 11.863367 12.562685 11.488229 13.177518 12.335904 12.562724 12.773136 10.772097 12.625127 11.840033 12.479970 11.511935 12.316765
12.150165 13.408095 13.303833 11.915114 13.050038 11.968386 12.119620 13.161518 13.434705 13.425215 11.768971 12.467117 12.153376 12.400720 12.545719 12.726577 12.324793 13.503770 13.304813 12.620228 11.351335 11.780472 12.197226 11.740711 12.336855 12.661055 11.900201 12.586047 12.461401 12.692114 13.302147 12.096880 12.007874 12.126567 12.513884 11.896700 11.717814 11.943483 12.713207 13.035228 12.164272 11.934479 11.648610 11.708023 11.968626 11.525193 11.358881 12.270711 12.413524 12.107872 12.217506 12.233890 11.917332 11.172015 12.071183 11.707847 13.102128 11.984902 12.358354 11.752928 12.359858
12.803742 12.139237 12.581042 13.028987 11.885628 12.855680 13.519528 12.691887 12.331692 12.361339 12.390130 12.770708 12.162922 12.817281 12.182003 12.598828 12.350181 12.696141 12.124258 12.859037 12.533636 11.422358 11.835144 12.921037 12.277724 12.765168 12.662344 12.559781 12.360807 13.011721 12.321607 12.660073 13.040464 13.276670 11.909873 12.132824 12.076622 12.575494 12.652559 12.320247 12.032940 11.981035 12.235452 11.373362 12.079320 12.516592 11.640875 11.674726 12.503689 12.336026 11.553209 12.332302 12.125370 11.767002 12.447241 11.957498 11.964264 12.063631 12.752901 12.703514 12.225551
12.992181 13.954757 13.045311 12.894328 12.507709 13.027553 12.668076 12.363729 12.887354 12.449209 13.311204 11.883741 13.055520 12.727515 12.181410 13.324568 12.180807 12.685018 12.485068 13.173569 12.465611 12.301024 12.874549 13.010956 13.035935 12.279249 12.278137 13.912887 12.489461 12.054710 13.071848 12.252247 12.993601 12.349791 12.329728 12.489799 13.353021 12.168376 11.643052 11.816211 12.267421 12.371829 12.274743 12.474842 12.692307 12.347165 12.023998 11.272987 11.948763 12.304268 12.521618 12.452580 11.001067 12.697121 11.772831 12.352990 11.555401 12.790036 11.493092 11.008015 11.344240
13.315115 12.873068 12.954854 12.879264 13.248493 11.380960 13.512750 11.534873 12.416093 12.906126 13.224629 13.024154 12.751620 12.907947 11.926082 12.525778 12.294291 13.006276 12.014400 12.435325 12.537346 13.056338 12.192315 12.054617 12.102557 12.823950 12.927172 12.366324 11.798249 12.236092 12.793818 11.715603 12.405126 11.781016 11.990024 12.691197 12.419866 10.949309 12.175675 12.606539 10.845615 12.770228 12.400670 11.259339 12.516184 12.105671 11.931380 11.609216 11.674708 11.944389 12.299822 12.468663 11.494401 11.962998 11.513608 11.872421 11.825180 12.176800 11.920234 11.692982 11.122320
11.979364 12.542308 12.210138 13.069245 12.249176 13.299769 12.570140 12.497170 12.136172 12.426164 12.984670 11.979095 11.703651 13.186983 12.003117 12.661020 12.235782 10.979723 12.299435 12.678247 12.750995 13.196098 12.311000 12.048352 12.679738 12.291231 12.783206 12.611165 12.020445 13.355531 12.171485 12.100907 11.559675 11.739893 12.138967 11.533390 12.646524 12.664861 12.872039 12.860701 12.920643 12.322171 11.689769 12.759961 11.994300 12.686336 12.181121 12.152722 11.835424 12.434908 12.411282 11.621986 12.346590 12.634605 12.760384 12.048663 11.328504 11.977346 12.009402 12.406194 11.629576
12.910673 12.225856 11.914280 12.802354 13.129519 12.393102 13.051280 11.642610 12.915506 12.381159 12.880442 12.632901 12.425083 13.417841 12.597978 12.757335 12.604474 11.709198 12.335222 11.884495 12.271331 12.616459 12.673782 12.115105 12.891115 12.360427 12.389848 13.059768 12.645671 12.221853 12.664179 12.619150 12.232150 12.265496 12.486595 13.032523 12.359912 12.094668 11.698986 12.039816 12.854739 12.071669 11.436610 11.951131 11.218110 11.735652 11.574500 11.897593 11.864935 11.996263 11.938726 12.537396 11.699162 12.460980 11.228548 12.307497 12.478642 11.734348 11.209008 12.028543 11.881170
12.866224 12.573496 12.257452 12.303467 12.051191 12.720629 12.404198 13.024449 11.717819 12.245592 11.682840 12.767424 12.420678 12.069558 12.267978 12.707383 12.063839 11.932434 13.144469 11.703065 12.026381 12.175994 12.493024 11.987219 12.545795 11.966916 11.920732 11.957381 11.856781 12.945792 11.644586 11.954278 11.697710 11.947642 12.403167 11.830898 12.715475 11.956031 11.633069 11.863079 13.081678 12.947057 11.969910 11.513775 11.778388 12.657872 11.273380 12.103592 11.676553 11.833996 11.840701 11.371974 12.346421 11.425142 11.977984 12.221085 11.810264 12.543469 12.190645 11.801677 11.685038
12.370443 12.256692 12.510386 12.933810 13.189435 12.131020 12.533456 12.628364 12.516665 12.862613 12.024773 12.154634 12.555493 12.257839 12.336661 12.712716 12.604933 12.260710 12.033187 12.008017 12.336929 12.205823 12.434003 12.220478 12.610742 12.468885 12.131492 11.842637 12.217365 12.149222 12.112728 12.661432 12.344124 11.290918 12.216846 10.688397 12.133723 12.281983 13.034841 12.557054 11.606767 11.755683 11.291051 11.802998 11.336202 12.871631 12.428376 12.078456 12.240661 12.279951 11.640968 12.465280 11.170118 12.560404 12.191707 11.513253 11.768918 11.568143 11.114520 11.688291 11.516475
11.863092 12.106979 13.138363 12.321185 11.816347 13.387122 12.641836 12.232507 13.469038 13.000737 13.118294 12.896550 11.952373 12.178258 12.202388 12.284218 11.987345 12.355407 11.255203 12.289980 12.717603 12.690545 12.705515 11.900543 11.904937 12.559348 11.246523 12.514524 11.717821 11.626505 12.559507 11.970261 12.485480 12.601973 11.247505 12.411582 12.933012 11.214479 11.915554 12.994748 11.464695 11.923367 12.492119 11.507385 11.042131 12.329653 11.752009 11.676537 11.333093 11.859740 11.799522 11.705700 11.920634 11.368567 11.886216 11.859120 11.717004 11.755204 11.474256 11.342044 12.410747
12.975328 12.980668 12.281130 12.974701 12.896929 11.821272 12.892993 13.623472 12.137303 11.705656 11.909843 12.285702 12.460679 12.581336 11.621755 12.446685 12.211490 11.858515 13.001494 11.904189 12.041748 12.354712 12.444229 11.425913 12.885603 12.569109 12.979520 12.969843 12.563574 12.313868 11.994486 12.619002 11.974951 12.804988 12.208532 12.531665 11.480743 11.161510 12.195901 11.766976 13.614862 12.007055 12.027867 11.541936 11.641003 12.042458 12.139377 12.174933 12.473083 12.237797 11.328611 12.237827 12.214934 11.649782 12.676830 11.537664 11.879521 11.461574 11.335018 12.358223 11.759160
13.150654 12.152941 12.249830 13.290451 12.711685 12.527001 12.437530 12.536982 12.810902 12.000332 12.149761 13.813996 13.632598 12.298473 12.256780 11.789056 12.594024 12.561527 13.157254 12.477963 12.554256 11.741741 11.791219 11.922824 12.503416 11.866556 12.324920 12.442648 12.120828 12.302967 11.410724 12.431789 12.133855 11.278179 11.426052 12.310208 11.526176 11.760053 12.439478 12.472873 11.435130 12.552694 11.698633 11.911722 12.516189 11.752773 11.772293 12.269026 12.451409 11.449229 11.562676 13.021658 11.692099 10.923347 12.020515 10.734022 11.284039 11.363828 11.735771 10.640749 11.521944
12.706226 12.728972 11.891942 12.794815 12.354100 12.881367 12.752942 11.839445 13.568056 12.953038 12.504909 12.609013 13.349665 12.861339 12.136457 11.624690 12.491243 12.076968 12.433240 11.937827 12.650549 12.992087 12.041656 11.926294 12.208686 12.400803 13.355762 12.862426 11.089271 12.694460 12.348694 13.101712 12.681067 12.037516 12.490284 11.550425 12.410383 12.010517 11.795172 12.152128 12.707838 11.878001 12.800644 11.696208 11.779443 11.959973 12.294354 11.402405 12.365321 11.632810 11.918850 12.393257 12.996369 11.982809 12.387186 11.300425 11.725729 11.320345 11.357207 11.560245 12.440227
12.655125 12.266415 13.406294 13.783178 11.824549 12.951331 12.660648 12.753094 11.773298 11.753972 12.240935 12.242161 11.922275 12.934209 12.834566 12.182744 12.046832 12.055628 13.654899 12.305336 11.500882 12.603695 12.255290 12.421327 12.356147 12.164290 13.154902 12.141548 11.477772 11.529251 12.136084 11.939531 12.055067 10.862130 12.028415 12.117550 12.095030 11.614553 11.644959 12.131369 11.942562 12.370180 12.565823 11.383692 12.122114 11.846090 12.609005 11.532636 11.469665 12.042567 12.228629 11.704114 11.805619 11.335475 12.342903 12.580248 11.097111 11.604125 12.241502 12.071108 11.714140
12.270846 11.863056 12.861836 13.170725 12.194347 12.352573 12.476374 12.442417 12.455509 12.216946 13.446636 13.438557 12.948312 12.640459 12.627709 12.583215 11.551153 13.486715 11.919309 12.318051 12.009567 12.719166 11.413873 11.918172 12.450312 12.929829 11.877766 11.847100 12.778329 11.912251 11.908947 12.141011 12.295440 11.795421 12.430760 12.101853 11.861324 11.907384 11.933915 11.877391 11.762373 12.202881 12.258850 12.338348 11.405473 13.062782 11.381848 11.697641 11.742730 11.324543 11.928225 12.778131 11.804507 12.273560 12.010961 10.395522 11.812881 11.782471 11.002363 10.721536 11.162986
12.795999 12.773890 12.702035 12.327570 12.889587 11.734642 11.504675 12.911279 11.920232 12.201565 12.940031 12.309679 11.332587 12.371168 12.056754 11.334574 12.103085 13.483151 12.735065 12.345785 12.809099 12.245853 12.274909 11.725760 11.723354 11.943828 11.013699 12.515818 12.208842 12.860437 12.628645 12.244662 12.739922 11.776446 11.802529 12.269908 12.126125 12.243306 12.351170 12.605247 11.161935 11.392167 12.093127 10.920725 11.517087 11.509538 11.149973 12.913289 11.016811 11.383731 11.233040 12.049150 11.443056 11.847655 11.542964 11.374210 12.318296 12.041022 12.050237 11.661648 11.491555
12.427732 12.348808 12.458977 11.868696 12.348614 12.543863 12.021862 12.465632 13.027640 12.552202 12.717703 11.869248 12.991825 13.327342 12.088051 11.936662 12.288468 12.115292 11.931553 11.106139 12.729877 12.148726 12.340135 12.089934 12.700403 11.725243 11.126719 12.315668 11.566248 11.945163 12.077431 12.145562 12.527392 13.004819 12.133601 12.049912 11.980262 11.848875 12.425577 12.401672 11.886690 11.837068 11.775672 11.724758 11.973831 10.689103 11.309549 11.579525 12.136575 11.942699 11.880409 12.370355 12.421430 11.348690 12.445078 10.908506 12.679081 12.347558 12.020701 11.346375 11.098354
