DEPONS-master/data/CentralBaltic/salinity0000_02.asc
NCOLS 400 
NROWS 400 
XLLCORNER 4750000.0 
YLLCORNER 3200000.0 
CELLSIZE 1000.0 
NODATA_value -9999 
[rows 243 to 269 of 400, columns 300 to 359 of 400]
10.030864 10.091970 10.690505 10.209030 10.287697 9.843722 10.204624 10.049050 10.528893 9.922126 9.664033 10.052988 10.265680 9.450100 9.827842 10.242712 9.186428 9.990497 9.600782 10.053662 10.299057 9.809866 9.294920 9.897387 10.558909 10.225231 10.809415 9.813820 9.399784 9.562437 9.651407 10.170915 10.526729 9.934102 9.673967 9.064575 9.708609 9.448401 9.566719 9.996381 9.846231 11.037330 9.171405 9.408803 8.798659 9.642864 8.259715 8.528236 9.892135 9.055887 9.974948 9.626514 9.922949 10.399017 9.330229 11.006434 9.307534 9.033079 9.165838 9.132391
9.993462 10.199188 10.234363 9.918760 10.656538 10.417118 9.577552 10.363526 10.240937 11.278434 9.662145 10.575632 9.707253 9.843525 9.884071 11.038855 10.403425 10.164708 10.767507 10.120079 10.834947 9.934927 10.135507 9.597927 9.883651 9.161418 9.361739 9.163197 9.787315 10.048799 10.133647 9.890011 9.736288 10.086005 10.379837 8.703598 9.917345 9.990487 9.494216 10.297625 10.189862 9.764582 9.913648 9.985293 9.934437 10.094543 9.401973 10.407798 9.064916 9.443699 9.342592 9.668237 8.429926 9.755723 9.057473 9.433293 9.869076 8.945787 9.350703 9.409692
10.398267 9.618049 9.832365 9.413335 9.516862 9.803143 10.464653 10.367738 10.088406 10.116776 11.076165 9.839133 9.917185 9.987067 10.024823 10.077119 10.630781 9.199191 10.297349 10.024194 10.002700 10.277163 9.778032 10.139188 9.257662 10.464058 10.095189 9.855059 9.325692 10.412650 8.845111 9.869595 9.657572 9.420391 10.435435 10.962114 8.821461 9.652055 9.805945 10.186490 9.067071 10.835672 9.455503 10.536319 10.348661 9.457815 9.984295 9.095947 8.669702 9.293936 8.892307 9.536952 9.052625 9.164645 9.514514 10.622051 10.258169 9.550842 9.629808 9.155157
10.101047 9.809274 10.309381 9.074993 10.198464 10.735233 9.881321 9.689741 10.132802 10.760878 9.572669 9.852354 9.572045 9.865920 9.757400 9.179573 9.627142 9.011274 9.279699 9.226672 9.016467 9.716287 9.818060 10.207921 9.646479 10.192212 9.805749 9.423386 9.937818 9.800500 8.975369 9.480636 9.920498 9.152817 9.855040 9.498397 8.996766 9.184094 9.888097 9.294657 9.867438 9.091825 9.707674 9.649434 10.059030 9.910579 9.648153 10.246022 9.783057 9.068174 9.760248 8.583624 8.993716 8.528721 9.443027 9.290920 9.128116 8.967718 9.905850 9.817590
10.447043 10.327924 10.739246 10.235013 9.968924 10.374622 9.749756 9.558619 10.265877 9.931704 10.072230 10.503769 10.019302 10.816244 9.981749 10.478282 10.058693 10.103453 9.458292 10.175201 10.252484 9.974070 9.704786 10.389630 9.413332 9.357641 9.972199 10.118949 9.816757 10.192708 10.612690 10.732113 9.373066 9.846139 9.665831 9.983275 9.337687 9.426662 9.745589 10.752792 10.195769 9.916022 10.214188 9.187581 9.415027 10.224029 10.973323 9.857727 9.335553 9.731515 9.248741 10.011168 9.352681 8.839999 8.722214 10.254722 8.672235 8.797992 8.921231 9.697137
9.582149 9.871130 10.263637 9.527214 11.008203 10.291360 9.464083 9.764837 11.092134 10.036382 9.935091 10.272090 9.428575 9.727074 9.750896 10.320335 10.189324 9.518603 8.967358 10.194483 10.548975 9.321082 10.174796 9.328308 9.865362 10.165356 10.591133 9.793767 9.602954 10.178131 10.147005 9.973584 9.115741 10.436189 9.741984 10.126901 9.934732 9.311402 9.774544 10.284432 9.077676 9.603137 9.456501 10.357983 9.998899 10.029432 10.074709 9.046025 9.576032 9.685615 9.396920 8.592893 9.916443 9.399781 9.860089 9.745564 10.205297 9.035681 8.570508 9.516423
10.367968 10.877298 9.697427 10.026168 9.915966 10.422106 10.502643 10.464566 9.778375 8.677005 9.645434 10.420266 10.200743 9.985302 9.171997 9.843322 10.115953 9.849079 9.722474 9.296442 9.245799 10.108668 9.797814 9.640907 9.720735 9.612985 9.968351 8.742389 9.131955 10.321377 10.273439 10.194208 8.965334 9.606295 9.671079 9.991635 9.068574 9.779156 10.348771 9.893247 9.407328 9.323703 9.373540 10.215825 9.943900 8.552472 9.099737 9.909161 9.080500 9.282347 9.310565 8.811023 8.706983 8.722452 9.060300 8.698674 9.573397 9.698155 9.917535 9.602054
10.172585 10.114509 10.348081 9.364788 10.443554 10.355760 9.909702 9.569250 9.305184 9.075173 10.088317 10.024717 9.026172 9.029382 10.280646 9.873360 10.746812 10.395001 10.729151 10.687117 9.900451 9.433653 9.871865 9.139848 9.298077 10.737271 9.674439 9.947726 9.892659 10.476096 9.597385 10.224290 10.138602 8.913420 9.808633 10.479036 9.617018 9.989866 10.278685 10.001881 9.741151 9.394061 9.905192 9.471929 8.554678 10.731581 9.834733 10.020278 8.566067 9.894743 8.977741 9.815618 9.282729 9.695781 9.509767 9.668653 8.709350 9.212461 9.402624 9.945016
9.556521 9.891037 10.103076 8.969435 10.122533 10.543051 10.458935 9.951221 9.268230 9.854633 10.099215 10.068116 8.758140 9.811456 10.153979 9.983822 9.528333 10.413834 9.664443 10.016838 9.487929 9.783995 10.074053 9.826466 9.994014 10.358457 9.578745 10.498030 10.209641 9.403229 10.509099 10.033268 11.036686 9.091803 9.568556 9.597930 9.171945 9.286991 9.489089 9.930730 10.339955 9.479861 9.240463 8.957168 10.063288 9.860305 9.147886 8.707802 8.382579 9.559974 9.462905 8.629537 9.979212 9.549961 10.284713 9.432810 9.719473 9.431596 9.036177 9.623363
10.694747 9.514788 9.772249 10.658728 10.635440 9.442342 10.146947 9.725419 9.841094 9.469697 10.522275 9.829039 9.811105 10.244109 9.189786 9.723040 9.702054 9.919249 9.980501 10.073657 9.551607 9.913799 9.956239 10.165161 10.004728 9.537552 9.877834 9.476237 9.064674 8.993141 10.084090 9.884176 8.963900 9.673663 10.085035 10.101118 9.029213 10.289022 9.527567 10.416024 9.230031 8.354084 9.605235 9.227850 10.242667 9.933756 9.738861 10.114782 9.471048 9.136876 9.824787 9.212294 8.991392 9.780124 10.397104 9.552447 8.336759 9.926134 10.377366 10.825438
10.547021 9.858913 9.558293 9.850273 10.509272 9.177888 10.576087 9.562843 9.327885 9.768149 9.070900 9.919610 10.326096 9.546071 11.014115 10.761644 9.684901 9.424736 9.952191 10.441772 9.358914 10.609195 10.522584 9.337400 10.146997 10.401369 9.621881 9.451285 9.328886 9.984526 10.390811 9.777283 9.194456 10.232309 9.289872 9.170373 9.951813 8.894371 9.500251 8.960424 10.346548 9.660532 9.494392 9.686414 10.761647 11.351466 10.608471 8.837034 9.641078 9.253270 9.537885 9.288193 8.813016 10.093975 10.930565 9.706843 9.145275 10.516469 9.941249 9.035903
10.735102 8.981163 9.675490 9.292867 9.711728 10.235778 9.499756 11.202297 9.218742 10.102700 10.792491 9.369627 10.457966 9.311687 10.623004 9.678941 10.450740 10.032528 10.545502 8.996426 10.081031 10.210246 10.343512 9.764979 9.101068 9.753288 10.576464 10.071216 9.558403 9.096381 9.084606 9.729670 10.712043 9.435992 10.190992 9.516050 10.851666 8.909035 8.947785 9.603591 9.537453 9.754877 9.954347 10.063498 9.997763 10.108067 8.421789 10.325447 10.052501 8.709136 10.387682 9.619666 10.299070 9.121368 9.307831 9.455406 9.122394 9.738946 9.281807 9.573640
10.204621 8.371166 10.072613 9.657783 9.427023 10.195174 9.430384 10.659879 9.351091 9.092813 11.205261 10.148332 9.717496 10.487962 9.979113 9.684535 9.421692 9.981229 9.771100 9.732910 9.993172 10.350338 9.623452 9.415768 9.244575 9.146916 8.272299 9.097622 9.163469 9.111547 10.451945 9.749218 10.021758 10.314582 10.779874 10.315973 9.241337 9.623395 9.977058 9.357858 9.467757 9.265640 9.675516 9.720509 9.358728 10.103015 10.138309 9.827536 8.447211 9.976580 11.051635 9.910026 8.746401 9.209053 9.052603 9.359729 10.472138 8.901407 9.869546 9.511106
9.575866 9.998230 9.910499 9.971913 9.632265 10.092532 9.978526 9.925059 9.767837 9.317032 9.188014 9.410193 8.305564 9.288679 10.012972 10.078902 10.159883 9.284043 10.530710 10.208151 9.566668 10.025774 10.167073 8.946213 10.239243 10.347950 10.305929 9.719606 9.551138 9.241473 10.043165 9.704736 8.945577 9.535748 9.451952 9.816757 9.469201 10.187608 9.400791 9.080513 9.295554 10.417079 9.182836 9.849914 9.238756 10.206427 9.949146 10.001309 10.075700 9.727689 9.084773 9.718525 9.765691 9.656973 8.784017 8.864759 9.519645 9.775186 10.000386 10.319347
9.856873 9.798416 10.053304 9.802917 9.779584 9.909682 9.921957 10.434374 10.191176 10.892692 9.882332 8.636036 10.627728 9.234609 10.196970 9.490685 9.778174 9.404951 10.398538 10.072491 10.616589 8.976549 8.966314 9.155768 9.497405 9.250992 10.171588 10.165591 9.566137 9.319070 9.690063 9.183747 10.248075 10.088101 10.075740 10.162886 9.138010 10.067687 9.363310 9.689168 8.911590 9.540588 8.983055 9.933890 9.286396 8.922384 10.235348 9.441328 9.571629 10.242393 8.519113 9.380631 9.232865 9.796471 9.361174 10.631248 9.307131 8.997536 9.490039 9.412275
9.730717 10.506413 10.390403 9.932075 9.969469 10.027244 10.526277 10.487863 9.929563 10.439324 9.874545 10.075019 10.267651 10.036406 11.134328 9.702453 9.646084 9.912237 10.696332 9.601946 9.699588 10.245940 8.803359 9.490923 10.354159 9.428236 10.245871 10.174900 10.627631 9.563179 9.869328 9.849968 10.050597 9.783235 9.625688 10.450492 9.442285 9.979282 9.508852 9.768596 8.935114 9.102229 9.567533 10.717197 9.669495 9.497649 10.148476 9.334683 8.914185 9.807001 9.098848 8.488763 10.007136 9.321134 9.737947 8.971674 10.349197 9.015228 9.776508 9.532792
9.210296 10.308278 9.337658 9.262505 9.631000 10.557477 10.478391 10.113164 9.589111 10.445619 9.714022 10.224891 10.053989 10.523675 10.061805 10.318257 9.284211 9.529325 10.426807 9.816051 9.045278 9.511241 10.320627 9.920802 10.310798 9.939464 8.510085 10.577965 9.656143 9.766100 8.022751 8.841767 9.063360 9.195343 8.747290 9.205408 8.862951 9.028448 9.419112 9.721072 10.158989 9.999912 9.307644 9.371877 9.612965 9.942446 9.245943 9.224469 10.068034 9.399201 9.660127 8.620857 8.648814 9.537637 10.072833 9.152914 8.599498 9.362335 9.164788 9.164705
10.196644 9.889034 10.016900 8.798282 10.551725 10.839640 9.986451 9.709874 9.797795 10.495368 9.524042 9.809784 9.328833 10.065501 9.327593 10.312489 9.265219 9.193140 10.199092 9.253511 9.013506 10.283468 10.906839 9.890654 10.089639 10.100402 9.704353 9.764382 10.471148 9.289352 9.231985 9.677228 10.246694 8.993993 8.986354 9.731367 10.247493 9.321669 8.994497 9.850448 9.044468 10.351762 9.982182 9.227823 8.949819 10.617714 8.680713 8.962065 10.268371 9.331164 10.632176 9.744782 10.016272 9.610834 9.167034 9.424670 9.944093 9.657973 9.920868 10.075180
10.136973 9.576450 10.340829 10.586641 9.728541 9.757351 10.519858 9.357938 10.788112 9.287928 9.969364 10.229123 11.237467 10.763932 10.235376 10.194643 9.665742 10.196529 9.732875 9.776176 10.100876 10.807755 9.608616 10.076008 10.087570 10.082930 9.718242 9.683134 9.723996 9.993404 8.828264 9.391848 9.745046 9.371662 8.835436 9.690091 8.905520 9.406772 9.247286 9.977570 9.223362 10.279196 9.994813 9.507653 10.286615 9.655564 9.874956 9.445885 9.179258 9.803958 9.259938 10.118301 8.421616 9.265545 9.816442 9.841450 10.278135 9.116100 9.646690 9.405037
10.066487 9.495211 10.613747 9.918702 8.917729 9.574211 9.487593 9.682804 9.683643 9.698741 9.361116 9.779099 9.482837 10.030053 10.119476 10.427223 10.408209 8.992474 9.618938 10.410417 10.246390 9.102784 10.376245 10.238893 9.570026 9.654932 8.760002 11.013034 9.815522 9.111720 9.702716 9.725547 9.651275 9.695620 10.070719 7.918754 8.766093 9.361086 9.172603 9.124695 9.134820 10.423620 9.434281 10.126371 9.884922 8.753309 10.361361 9.255858 8.968360 10.031819 9.132408 9.501782 9.675907 8.408732 9.427601 9.899155 8.815760 9.085337 8.500252 9.425942
9.763178 10.670029 10.371583 9.499713 10.749820 9.705692 9.420527 10.015640 10.583651 9.740978 10.682475 10.338471 9.845089 9.936265 10.362401 10.002937 9.597277 9.668442 9.410349 9.197876 10.216957 10.081562 9.664733 9.236843 10.595778 10.236629 9.487301 10.005390 9.151103 9.544908 9.772507 9.744970 9.733948 9.612578 9.965466 9.656164 9.907111 9.431513 9.565066 9.550982 9.005736 9.444599 9.983544 8.658770 10.307451 9.808953 9.143455 9.851515 9.075332 9.965075 10.505764 9.456907 9.073565 10.063347 9.311231 9.902401 9.369596 10.098351 9.188109 9.866064
10.222946 9.636182 9.239888 10.077891 9.592078 10.747410 10.037870 10.041204 10.280317 9.526917 9.446487 9.730747 9.441627 10.448712 9.348463 9.714094 9.812342 8.517823 10.253559 10.252719 9.278442 10.516471 9.789356 9.782130 8.847672 9.232900 8.460944 9.563963 9.071231 9.664208 10.037908 9.134569 10.397530 9.018282 9.889368 9.131402 9.260416 9.572988 8.931339 9.974622 9.255406 10.427885 9.548420 9.261709 8.819613 8.816619 8.938665 9.567739 10.897498 9.651253 9.212398 9.435747 9.492094 9.920053 10.573422 10.267866 9.045249 9.239386 9.460265 8.810897
9.164697 10.297402 8.965801 10.414261 9.905047 10.294511 10.023875 9.261540 9.648394 10.640360 10.910723 10.162039 9.821108 8.830688 9.471900 9.659056 9.330732 10.215111 10.216188 9.643099 9.658562 9.749531 9.845205 9.596874 9.239394 9.669122 9.437229 10.032479 9.997845 9.598970 9.487379 9.500176 10.209944 9.731297 10.201487 9.191901 10.040786 9.219167 8.521870 9.317412 10.921208 10.392152 9.531069 8.919738 9.160289 9.612054 9.652823 9.382701 9.297509 9.395269 9.305190 8.420296 9.888080 9.852923 10.144182 8.503911 9.561214 10.186271 8.552018 10.115224
10.048042 10.097734 8.621948 9.863192 9.756891 9.546383 9.174821 9.513447 10.290394 10.108811 10.239748 9.783624 9.824257 9.743396 9.502579 9.690062 9.936399 10.556798 9.988772 10.138571 10.312665 10.084922 9.909862 9.695555 9.574842 9.622995 9.647177 10.399872 10.050009 10.035787 9.639192 9.844720 9.379271 8.672543 10.149244 9.468830 9.199654 8.814697 9.733443 9.508775 8.580999 10.016426 9.498308 9.234143 9.913849 9.823235 9.515312 9.836029 9.151866 10.312479 9.231224 10.704858 9.248502 8.896914 9.493360 9.504563 9.873027 10.374076 9.795414 8.973830
10.349983 9.716870 9.654351 9.558768 9.222858 9.682797 9.377086 9.412667 9.713015 8.698044 9.273724 10.777480 10.187000 9.194618 9.597810 10.038371 10.001437 9.938290 9.282700 10.601342 10.812619 9.453026 9.893804 10.236010 9.715415 10.211128 9.647682 10.398227 9.332475 10.333550 10.502718 8.870580 9.668194 9.405385 9.390060 9.273293 9.379016 9.915760 9.825567 10.464916 10.221280 9.945016 9.989408 9.138835 9.171353 8.991114 10.170979 9.528577 8.390863 9.423041 10.021902 8.977627 9.540974 9.214066 9.590219 10.007565 9.169673 9.032248 9.878305 9.448326
10.746424 9.706807 10.320235 9.522746 10.265347 10.703932 9.394385 9.264757 9.546548 9.559903 10.277496 10.980253 10.664799 10.136833 9.180034 10.759039 9.218378 10.002800 9.643295 9.977191 9.332585 9.992559 9.926175 10.058906 9.269136 9.689825 9.272637 8.920164 10.476464 9.929782 9.765152 10.104488 10.372464 8.877461 9.706085 9.832342 10.064130 9.733160 9.616895 9.719090 9.171788 9.334456 10.047145 9.220653 9.317623 9.138857 10.266546 9.587441 9.717842 9.350358 10.235416 9.189505 10.041665 9.422497 9.202892 9.898617 9.667719 9.200869 9.720115 8.918834
9.226012 10.126606 10.606189 10.535436 10.178032 11.004341 9.307988 10.603522 10.743250 9.213887 9.930434 10.797007 9.626316 9.636351 10.397859 10.046001 9.667984 9.430216 10.234666 9.875873 9.894996 8.945552 10.389740 9.879123 10.951947 9.867890 9.623732 9.981408 9.942436 9.219087 9.766105 9.954812 10.120830 9.859223 9.632584 9.862955 8.704769 10.261176 8.773022 8.928525 9.636188 9.949886 9.380019 10.166679 9.821193 9.559456 9.437655 9.329564 10.013044 9.298336 10.027990 8.957813 10.380275 10.118946 8.915467 8.472215 9.067549 9.711822 9.268847 9.090032
