DEPONS-master/data/CentralBaltic/salinity0000_02.asc
NCOLS 400 
NROWS 400 
XLLCORNER 4750000.0 
YLLCORNER 3200000.0 
CELLSIZE 1000.0 
NODATA_value -9999 
[rows 0 to 26 of 400, columns 120 to 179 of 400]
-9999 -9999 -9999 -9999 -9999 -9999 -9999 -9999 -9999 -9999 -9999 -9999 -9999 -9999 -9999 -9999 -9999 -9999 -9999 -9999 -9999 -9999 -9999 -9999 -9999 -9999 -9999 -9999 -9999 -9999 -9999 -9999 -9999 -9999 -9999 -9999 -9999 -9999 -9999 -9999 -9999 -9999 -9999 -9999 -9999 -9999 -9999 -9999 -9999 -9999 -9999 -9999 -9999 -9999 -9999 -9999 -9999 -9999 -9999 -9999
-9999 -9999 -9999 -9999 -9999 -9999 -9999 -9999 -9999 -9999 -9999 -9999 -9999 -9999 -9999 -9999 -9999 -9999 -9999 -9999 -9999 -9999 -9999 -9999 -9999 -9999 -9999 -9999 -9999 -9999 -9999 -9999 -9999 -9999 -9999 -9999 -9999 -9999 -9999 -9999 -9999 -9999 -9999 -9999 -9999 -9999 -9999 -9999 -9999 -9999 -9999 -9999 -9999 -9999 -9999 -9999 -9999 -9999 -9999 -9999
-9999 -9999 -9999 -9999 -9999 -9999 -9999 -9999 -9999 -9999 -9999 -9999 -9999 -9999 -9999 -9999 -9999 -9999 -9999 -9999 -9999 -9999 -9999 -9999 -9999 -9999 -9999 -9999 -9999 -9999 -9999 -9999 -9999 -9999 -9999 -9999 -9999 -9999 -9999 -9999 -9999 -9999 -9999 -9999 -9999 -9999 -9999 -9999 -9999 -9999 -9999 -9999 -9999 -9999 -9999 -9999 -9999 -9999 -9999 -9999
-9999 -9999 -9999 -9999 -9999 -9999 -9999 -9999 -9999 -9999 -9999 -9999 -9999 -9999 -9999 -9999 -9999 -9999 -9999 -9999 -9999 -9999 -9999 -9999 -9999 -9999 -9999 -9999 -9999 -9999 -9999 -9999 -9999 -9999 -9999 -9999 -9999 -9999 -9999 -9999 -9999 -9999 -9999 -9999 -9999 -9999 -9999 -9999 -9999 -9999 -9999 -9999 -9999 -9999 -9999 -9999 -9999 -9999 -9999 -9999
-9999 -9999 -9999 -9999 -9999 -9999 -9999 -9999 -9999 -9999 -9999 -9999 -9999 -9999 -9999 -9999 -9999 -9999 -9999 -9999 -9999 -9999 -9999 -9999 -9999 -9999 -9999 -9999 -9999 -9999 -9999 -9999 -9999 -9999 -9999 -9999 -9999 -9999 -9999 -9999 -9999 -9999 -9999 -9999 -9999 -9999 -9999 -9999 -9999 -9999 -9999 -9999 -9999 -9999 -9999 -9999 -9999 -9999 -9999 -9999
-9999 -9999 -9999 -9999 -9999 -9999 -9999 -9999 -9999 -9999 -9999 -9999 -9999 -9999 -9999 -9999 -9999 -9999 -9999 -9999 -9999 -9999 -9999 -9999 -9999 -9999 -9999 -9999 -9999 -9999 -9999 -9999 -9999 -9999 -9999 -9999 -9999 -9999 -9999 -9999 -9999 -9999 -9999 -9999 -9999 -9999 -9999 -9999 -9999 -9999 -9999 -9999 -9999 -9999 -9999 -9999 -9999 -9999 -9999 -9999
-9999 -9999 -9999 -9999 -9999 -9999 -9999 -9999 -9999 -9999 -9999 -9999 -9999 -9999 -9999 -9999 -9999 -9999 -9999 -9999 -9999 -9999 -9999 -9999 -9999 -9999 -9999 -9999 -9999 -9999 -9999 -9999 -9999 -9999 -9999 -9999 -9999 -9999 -9999 -9999 -9999 -9999 -9999 -9999 -9999 -9999 -9999 -9999 -9999 -9999 -9999 -9999 -9999 -9999 -9999 -9999 -9999 -9999 -9999 -9999
-9999 -9999 -9999 -9999 -9999 -9999 -9999 -9999 -9999 -9999 -9999 -9999 -9999 -9999 -9999 -9999 -9999 -9999 -9999 -9999 -9999 -9999 -9999 -9999 -9999 -9999 -9999 -9999 -9999 -9999 -9999 -9999 -9999 -9999 -9999 -9999 -9999 -9999 -9999 -9999 -9999 -9999 -9999 -9999 -9999 -9999 -9999 -9999 -9999 -9999 -9999 -9999 -9999 -9999 -9999 -9999 -9999 -9999 -9999 -9999
16.399559 16.793107 17.696336 16.621693 16.941570 16.763528 16.609003 16.948006 16.411216 16.498213 16.028510 16.585146 16.639206 16.800665 16.091650 16.724029 15.354651 17.018442 16.729916 16.311460 15.934326 16.211694 16.297831 15.883279 15.533067 15.912446 15.714549 16.068976 16.714634 16.084433 16.163485 15.735237 15.118441 15.857568 16.094561 15.895381 15.513574 15.040219 16.104605 15.088865 16.212001 15.582081 15.280770 15.718300 16.369358 16.026995 14.848020 16.166357 15.585527 14.621494 15.181198 15.198265 15.887030 14.600842 14.514534 14.943701 14.894512 15.657049 15.395809 15.345813
16.196961 16.043293 16.863816 16.967911 16.280348 16.043277 16.478800 15.841267 16.576860 15.834817 16.177501 15.932212 15.706151 16.668693 16.631914 17.230056 16.107293 16.763865 16.734776 16.593224 16.077419 15.994886 16.343099 16.440614 15.634377 16.687673 16.091521 16.172738 15.954560 16.054204 17.230315 17.317847 16.059899 15.345698 16.197071 15.312595 16.399680 16.435971 15.994187 15.531609 16.120005 15.530243 15.888717 14.869852 14.729049 15.731954 15.217138 15.029646 15.473829 14.696458 15.823370 15.157526 15.680974 15.253330 14.905026 15.300119 14.633335 15.049352 14.871153 14.626413
17.477479 16.830731 16.022476 16.815482 16.554396 16.408355 16.722480 16.396825 16.726181 16.517620 15.456530 17.096789 17.261831 16.615629 16.006016 16.644698 15.650151 16.069433 16.248927 16.180911 16.043616 15.751115 15.091908 15.770716 15.581451 16.248837 16.355463 16.304871 15.358012 15.471429 15.108994 15.667689 16.149277 16.353992 15.586593 16.033697 16.183843 16.425185 15.685626 15.786992 16.872089 16.329793 15.383015 14.548596 15.344988 15.659862 14.944601 15.268843 14.368016 15.325394 15.339981 15.873497 14.947522 14.673021 14.681811 15.256286 16.060995 14.819918 15.552479 15.036266
15.927377 17.337536 17.222217 16.463601 16.607408 16.249345 17.034976 16.442235 16.254106 15.386705 15.235752 15.157130 16.727558 16.739559 16.108523 16.873853 17.051378 15.955939 16.992087 16.365685 16.332902 16.363075 16.269075 16.175080 16.582233 16.262183 15.524920 16.297168 15.288925 15.479820 16.901060 15.613142 16.017918 16.047156 15.355097 16.443104 15.606524 15.988417 15.597981 16.846284 15.841278 16.458133 16.605488 16.491037 16.309642 15.683387 15.896987 15.639353 15.253256 15.054813 15.774436 16.137747 14.687762 14.819806 15.479499 15.415369 14.856707 15.556564 14.852215 15.265712
17.021242 15.878149 17.430233 17.886746 16.235491 16.512030 16.326134 16.536009 16.099315 17.759921 16.480324 16.542250 15.976012 15.947806 16.416663 15.707823 16.695229 15.164417 16.427975 15.674288 15.720640 15.731187 16.643836 16.336700 16.290846 16.878607 15.587874 15.732782 16.603419 16.236741 15.746183 16.465303 15.551839 15.805610 15.474645 15.309641 15.474691 15.468694 15.814395 15.484679 15.628476 15.758294 15.276825 15.705608 14.942592 16.474334 15.110724 14.102646 16.192107 15.529608 14.991715 14.399749 15.004135 14.759492 15.508453 14.922991 14.965906 15.024495 15.017675 15.358049
16.959505 16.246205 16.077058 17.006341 16.940519 16.225714 17.400570 16.273476 16.161467 17.162487 15.499493 16.425992 16.236491 15.930047 16.606551 15.473687 14.922749 16.162746 17.011385 15.687531 16.142112 15.879651 15.899425 15.944957 16.214914 15.984272 15.143983 15.587434 16.149062 15.922698 15.934746 15.295184 16.240626 16.131973 15.928219 15.214126 15.960518 15.780020 15.053829 16.069416 15.328582 14.567628 15.798296 15.470960 14.238435 14.764458 15.370100 15.012835 15.107012 14.513593 14.336208 14.921416 15.069520 15.364617 14.987767 14.902840 15.603887 15.402125 15.249512 14.818341
17.246484 15.885256 18.015002 16.383155 16.694411 16.182277 16.592815 17.098602 17.175159 17.294927 16.433023 16.193972 17.058189 16.701863 16.462504 16.585366 15.998906 17.056245 14.825681 16.849520 16.711312 17.510020 15.714530 16.285162 16.050876 16.142249 15.693094 16.758487 16.213004 15.631755 15.829344 15.429501 16.077345 15.528980 16.718414 16.124342 15.808241 15.609768 15.295219 15.991691 15.384541 14.913776 14.351462 15.985293 15.622623 15.350759 15.651912 15.180979 15.475248 15.238141 15.226851 14.492927 14.785511 15.452688 15.539513 15.659206 16.052706 14.630720 15.822750 14.867766
16.986132 16.885962 16.981109 16.462275 16.170485 16.582662 16.007173 16.454435 16.686265 17.642864 16.300690 16.766057 16.582440 16.487713 16.802908 15.897694 15.668051 16.925499 15.956448 16.324317 16.317818 16.402146 16.546256 15.292978 15.461821 16.468664 15.548528 15.479041 16.300951 16.032571 15.670126 15.149540 15.518795 16.729132 15.777301 15.818949 16.454780 15.859257 15.524383 15.438990 15.706427 16.148818 15.888333 16.004090 15.605552 16.074522 16.017668 15.045174 15.076854 15.288147 15.401427 15.362171 15.407563 15.235029 15.366231 14.678627 14.805346 14.567604 15.569350 14.105005
16.666272 17.069498 16.228146 17.322150 15.705535 16.001257 16.964865 16.301224 16.248182 17.230969 15.319672 15.495197 15.874291 16.088325 15.553532 15.620179 16.691210 16.452308 15.638909 16.221099 16.334386 15.866694 16.077650 16.649497 16.208462 15.418658 16.950566 16.171319 16.940350 15.365464 16.005081 14.585666 16.212736 15.754774 16.496042 15.346042 15.303413 16.845245 14.913242 15.625559 15.180051 15.426916 14.959982 14.634945 14.481587 14.684592 15.177302 15.109838 14.678304 15.597868 14.598996 14.765429 15.579516 15.212772 14.660562 15.111736 15.104097 15.662529 15.102260 15.060238
16.626819 16.800186 15.938112 17.339960 16.561916 15.693454 17.103563 17.951363 17.002222 16.127112 16.369332 15.783063 16.569026 16.643704 15.321930 16.811264 16.850534 16.114858 15.934240 16.609088 16.186412 16.227879 15.277875 15.797096 16.055520 16.450858 14.919033 15.322331 16.103577 16.735330 15.885312 15.427605 16.679480 15.426489 15.166529 15.598780 15.665536 16.535678 15.121227 16.003331 15.543886 15.279901 15.978821 15.591140 15.162658 14.932307 14.564959 15.415293 14.847127 15.609929 15.385669 15.256476 15.147198 14.916634 15.601206 15.540030 15.468953 14.599515 15.363173 15.261538
17.273860 16.809584 16.299834 17.310937 15.980083 17.059474 16.656770 16.406016 16.103610 16.543570 16.500781 16.423645 16.247611 16.267541 17.128197 16.198016 15.238481 15.290479 15.874702 16.798763 15.652183 16.089770 16.075873 16.502729 14.836337 15.651828 16.531562 15.661127 14.741558 16.692433 15.057846 15.967213 15.792707 14.556231 15.903960 15.221779 15.984119 16.068163 15.838210 15.388619 14.917111 14.330355 16.225107 15.414707 16.121881 14.669807 16.186298 14.781941 15.340666 15.512058 15.947803 15.542257 15.478083 14.651933 15.468756 15.665578 16.575529 15.652044 15.352402 15.935654
17.076400 17.686181 15.498755 16.375574 16.482632 16.458987 16.043704 16.862194 16.901602 16.358725 15.649396 16.118161 15.967413 16.727001 15.918449 16.173684 15.569342 16.816340 15.591401 16.060107 16.255073 16.002959 15.639676 16.902340 16.740300 15.489251 15.732749 15.623705 15.150930 15.098186 15.492022 15.278763 15.463745 15.743349 15.541272 14.640749 14.285759 15.401471 15.305136 15.174316 14.896282 15.723720 15.917421 15.427188 15.533571 15.690901 15.285479 15.786357 15.870475 15.197213 15.351343 15.037255 14.993774 15.308847 15.846284 15.401825 14.566727 15.666237 15.881670 14.859493
15.961312 16.430652 15.571921 16.473553 16.176700 16.346986 16.299252 16.966534 16.427717 16.018058 15.825916 15.798989 16.409645 15.529609 15.584637 17.363881 16.623908 16.222355 16.481392 16.193208 16.552846 16.795999 16.193146 16.115953 16.696996 16.089189 16.033299 14.692101 16.456349 15.827001 15.288394 15.666295 15.952965 15.806292 16.259762 15.231065 15.190733 15.816382 15.434931 15.241163 15.177290 15.783138 15.319599 15.404751 14.716816 15.879173 15.196656 15.512740 15.541214 15.106535 14.558498 14.587818 14.708952 16.079410 15.858638 15.232709 14.294895 14.858497 14.687488 14.622857
16.219921 16.954945 16.114759 16.079521 15.408961 16.764503 16.011326 16.407428 16.660094 16.802489 16.204367 15.356991 16.300047 16.279921 16.253360 15.639770 16.269935 16.399005 15.029845 15.900047 16.225417 16.041259 15.745234 15.427624 15.810780 15.855168 15.960907 15.601837 16.417603 15.048289 15.067544 15.562005 16.075571 16.010235 15.808516 15.810230 15.132846 15.476573 15.275562 15.519918 15.393166 15.497637 14.691573 15.143439 14.750764 13.847307 15.708140 15.731153 15.103700 15.088912 15.545026 15.361373 15.038907 14.803066 15.738491 15.522169 14.810261 14.884015 15.030646 15.157532
16.985857 16.876806 16.139258 16.937997 16.897920 16.669449 16.293732 16.651155 16.179662 16.251647 15.814306 16.218928 16.496964 15.250660 16.803426 16.498588 15.806394 15.713042 15.566872 15.698662 14.847186 16.092510 15.397529 16.408924 15.937530 16.085390 15.924082 16.712354 16.757652 16.463191 16.791798 15.866589 15.603267 15.607167 16.177754 14.598555 15.495372 15.531039 15.262514 15.951406 16.107990 15.678535 16.322913 15.444613 15.406971 16.010266 15.624069 14.984793 14.628551 15.064014 16.023330 15.116545 14.255459 15.264317 15.858424 15.691829 15.399856 14.481881 16.003559 14.120274
16.791828 15.927292 16.370131 16.610193 16.904026 15.719299 16.893613 16.391477 16.032484 16.422387 15.267730 16.437964 15.874527 16.145272 15.882790 15.649944 16.550659 15.230291 16.737179 16.702601 15.230429 15.910392 16.742602 16.351135 15.308630 15.965602 16.423893 16.020780 15.869985 15.142145 16.234470 15.154526 15.710806 15.557424 15.507785 15.622360 16.261866 15.077841 15.555297 15.281696 15.228650 14.014785 14.965744 15.705218 15.320956 15.669569 15.577115 14.077230 14.937975 15.602844 14.643217 14.480662 14.858641 14.151086 14.710705 14.404829 14.564993 15.159044 14.533929 15.087782
16.534341 16.636711 16.007149 16.393881 16.604991 16.351553 15.902580 16.254260 15.861824 17.099672 16.168410 15.730931 15.998389 15.530469 15.950657 17.123104 15.943402 15.817503 14.745705 15.557968 15.952229 16.514483 15.679077 14.718963 16.167125 15.642675 14.957307 15.615372 15.758205 16.982910 15.610610 16.715989 15.627816 15.591925 15.617080 16.072704 15.052989 15.197579 15.491366 15.624620 15.714920 14.864881 15.223447 14.423336 15.776476 15.838966 14.944437 15.497832 15.253824 15.019097 14.489537 14.987428 15.649165 14.579786 15.527073 14.340165 14.163878 14.663562 15.748565 15.229259
16.978855 17.241054 15.923573 16.161606 16.235262 15.884601 16.386126 16.003036 16.055631 15.567054 15.567672 15.876326 15.546560 15.345821 16.491498 15.601150 16.097459 15.760178 15.618248 15.859677 16.011714 15.462869 14.818793 16.252977 16.397765 14.714718 14.793800 16.651976 15.372777 15.365719 15.495853 15.035893 16.299654 14.611397 15.005713 15.222273 15.759219 15.102340 15.520377 15.706693 15.025397 15.132791 14.934742 15.182299 15.583671 15.233992 15.605256 15.339860 15.238966 15.551417 14.611466 14.291927 15.687850 14.453355 14.526548 15.974313 15.401525 15.075662 14.623585 14.746408
16.201772 16.981813 16.259268 15.750953 16.354569 16.655348 16.529186 16.092399 15.775808 16.069863 16.659364 16.072923 16.248499 15.998768 15.987149 15.751993 16.085659 16.343977 16.082729 16.140136 15.843584 15.069860 16.355417 16.385870 16.364255 15.580188 15.498871 16.008984 16.200856 16.490830 15.740715 15.761457 15.044012 15.803684 16.083210 15.544839 15.345185 15.916040 16.055528 15.148040 15.003405 16.504724 14.996546 14.996988 14.885303 15.565130 15.867442 14.847818 15.229140 15.270222 15.758018 14.786086 15.910831 15.013223 14.753959 14.991269 15.260714 15.501927 14.792046 15.052563
