DEPONS-master/data/CentralBaltic/salinity0000_06.asc
NCOLS 400 
NROWS 400 
XLLCORNER 4750000.0 
YLLCORNER 3200000.0 
CELLSIZE 1000.0 
NODATA_value -9999 
[rows 252 to 279 of 400, columns 310 to 371 of 400]
8.087749 8.012867 8.018574 7.725276 8.627844 8.414755 7.856771 7.811287 6.700983 7.191262 8.010180 7.968383 7.172590 8.267644 7.885531 7.697639 7.944485 7.062297 6.667374 7.771937 7.515829 6.292052 7.150796 7.635030 7.169703 7.480569 7.813290 7.652341 7.500070 6.929305 7.455941 7.013308 6.549170 7.243841 7.547368 7.213625 7.564385 7.728317 6.321615 7.751176 7.995344 8.018538 8.191105 6.896721 7.198933 7.966185 7.975954 6.824973 7.244568 6.696143 7.183183 7.116052 7.590737 7.075672 6.919678 6.882297 8.593285 7.434014 7.393737 6.709053 7.166479 7.271653
7.786508 6.886422 7.050668 7.058550 8.264006 7.949144 7.477925 8.184077 8.128860 8.263830 7.479231 7.768535 7.806727 6.982979 8.130859 7.749378 8.241713 7.753451 7.154180 7.663161 7.643591 7.339484 7.285173 7.516808 7.759414 7.909786 7.531067 7.933762 7.353319 6.967319 7.394580 7.926648 6.330333 7.857690 7.466883 6.892887 7.090899 7.195368 7.621336 6.725790 8.094288 7.442261 7.144240 8.196868 7.108534 6.747002 7.379285 8.128537 6.819617 7.293750 7.039551 6.953019 7.439107 6.916329 7.015625 7.957113 7.618728 7.743684 7.920530 7.408642 7.511645 7.653708
7.689806 8.090695 7.248715 6.956534 7.959926 7.854848 7.486481 7.007271 7.696655 7.875143 7.386329 7.593315 7.402414 8.757227 8.040337 8.099452 7.097311 7.487598 7.252403 7.375210 7.717486 7.758697 7.269078 7.316480 7.320875 7.570271 7.931290 7.196271 8.169839 7.210220 7.572184 7.848466 7.120870 7.194528 7.584209 8.191157 7.278026 7.429227 7.085534 6.291412 7.906254 6.984273 7.461543 7.097012 7.711565 7.245265 7.820701 7.440042 7.124128 7.437480 6.722234 7.429289 6.912349 6.860334 6.849579 7.323278 7.396827 7.910405 7.725448 6.604723 6.958712 7.476516
7.554663 8.046119 7.504299 7.869070 7.216534 7.447160 7.567741 8.030894 8.274559 8.045939 7.324679 8.384293 7.537365 7.019678 7.434593 8.048939 8.142562 8.245427 7.933761 8.147324 6.794611 7.383975 7.918574 7.047498 7.278362 7.375338 6.771714 6.359956 6.918262 7.724384 7.657417 7.558291 7.445093 6.609108 7.585933 6.563359 8.057824 7.056127 6.942377 7.137396 7.354968 6.700171 6.658016 6.605398 6.554190 7.152496 7.799812 7.970628 7.078418 7.882575 8.138741 8.233157 6.575967 7.701717 7.400248 7.074861 7.105621 6.436565 6.811857 6.451542 6.231681 7.359241
7.066221 7.297277 6.934157 6.712143 8.152343 7.343940 7.268844 7.811552 8.570221 6.342674 7.573581 7.548204 7.985135 7.580760 8.073591 7.719457 7.141203 6.637000 7.103302 7.042349 7.369164 7.335402 8.503552 7.487593 7.730144 7.962505 7.330009 6.689007 7.060137 8.012435 7.676455 6.418949 7.331387 6.962839 7.147023 6.998481 6.556439 7.750722 7.250667 6.595612 7.216390 7.733721 7.727742 7.235470 8.227868 7.231397 7.461798 5.435192 6.909796 7.305672 6.552719 7.528292 7.306135 7.641145 7.474385 7.322734 7.170544 6.690327 6.746274 6.971607 6.956101 6.191502
6.932653 8.457404 7.325239 7.968953 7.942597 6.443365 7.745885 7.026290 8.367609 7.682608 8.243051 7.060037 7.598443 6.870756 7.525393 7.297105 7.873736 8.197693 7.477753 6.996180 6.877433 7.059949 6.644053 6.830867 7.024923 7.661258 7.449831 7.539090 7.246810 7.945286 8.139198 7.660121 7.410330 7.079739 7.058544 7.660461 7.453120 7.282379 7.337997 6.691763 7.366880 6.560079 7.291259 6.317331 6.910005 7.754375 6.777317 7.058646 7.741989 8.226274 6.890942 7.245120 7.265150 7.882597 7.315241 7.660198 7.903263 7.599732 7.800826 7.313987 7.271190 6.572325
8.331025 7.416853 7.100103 8.010395 8.496524 7.385414 7.717294 6.510984 6.936747 7.367150 7.588177 7.494302 6.460354 8.077657 7.768778 7.691912 8.071616 8.317244 7.872640 7.380165 7.178693 7.801445 8.223498 7.886469 7.763968 7.428771 7.641859 7.639741 7.528647 8.266852 6.484316 6.913004 7.436897 7.613704 7.100501 7.750620 6.962367 7.567652 7.033900 7.739903 6.834571 7.831626 7.512858 8.018312 6.986572 7.134003 7.403042 7.336607 6.996067 6.434450 8.389828 7.604567 6.614410 7.714238 6.963125 6.982836 6.948108 7.461106 7.746930 6.905193 6.938160 7.202373
6.558084 7.697191 7.627528 7.559506 7.648856 7.719700 7.599270 8.134294 6.888184 7.665599 7.128431 7.221905 7.258290 7.775495 7.878626 7.881032 8.310417 7.449853 7.967220 7.683291 9.201506 7.379855 6.971556 6.672853 7.542980 8.290518 8.534313 7.465097 7.181196 6.732667 6.994171 7.818402 7.825357 7.353200 7.166942 7.557573 6.581272 7.517452 7.146098 7.333567 7.923243 7.333416 7.787901 8.200669 7.064136 6.753611 7.761299 7.507970 7.351892 8.138686 7.095001 7.279943 6.840647 7.651826 7.448862 7.261084 6.780610 7.714242 6.323695 6.978607 6.912009 7.689733
7.758315 8.173983 7.685532 7.741239 7.923988 7.586094 7.762030 6.252497 7.183703 7.784789 7.438509 7.446548 8.150543 7.589161 7.450918 7.684416 7.400471 7.638062 7.605938 7.403907 8.473535 7.452807 7.196130 7.376293 7.554130 7.563442 7.745384 7.873737 7.147288 7.815932 6.943617 7.341935 7.908392 7.385903 7.315092 6.630419 6.704178 7.375625 8.257048 8.511567 6.765021 8.333680 7.340961 8.036786 7.418234 6.506620 7.450185 6.803473 6.719017 7.064719 7.426568 6.505691 7.692171 6.901861 7.578503 6.198617 6.452000 6.337106 7.560254 6.870983 7.710915 6.320894
8.599045 7.288538 7.981629 7.004866 7.837967 7.454328 7.933757 8.483765 7.198399 7.030585 7.938978 7.264184 9.095491 7.682478 7.803731 7.187367 7.393969 7.825052 6.796460 6.557077 7.322854 7.313993 7.127339 7.589884 7.442090 7.749737 7.186339 7.247526 7.991379 7.452787 6.942501 7.696288 6.935046 6.989561 8.031200 7.565812 7.419165 7.550229 7.614383 7.931021 7.485739 7.092701 6.923524 6.557767 7.775701 6.947340 7.055940 7.534636 7.239111 7.483597 7.236629 7.068100 6.288363 8.217185 7.807266 6.645380 6.831220 7.044795 7.681738 7.078971 7.652131 8.322960
7.172667 7.263079 7.664508 8.081781 7.384755 7.830516 7.339994 8.046066 7.427024 7.549181 7.203824 7.179188 7.605154 8.186588 8.384362 7.115352 8.342812 7.783519 7.422846 7.961158 7.636739 7.043132 7.255760 7.173431 7.501320 7.518123 7.653482 7.297642 7.941603 7.667598 6.727113 7.961144 7.348619 6.330914 7.719531 7.077343 7.127237 7.210916 7.979816 7.834510 8.049830 7.680638 8.301220 6.399311 6.963087 6.747663 7.150970 6.372795 7.220215 7.138008 8.055323 8.197509 7.438454 8.123551 6.608796 7.446743 7.239726 6.854679 6.469714 6.716603 8.048241 6.588218
6.645825 7.267502 7.617592 7.940286 7.481106 7.772496 6.892983 8.120937 8.113206 7.773482 7.637700 7.526621 7.793210 8.164273 8.051335 7.831607 7.995856 7.732603 7.482470 7.331576 7.138271 8.833603 7.650572 7.422537 7.335466 6.769635 7.948653 7.768148 7.782042 6.951589 6.847434 8.241701 7.554776 7.447722 7.436420 7.256419 6.735469 7.459222 6.719852 7.350591 7.193258 6.599754 6.542655 7.460039 6.983234 6.672639 6.902100 7.599438 6.385988 7.191573 6.167786 8.133697 6.290426 6.969366 6.477217 7.494213 6.216689 7.559171 6.324154 7.041752 8.154806 6.607133
7.557520 8.619231 7.168345 7.787673 7.995583 7.499991 7.288653 7.304506 7.449141 8.115874 7.954857 7.962786 7.870926 7.842383 7.969959 7.554616 7.710527 7.614216 7.075964 7.023595 7.186975 7.900623 6.563604 6.961200 7.379722 7.518721 7.975643 7.239454 7.404930 7.319814 6.546083 8.549549 6.785015 6.518974 7.752931 7.438953 7.022274 6.395282 6.276353 7.268150 8.040681 6.981884 7.227209 8.079197 6.497652 7.375534 6.286779 7.665004 7.714970 6.707063 6.935781 7.039191 7.276118 7.053665 6.912620 7.041076 7.678328 6.416204 7.510946 7.232683 7.364817 8.337479
7.603127 7.911253 7.341575 8.140015 6.590963 7.997175 8.218275 7.800627 7.190923 7.033803 7.518292 7.157356 8.095951 7.003844 7.131234 7.166395 7.025798 7.702500 7.131127 7.423422 7.551450 6.509644 7.452361 7.345632 8.081436 7.492167 7.472732 7.357993 6.349607 7.097096 7.706716 7.772689 6.892362 7.477457 7.581048 7.342089 7.761413 7.913524 7.678794 6.636760 7.374871 7.512587 7.295019 7.851875 6.821000 7.045449 7.526993 6.852424 7.444840 7.567625 7.243354 7.798760 7.864081 7.152550 7.372084 7.254007 6.998152 5.977430 7.349574 7.047275 6.843663 7.496833
7.111624 7.380513 8.529549 7.097826 8.418686 8.186787 7.658709 8.353371 7.984151 8.089970 6.904102 7.256535 7.269098 6.585025 8.223637 6.946172 7.602362 6.821816 8.407408 7.305286 7.354839 6.789712 7.713617 6.913402 6.975077 7.354409 7.151641 7.280200 6.995856 7.137664 7.956796 7.979680 6.694784 7.665918 8.431856 7.542835 6.510816 7.173167 7.626835 7.476152 7.549797 8.177459 7.765738 7.117537 5.895346 6.552531 7.725853 6.796170 6.783043 7.930634 8.444048 6.751874 7.423186 7.032957 6.898454 6.590257 6.889271 7.491982 6.924891 8.076616 7.348323 7.117303
7.868953 8.331222 8.011725 9.100182 8.111725 7.919872 6.480293 7.950968 7.114836 7.709600 7.480838 7.943306 7.820289 7.548758 8.430430 8.284691 7.837543 7.557738 8.080117 7.990416 7.395633 6.950768 7.677981 6.731058 7.911638 6.900722 7.396796 8.971751 6.607656 7.838746 6.339073 7.121694 6.990982 7.544316 7.260785 8.023830 7.811293 7.056425 7.019625 7.141505 7.074004 7.047991 7.316324 6.732083 7.851066 7.715370 8.086381 7.452643 7.042779 7.727827 7.246562 7.590986 7.591176 7.365505 6.453990 7.450361 7.773531 7.790459 7.337908 6.339848 6.719611 7.052832
8.454573 7.842300 7.355340 8.699955 7.419328 6.879156 7.870455 7.510661 7.867416 6.810301 7.273739 6.816985 6.662417 7.375723 6.908430 7.596169 6.598056 7.501286 6.679980 7.552677 7.492796 6.543440 7.664212 7.994422 7.384408 7.969321 6.909803 7.950232 8.131748 7.068351 7.737058 7.238484 6.944883 7.195418 7.250913 6.542369 7.355783 7.941484 7.056025 6.893204 7.663368 6.758609 6.334102 7.111693 6.594705 8.331796 6.521737 7.995503 6.414202 6.913369 6.852510 7.448174 6.947359 7.307406 6.730047 7.445963 8.016593 7.659110 6.684536 7.615285 7.616174 7.110984
7.763505 7.485443 7.310136 7.381375 7.870765 7.070568 7.266039 7.499308 7.230070 8.783503 7.571504 7.944359 7.497652 7.386240 7.443120 6.880864 7.190421 7.442713 7.395130 7.343117 7.367671 6.217092 7.429903 7.569948 7.376068 6.978490 7.577494 7.929796 7.209352 7.393805 7.746678 7.468339 6.961993 7.009713 7.051263 6.592142 7.530971 7.213093 7.589636 8.144239 6.851110 7.346235 7.394816 7.263837 7.665382 7.207044 7.266670 8.168917 7.824858 6.693287 7.310385 6.308944 7.261032 8.124779 7.017493 6.766592 6.865417 5.857827 7.013927 5.464499 7.594241 7.350145
7.350681 7.223765 7.369025 7.147786 8.432287 7.236835 7.772004 7.754522 7.270069 7.109878 7.800059 7.454622 6.910691 7.745524 7.095026 7.957821 7.605721 7.374144 7.308760 7.200037 7.011373 7.604253 6.510144 6.900278 7.251451 6.578672 7.527406 7.152535 7.798883 8.169921 7.597268 8.500743 8.024086 8.251805 7.383603 7.770471 7.943665 6.538597 7.806253 7.342228 6.853970 7.817972 7.093750 6.553591 6.519115 7.021176 6.881264 7.819984 7.907164 7.072584 7.960847 6.884284 7.206018 7.119442 6.690892 7.063317 7.385096 6.705974 6.883895 6.912598 7.982096 7.703009
7.316850 7.843732 7.766214 8.246752 7.538019 7.491526 8.052976 7.734049 7.915891 7.826856 7.425980 7.559889 7.089339 7.737063 8.547036 9.417382 7.016084 7.206135 7.544216 7.599162 7.414921 7.249134 8.135106 8.082662 7.215014 7.348654 7.244373 6.908389 7.149042 7.833644 8.723129 6.921892 7.559349 6.720527 7.087815 7.267509 7.270632 6.945800 6.392811 7.634103 7.592824 6.897726 7.342785 8.443981 6.159920 7.033170 7.464951 7.174977 7.191513 7.688136 7.024390 6.923065 7.868143 6.973912 6.628326 7.236562 7.086805 7.299090 7.079292 7.136975 6.809925 6.802306
8.371496 7.906978 6.706520 7.143725 8.362036 6.717150 7.401364 8.001022 6.931739 6.854365 6.927264 7.916289 6.962258 7.355108 7.120615 7.793631 7.082813 6.916470 7.094258 7.414585 7.753899 7.254867 7.482609 7.459597 7.565963 6.819340 7.816012 8.054272 7.360795 7.299141 6.271975 7.153316 7.136838 7.348929 6.404346 6.555283 7.518972 6.909256 7.104699 6.262162 7.033327 7.351360 7.373984 7.362542 7.590676 8.167403 7.690886 6.757837 6.993357 6.522881 7.069558 7.885398 7.066009 7.561150 6.694041 6.098168 6.398304 7.389394 7.403661 6.294818 7.924489 7.106591
7.251382 6.603132 7.608706 8.285297 8.131701 7.458919 6.657773 7.866326 6.995141 8.059744 6.723386 8.096640 6.677504 7.385983 7.023573 7.330551 7.289809 7.129559 7.361867 7.834086 7.021054 7.068826 8.065088 6.510401 7.749927 6.952524 6.940984 7.066803 6.755736 7.830245 7.052155 6.823420 7.546031 7.739145 7.835199 7.914113 8.256531 6.833486 7.519271 7.299633 7.076705 7.003065 7.771039 8.159728 6.706146 7.677764 7.023511 7.012468 6.968260 6.463191 6.436563 7.068947 6.937114 7.470696 7.372111 7.558764 7.099262 8.119848 8.194900 8.207263 7.328191 7.793578
7.591348 8.072644 7.697570 7.394480 7.780508 7.699305 7.715727 7.796712 6.879132 7.386218 7.475829 7.546150 7.133720 7.075549 7.000001 7.591100 6.524153 6.387803 7.510657 7.366846 7.080443 7.605182 7.386595 8.172061 7.260956 7.437563 8.268585 7.147241 7.758961 7.287787 7.271363 7.375874 7.514222 6.243789 7.444166 7.541780 6.883256 6.652221 6.973260 7.251235 7.028538 6.464157 7.204170 7.133568 7.911275 7.423289 7.845159 7.276209 7.501960 6.775726 6.388368 7.188640 7.225922 7.356016 7.621654 6.883194 7.609197 7.293337 8.124978 7.696032 7.862377 6.876922
7.828051 7.302419 6.950746 7.564083 7.639428 7.104540 7.521770 7.248020 8.181161 7.384371 6.810757 7.684436 8.732023 8.872870 7.318227 8.141187 7.636430 7.469484 8.018138 7.950857 7.521866 6.933300 7.107254 7.661502 7.840029 6.798704 6.912107 8.476841 7.579968 7.415957 7.488699 6.998329 7.773042 7.432010 6.586773 7.124762 7.400352 6.987870 8.739658 6.919951 7.501655 6.303531 7.494629 8.035387 7.760034 6.999440 6.919100 6.961744 7.730927 6.396274 6.750779 8.022506 7.190683 6.529947 6.520605 7.063106 7.680766 7.921073 6.365053 7.083265 7.620491 6.985288
7.829733 8.407593 7.482415 8.204041 7.400779 8.137043 8.049501 6.874559 7.989685 7.002249 6.575262 6.216817 7.129263 7.785738 7.589399 7.601144 7.088226 6.610718 7.277847 7.856385 7.207470 7.449555 7.594318 6.947613 7.563132 7.773302 6.989447 7.580496 7.722880 7.923215 7.865240 7.721943 7.860637 7.908389 8.293568 7.480030 7.075520 7.175404 7.422264 7.146027 7.276578 7.580123 7.624399 7.549674 7.977437 7.017137 7.218668 7.461178 8.728480 7.998694 7.203780 8.136296 6.838442 7.857170 7.461856 7.220298 7.232480 7.622706 7.114735 7.895098 7.094614 7.997609
7.071176 6.766348 7.580972 7.758112 7.946781 7.311487 7.505911 7.327023 7.163584 7.454204 6.779732 6.802629 8.064674 7.934949 8.369024 6.935111 7.227284 7.838493 7.128845 6.922683 6.958823 6.842426 8.022887 7.281653 7.614744 7.311057 6.562149 6.695900 7.972130 7.187677 6.665878 6.866457 8.069917 7.069361 7.381344 6.957215 7.450698 7.633843 7.639063 7.226417 8.415307 7.946317 6.907291 6.668863 6.460205 8.364577 7.152275 6.871303 7.205309 8.012034 7.517964 7.378368 7.100476 8.086371 6.672554 7.186512 7.497557 7.174564 7.221242 7.224292 6.554398 7.274015
6.994890 8.618010 6.884766 7.830436 7.688560 7.479987 7.416014 7.891084 7.614564 7.355351 8.177242 7.888009 7.598383 7.066381 7.938064 8.290417 7.329148 7.640874 7.420527 7.865957 7.318537 7.595713 7.026943 7.559524 7.262623 7.465967 7.434494 7.974862 7.513283 7.313397 7.185308 7.384430 7.226664 7.601957 7.424875 7.718516 6.566237 7.912687 7.888304 7.221171 6.985511 7.407040 6.996480 6.726222 7.349291 7.105986 6.832987 6.979023 7.207908 7.815638 7.429382 7.094831 7.044490 7.761643 6.836444 7.590672 7.570549 6.823978 7.753481 7.111696 7.208758 7.147359
7.064463 8.194041 7.565254 6.925160 6.864090 7.515845 7.903819 8.889946 7.728908 7.371699 7.540030 7.911283 7.675495 6.547880 7.033562 7.674046 8.650124 7.940641 7.352684 6.932168 7.773801 7.743156 7.996766 6.602164 7.281848 7.214444 6.610212 8.418697 7.157797 7.679884 6.935626 7.456719 7.518101 7.391553 7.079767 7.227540 6.656302 7.353010 6.847072 7.492204 7.295076 8.027256 7.379942 7.752042 7.447361 7.177922 6.793732 7.415797 7.474933 7.377782 6.977157 8.038232 6.906306 6.516349 7.124669 7.239102 6.497095 5.931031 7.723333 6.190817 6.714624 7.053897
