DEPONS-master/data/CentralBaltic/salinity0000_03.asc
NCOLS 400 
NROWS 400 
XLLCORNER 4750000.0 
YLLCORNER 3200000.0 
CELLSIZE 1000.0 
NODATA_value -9999 
[rows 189 to 215 of 400, columns 61 to 121 of 400]
13.008533 12.937788 14.340288 13.640733 13.085320 13.870269 12.375434 13.514085 12.902978 13.400880 13.268109 12.746158 12.723848 12.901487 12.919797 13.322309 13.135190 13.361773 12.554672 12.100505 13.442121 12.791420 12.480401 12.028489 13.294441 13.407220 12.830554 12.490869 12.732390 12.543701 13.057442 12.207252 13.346827 13.045639 13.349092 13.640225 13.075015 13.709569 13.157424 13.064865 13.370366 12.317760 13.031021 13.810898 13.401228 13.267184 12.679389 12.025811 12.331117 13.249808 12.928655 12.163448 12.538950 11.842548 12.922987 12.255454 13.111423 12.508233 12.289046 12.431758 12.608873
14.100075 11.786841 12.999226 13.519984 12.890966 13.167920 12.893700 13.815782 12.838321 14.258598 13.221007 13.744497 12.846028 13.179075 13.158113 13.196188 13.015526 12.903936 13.056744 13.040527 12.444285 12.023068 12.386710 13.123688 13.231857 12.598708 12.296403 13.017945 12.305789 12.452133 12.440492 13.178690 12.546866 12.630629 12.654118 12.191965 13.469513 13.017514 12.606676 13.718986 13.076363 13.772439 12.266100 13.486138 13.427652 12.671485 12.849492 13.430643 12.533927 12.477253 13.105649 12.456356 11.959012 11.997640 12.383799 11.802370 12.391485 12.065178 13.055238 12.580895 12.976963
13.723551 13.783084 13.334832 13.865442 13.837869 14.184816 14.134719 14.059505 12.998555 13.356329 13.428711 13.280983 13.441131 14.268782 13.800987 13.641558 12.510754 12.687586 13.284791 13.107873 13.120356 12.862399 12.700852 12.254772 13.403846 12.469945 11.693114 12.704160 12.588143 12.045536 13.043140 13.305019 12.340282 13.272150 13.827328 13.300433 12.710648 11.856100 13.171694 12.468525 12.561325 12.751370 13.058131 13.128449 13.681665 12.783354 12.422020 12.479868 13.435793 12.831832 12.654353 12.409095 12.189804 12.524296 12.943508 12.535855 12.846678 12.323205 13.807582 12.685798 13.333033
13.894527 13.804389 13.362014 13.430973 13.388782 12.758216 13.993408 13.563028 13.517626 13.029658 13.442219 13.441483 12.628457 13.833221 12.795322 12.669566 12.877257 12.544730 12.557958 13.497067 13.376456 13.676831 12.949320 13.408284 12.456489 12.843325 12.662287 13.400416 12.880671 13.019845 13.218142 12.941429 12.725581 12.798317 11.682474 12.688090 13.002935 13.103308 11.798638 12.840448 12.768859 11.580900 12.875978 11.836050 12.890008 12.727363 12.351434 12.573312 13.099113 13.241881 12.786144 12.582240 12.975686 13.541456 12.333289 12.149700 12.404550 12.094191 11.226077 12.930762 12.898668
12.807376 13.180930 13.462673 13.227006 14.212905 13.066974 12.263629 13.634211 13.869385 13.731128 13.748113 13.283892 13.055802 12.837371 13.105395 12.982599 12.904215 13.673545 13.848437 12.737905 13.507854 13.280231 13.168902 14.293869 12.181805 13.085872 12.181766 13.422012 12.834675 12.991997 13.034323 12.804932 12.386875 11.546458 12.807003 12.193558 13.234764 12.582158 12.406969 12.854623 12.165115 13.256572 13.209721 12.855651 12.593976 13.125053 12.514622 12.691918 12.395289 12.432112 12.939557 11.905724 12.185693 13.003406 12.641719 12.809784 12.183125 13.398830 12.378895 10.802283 12.285182
13.630243 12.848394 13.339312 12.952677 13.389652 13.626095 13.397485 12.676584 13.196058 12.868155 13.648381 12.640231 13.173774 13.580166 12.791417 12.378427 12.555213 11.937371 12.312320 11.657965 13.801476 12.658352 12.557062 13.518872 12.937994 12.940024 12.832486 13.320204 13.564948 12.163398 13.404374 12.114096 12.680806 13.471843 13.687171 13.271628 12.697563 11.500518 13.406632 13.385172 12.962337 12.734934 13.068280 12.906351 12.851428 12.185958 12.595751 12.741778 12.295182 11.814650 12.739012 12.798735 12.593486 11.777204 12.751136 13.826579 12.519241 12.321140 12.856624 13.111151 12.060180
13.052547 14.061274 13.486595 12.842169 13.633171 14.078663 12.944702 13.321774 13.070880 12.825037 12.615060 12.979816 13.101067 12.605705 13.394996 12.935464 13.418494 12.351801 12.945512 13.432155 12.849220 13.657108 12.263596 12.733804 13.466897 12.465928 13.605761 12.926831 13.748175 12.506794 13.767094 13.794713 13.499977 12.671868 12.611299 12.115250 11.826960 12.836103 12.454625 12.390670 12.696183 13.506242 12.207671 13.187353 12.960343 12.677792 12.751826 12.338002 13.234867 13.221867 12.458997 11.625914 12.286430 11.516498 13.250890 12.748931 13.181600 11.772567 12.181166 13.132567 13.267454
12.674375 13.622125 12.721589 12.945313 13.164426 13.501178 13.942969 12.983908 13.801863 12.907810 13.167288 13.777251 13.413646 13.248635 13.692427 11.830307 12.765073 12.689524 12.758502 12.817259 12.645691 12.989041 13.075952 12.900157 13.041010 13.241146 12.956722 12.441948 13.612014 12.416786 12.546983 12.764580 12.948344 13.223352 13.058719 12.541319 12.112742 12.982629 12.505230 12.651778 12.429452 12.297113 12.514419 12.468626 13.153737 12.233600 12.722442 12.751152 12.801407 12.996586 11.854257 13.286882 13.228503 12.140704 12.547545 12.784299 12.317905 12.289312 12.713254 13.200172 11.959912
12.851464 13.007700 13.588015 13.620294 12.201400 12.307277 13.194217 13.173196 13.046160 13.241782 13.823680 13.172439 13.105353 12.921351 12.553645 13.332147 13.458836 13.138420 13.580122 11.880728 13.360855 13.058196 12.466581 12.812022 12.762111 13.061671 12.506030 12.229638 13.191667 13.624009 12.236431 12.867588 13.006956 12.553065 12.728776 13.036965 12.944042 13.627724 12.543011 12.971289 12.933705 12.797681 12.365595 12.221148 12.953593 12.427253 12.312861 13.545574 12.970353 11.763494 11.767163 12.899607 12.944308 12.570613 12.148672 12.926908 12.072799 12.858961 12.971563 12.096799 12.501852
13.616317 12.629893 12.401811 12.761044 12.959375 13.065128 12.807309 12.758099 12.882436 13.395504 12.692826 13.659960 12.949174 13.512332 12.740647 13.174968 13.925154 12.925994 11.967239 13.144786 12.653166 11.965328 12.542713 12.595666 12.662585 13.554143 12.652729 12.422022 11.829995 13.240242 13.095933 12.974833 12.224825 13.249049 13.417768 12.327751 12.126104 12.378393 12.129756 12.029935 12.808788 12.536589 11.055481 12.550668 13.211972 12.089159 12.235738 12.330649 12.301740 12.967869 12.712911 12.090827 12.740686 11.668515 12.714788 12.460445 11.893333 12.725479 12.320788 13.117277 12.979362
12.817207 12.772737 13.817481 12.955264 13.119293 12.678167 12.608078 12.771031 14.086112 13.272146 12.249593 12.122624 13.634734 12.576594 12.623312 12.814823 12.725262 13.424428 13.387147 12.887712 12.472129 13.141395 13.330901 12.737807 12.411873 12.969647 13.284877 13.080675 13.338404 12.982551 11.963208 12.340211 12.598478 13.356005 12.004447 12.653360 12.781006 12.759045 12.692457 11.792900 11.165375 12.886608 12.957381 13.054855 10.995631 12.495613 11.583517 13.421036 11.835817 12.577142 12.805492 11.954900 12.140988 12.592469 13.254958 12.944629 12.056970 12.755923 12.354615 12.173542 13.470210
12.866821 13.525363 12.768175 13.136610 13.527764 11.719695 12.941579 13.148693 12.034642 14.235641 13.112037 13.046565 13.098615 12.606533 13.086046 12.060041 13.832995 12.999192 12.637114 12.444883 12.084955 13.659239 13.055037 13.357624 12.830363 13.188389 12.351177 12.302849 13.587839 12.788048 13.559092 12.836139 12.374021 12.231815 11.921332 12.744334 12.088702 13.524542 12.232555 12.001455 12.985404 11.564972 13.748616 12.228264 11.658410 12.545388 12.255977 12.025087 13.136326 13.473078 12.426802 12.256894 12.532097 12.294119 11.572503 12.709356 12.216093 13.078671 12.390058 12.748066 12.337994
13.092405 13.107425 12.944646 12.703712 14.161333 12.554102 13.068214 13.149306 12.582398 12.298584 12.774353 12.519571 12.652410 13.869718 13.180009 12.634087 12.752803 12.339834 12.790657 13.187222 13.334616 13.234914 12.681790 12.645074 12.399138 12.539910 13.032948 13.215520 12.096547 12.051791 12.075857 12.931531 13.656315 12.396094 12.529461 12.473927 13.146568 13.160014 12.356699 13.229183 12.732091 12.746715 12.629202 13.121216 12.454840 11.978445 12.762795 13.178789 12.330458 11.574647 12.892689 12.297256 12.327848 12.532012 13.149033 11.919280 12.087599 12.209307 12.071749 13.785231 12.545286
13.250863 12.239724 12.861732 12.425307 14.241114 12.763965 12.810783 13.267368 13.022649 13.290809 12.124072 13.129569 12.889355 12.874681 13.443913 12.759131 12.229276 12.866219 13.715468 12.962042 12.128907 12.860917 12.950862 12.683399 13.943111 12.705865 13.265477 12.354591 12.634356 12.579956 13.348732 12.493214 13.263820 12.343522 11.870620 12.367542 13.066523 12.405406 12.586031 13.250935 11.736819 12.673881 12.563856 13.059651 13.024201 12.339430 12.804322 12.740060 13.230952 12.017599 11.553025 12.504557 13.417001 12.508617 12.303557 13.227507 12.717302 12.370298 12.204391 12.635763 12.325267
12.688562 12.794361 12.287660 12.060361 13.125589 12.678569 13.399697 12.294688 13.173230 13.529473 13.659411 12.548538 13.332720 13.146195 13.898227 12.508808 13.037647 12.590387 12.863692 13.564060 12.435222 11.954743 12.959912 13.338019 12.554609 13.133357 12.305983 12.582133 13.167603 12.821616 11.971313 12.402866 13.276990 11.862293 12.336055 12.287426 12.855070 11.312985 12.931925 12.828590 12.354063 11.996835 12.902350 12.540676 11.533863 12.549025 12.272625 12.483911 11.775577 12.456944 13.191422 12.943356 12.174514 12.040447 12.212962 12.344952 12.705615 12.388467 12.250368 11.879521 11.799308
13.136526 14.156325 13.019474 12.330601 11.979189 13.128830 12.922641 13.140471 12.281215 13.332795 13.155919 12.920056 13.483093 12.615652 13.570169 12.943002 13.155691 12.245185 13.300715 13.060724 13.089975 12.655139 13.358325 11.928419 13.817264 12.855371 13.036993 13.298297 12.235857 12.215756 12.322033 12.709516 13.113447 12.067220 13.147339 11.919580 11.605971 12.683924 11.910890 12.908117 11.999990 12.928683 12.583033 12.552390 12.091935 12.696136 13.733031 12.335787 12.102863 12.046214 12.229770 12.235165 12.206039 11.663528 12.301316 11.400642 12.880347 12.340318 11.952985 12.463428 11.991844
13.504658 12.707912 13.406514 13.181246 13.250551 13.261017 12.708622 12.394421 11.969997 13.169305 12.997275 12.262398 12.637477 13.162488 12.560343 12.764276 12.660325 11.929273 13.402119 12.693277 13.550473 13.087209 12.244236 13.037472 13.395842 12.530656 12.643864 13.415916 12.170223 12.839106 13.615473 12.833641 12.622048 12.309434 12.258737 12.970988 13.350702 12.658561 11.954902 12.930623 13.184597 12.496186 13.128180 12.992351 12.533514 12.573726 12.728132 13.016716 11.087538 12.355151 12.417149 11.889024 12.467188 13.190917 12.318290 12.038948 11.983874 12.044934 12.358927 11.973848 12.498051
12.272018 13.283184 11.964391 12.380358 13.927683 13.236709 12.853452 13.055536 12.496853 12.150537 13.575960 12.113491 13.369302 13.287366 12.927980 13.481222 12.801773 12.348885 12.747506 12.398651 12.275530 13.155349 13.289971 13.391734 13.294607 12.441767 11.432102 13.283762 11.760572 12.226346 13.395445 12.392699 11.662430 11.896144 12.435364 12.040761 12.909533 13.252402 11.786739 12.625664 12.277478 12.761192 12.969723 11.587173 12.814528 11.895058 13.269798 13.050529 12.800126 11.725463 11.801211 12.275312 12.073582 12.398986 12.620805 13.394464 12.744454 11.181999 11.908531 12.039023 11.939598
13.620400 12.187478 12.631221 13.362687 13.454194 13.191854 13.125359 14.119132 12.771612 13.090569 12.943941 13.728789 13.081188 12.355118 13.498473 12.771251 13.249937 12.985803 13.382936 12.662639 12.394332 12.918195 12.081838 12.541478 11.705339 12.381155 11.700035 12.831567 12.443140 12.927132 12.644672 12.742812 12.803896 11.976760 12.695497 11.943296 12.931780 11.986914 12.803529 12.472849 12.199641 12.955047 12.229551 12.238349 12.037664 12.475217 12.053723 12.033900 11.681720 12.569110 12.232718 11.976998 12.460318 13.181140 11.750978 11.938636 12.488412 12.857941 11.787711 12.319068 12.149989
13.844419 12.490906 13.427397 13.406200 12.527587 12.996891 12.399810 13.439453 12.833958 13.544013 12.536738 12.470583 12.166255 12.019068 12.366388 12.287930 13.319673 12.298436 13.142862 13.820889 12.895314 13.514831 12.781620 12.149864 12.394511 12.355435 12.263506 13.200315 12.436991 13.103051 12.309497 12.237164 12.041765 13.778355 12.499583 12.852245 11.990148 11.677470 12.009426 12.230217 11.997849 12.216027 13.361488 11.844022 11.965705 12.409677 11.978978 12.150500 11.515058 11.492354 11.447641 12.777694 12.348753 12.848710 12.138683 12.120169 12.613723 11.859553 12.237534 12.408034 11.312256
12.884636 12.460273 12.416236 11.945173 13.401297 12.952439 13.098154 12.171363 12.768933 12.746249 13.219232 12.319947 12.426778 12.625581 11.862963 12.060021 12.124803 12.166348 13.244985 12.261980 14.073180 12.913114 12.780233 12.472618 12.673526 12.216657 13.647485 12.550013 11.823333 12.018080 13.198665 11.822949 12.342796 12.004505 12.444174 12.701084 11.983409 12.547664 12.803725 13.235017 11.873129 12.739803 12.507788 11.953484 12.257180 12.597030 13.168409 11.405699 12.275135 13.103048 12.313599 12.039565 11.851616 13.124241 11.092942 11.774553 12.688252 12.412162 12.229402 12.610665 12.886960
11.455919 13.810209 14.603961 13.196057 12.728101 12.572606 12.235153 12.548013 12.761763 12.492458 12.724006 11.633499 13.028231 12.717492 12.924320 13.464484 12.712676 12.996523 11.968362 12.785627 12.885135 12.559781 13.512138 12.100926 13.232351 12.264554 11.557942 12.974140 12.644288 12.330051 13.572180 12.239055 12.519782 11.987317 12.716863 12.397851 13.333987 12.624225 12.406291 12.636037 12.639555 12.206893 12.373606 12.387708 12.731013 11.619369 12.384944 11.749947 11.662035 12.302419 12.506473 12.821681 13.202778 11.871734 11.967214 12.509109 12.863840 11.647708 13.534966 12.756625 13.138120
12.361237 13.310996 13.084693 12.267737 13.246278 12.859467 13.831908 12.679074 12.429992 12.415389 12.714001 12.801155 13.314022 12.515528 12.137202 12.372094 12.401501 11.682798 12.678013 11.806579 12.117759 12.554658 12.033375 12.184003 11.867527 12.136744 12.299100 12.103421 12.160437 11.742344 12.912797 12.132487 12.579345 12.972689 12.329450 12.311435 11.015583 11.040255 12.405727 11.565393 13.207368 11.764450 13.265562 12.184768 11.968881 11.659869 12.639382 13.095898 11.924928 11.754698 12.870270 12.094567 11.795508 11.669448 11.738699 12.950357 11.623654 11.432812 12.447508 11.384765 12.033864
12.845166 12.156614 13.537854 13.427093 12.918131 13.287218 13.914573 12.480729 12.489197 13.096511 13.513790 12.298371 12.529677 12.322267 13.050301 12.911389 12.502957 13.456235 12.746682 12.439689 13.035017 12.188040 12.514505 12.563919 11.841482 11.882250 13.248019 13.699475 11.770149 12.488047 12.677473 11.660298 12.068210 12.383971 12.197628 11.837294 11.569725 12.567041 12.470472 12.739171 13.001451 12.664239 13.165173 11.674198 12.092261 12.519102 12.156110 12.603537 12.086233 12.328420 12.040346 11.884893 12.777124 12.341749 12.219681 13.340680 11.838983 11.118510 12.440704 11.836530 11.838502
14.027844 13.614075 12.804671 12.801058 13.310246 12.887998 12.045836 13.251052 13.290819 12.495575 12.615052 13.498640 13.686057 13.120288 11.385723 12.690477 12.787174 12.947916 12.337819 12.634264 12.305567 12.985118 13.252361 12.275284 12.230488 12.634551 13.850544 12.082555 12.520701 12.346502 11.943399 12.717842 12.640109 13.372849 12.214821 13.058874 12.547442 12.577001 12.664410 12.806778 12.220530 11.847344 12.618805 12.220900 11.959997 12.308738 11.492673 11.796209 11.914759 12.444526 12.430253 12.677636 11.903907 12.037161 12.311293 11.876013 12.498333 12.070478 12.383033 12.539498 12.319486
12.715434 12.776544 12.407566 13.336989 12.558687 12.331065 12.798885 13.224773 12.797031 11.837914 12.010177 12.677148 12.026561 12.776354 13.444744 12.312027 13.195178 12.752867 12.996125 12.449984 12.802345 12.796980 11.835706 12.691342 13.914992 12.405905 12.190394 12.105670 12.679047 12.985569 12.235465 12.584129 11.715089 12.548950 11.880589 12.128945 12.153658 12.772524 12.180559 12.674387 11.885472 11.917599 12.440003 12.681684 11.982404 12.115282 12.301081 11.805148 12.082313 11.778089 11.800180 12.745210 11.440560 12.197889 11.858314 13.115948 11.875395 11.278979 11.351535 11.308443 12.813641
13.267859 12.586186 11.961268 13.368558 12.914590 12.435426 13.627482 11.833796 12.146463 12.045773 13.237880 12.960841 11.981343 11.717511 12.496301 12.339244 12.358159 12.794574 13.182677 12.592408 12.899920 12.392002 12.520089 12.251899 12.135550 13.255372 13.386731 12.064056 11.723913 12.854553 12.526557 12.560892 12.079786 12.332374 12.920740 12.430787 12.730884 11.479980 12.838639 12.344929 13.065544 12.150409 12.391436 12.516981 11.475541 11.492522 12.715471 12.532490 12.436187 13.183415 12.657779 12.254391 12.280588 11.964638 13.259822 12.505577 12.258720 11.085267 12.597059 12.387062 12.550818
