DEPONS-master/data/CentralBaltic/salinity0000_09.asc
NCOLS 400 
NROWS 400 
XLLCORNER 4750000.0 
YLLCORNER 3200000.0 
CELLSIZE 1000.0 
NODATA_value -9999 
[rows 135 to 161 of 400, columns 0 to 61 of 400]
-9999 -9999 -9999 -9999 -9999 -9999 -9999 -9999 12.886249 13.479711 13.970046 13.020450 14.141352 13.140527 12.666021 12.571927 13.367988 13.545893 13.559510 14.256985 13.086181 13.325809 13.068915 13.310310 13.783403 12.843371 13.413610 12.943567 12.667589 12.416879 13.048188 13.402317 12.766404 12.874484 13.191501 12.058820 12.793546 14.065398 12.712172 12.698748 12.563467 12.558136 13.082337 12.229756 13.546047 13.189646 11.922983 13.010227 12.463738 13.054230 12.853326 13.428646 13.314148 12.371023 12.195548 12.922627 13.159651 12.266824 11.951346 12.929642 12.208511 11.557184
-9999 -9999 -9999 -9999 -9999 -9999 -9999 -9999 13.293541 12.782470 13.729240 13.024499 12.123613 13.196502 13.206674 13.546293 13.675339 13.288566 13.679946 12.900508 13.845708 12.857118 13.152742 12.706729 12.970645 13.466088 13.564693 13.169129 12.531376 13.282110 12.440748 12.220229 13.836721 13.813799 13.085973 12.226836 12.274971 14.046612 13.376115 12.830603 12.361371 13.560679 12.507541 12.997989 13.562929 12.772494 12.690037 13.517749 12.709456 12.544302 12.336085 12.877237 12.182821 11.542396 12.455204 12.962513 12.584498 13.547141 13.055481 12.317614 13.068459 12.580241
-9999 -9999 -9999 -9999 -9999 -9999 -9999 -9999 13.371870 13.505207 13.435281 13.660683 14.071989 14.162990 13.521497 13.099351 13.456513 13.916359 13.373696 12.792347 12.815910 12.888188 12.798568 13.527776 13.790961 13.961162 13.409052 12.861108 12.843370 12.969098 12.629879 12.944005 13.774689 13.654379 13.497406 13.108751 12.708000 12.928578 13.035803 13.106097 13.550274 13.004250 12.451575 12.340559 12.353342 12.949547 12.671604 13.001580 13.066404 13.463901 12.134046 12.079463 12.640271 12.428917 12.671412 12.859383 12.560076 13.445227 12.643839 11.989881 11.374605 12.135667
-9999 -9999 -9999 -9999 -9999 -9999 -9999 -9999 13.031108 13.168571 13.483004 13.930505 12.856107 14.308722 13.680864 12.714991 13.081940 13.659342 13.363804 13.149670 13.630632 12.945419 13.103514 12.557125 12.651309 12.894796 12.307891 13.071001 12.756912 13.328257 13.002268 13.556835 13.352572 13.005401 13.483082 12.251889 12.768473 13.807633 12.945569 12.414501 13.550004 12.230165 12.536593 12.469648 12.411694 12.135666 11.690362 13.086239 12.839997 13.022853 12.215878 13.300768 12.912483 12.408951 12.137188 11.120883 13.012013 12.904685 12.741688 12.848806 13.866935 12.835879
-9999 -9999 -9999 -9999 -9999 -9999 -9999 -9999 13.898027 12.920266 13.787831 13.137085 13.044967 12.944599 13.684370 12.634628 12.855854 12.958782 12.304672 12.817851 12.136608 13.334805 13.763237 13.199256 13.666939 12.620761 13.552491 13.470756 12.665058 12.935160 12.288330 13.184994 13.934610 12.828363 14.020045 13.221138 12.924699 12.650725 13.124411 12.604817 12.838826 12.842587 12.204834 12.225283 13.588626 12.955476 12.733185 12.936158 11.450571 12.799653 13.866224 12.681454 12.521979 12.292018 12.903563 12.309945 12.163335 12.172695 13.291454 12.205614 12.354454 12.070318
-9999 -9999 -9999 -9999 -9999 -9999 -9999 -9999 13.255092 12.520487 13.138239 13.273918 13.956879 13.472516 13.676853 12.789270 13.057887 13.572807 13.153802 13.643356 13.012552 13.023747 12.111949 13.696332 13.120028 13.264001 13.381185 12.728210 12.948677 12.951787 12.338723 12.333226 13.211459 12.968218 12.917166 13.394004 12.815645 12.701984 13.024155 12.582043 11.951607 13.547759 13.406434 12.771842 13.231765 13.061104 12.768830 12.049623 12.960611 13.190885 10.943374 12.839301 11.967733 12.595538 12.585151 12.381212 12.338131 13.116944 12.710303 12.835634 13.245241 12.513692
-9999 -9999 -9999 -9999 -9999 -9999 -9999 -9999 13.155480 14.223441 12.681963 13.518135 13.463505 13.099330 12.561758 12.722216 13.598006 12.615415 13.345900 13.084292 13.761740 13.728183 13.369938 12.925972 12.844325 12.776479 12.787421 13.209485 13.124198 12.205331 12.835867 12.303496 13.368311 12.844352 12.997543 12.392219 14.158834 12.727661 12.332658 12.871442 13.495577 12.716575 12.758703 12.295124 12.179493 12.292346 13.598275 12.142822 12.986883 12.748845 12.329821 12.666867 12.708569 12.264685 12.229634 12.533990 12.510479 11.427341 12.326548 12.326905 12.645237 12.723772
-9999 -9999 -9999 -9999 -9999 -9999 -9999 -9999 12.398743 12.579646 13.532934 12.910076 13.545133 13.515699 13.215102 12.535569 12.641073 12.393710 12.951012 12.974916 12.718220 12.997197 11.669440 13.480718 12.229963 13.073681 11.971242 13.097709 12.045766 12.825315 12.943052 13.179102 12.900746 13.326699 13.317465 12.033348 13.446374 12.629057 12.112356 13.179138 12.959659 12.795312 12.587120 13.174884 12.772769 12.181495 12.815259 12.507128 12.270190 12.483060 12.445847 12.243292 13.222935 12.157335 11.756139 12.224316 12.567286 12.880667 12.182258 13.208846 11.909957 12.909845
-9999 -9999 -9999 -9999 -9999 -9999 -9999 -9999 13.512405 12.569146 13.549841 13.207111 12.876267 12.147607 13.906556 13.391674 12.673044 12.504515 13.163988 12.938225 12.548489 13.898705 13.198851 13.912680 12.860091 13.291648 13.759559 13.204627 13.331802 13.104925 14.055211 12.668615 12.998502 13.028345 12.821261 12.838099 12.314999 12.629284 13.063368 12.967376 12.513604 12.572290 13.022317 11.560535 12.199389 12.880718 13.584862 13.084445 12.379147 12.953505 12.221695 12.099868 12.446403 11.788875 13.616545 12.869713 12.338800 12.467020 11.638212 12.449237 12.353349 11.957763
-9999 -9999 -9999 -9999 -9999 -9999 -9999 -9999 13.422162 12.195457 13.145192 13.295050 13.436503 12.153192 12.911250 12.764633 13.401217 12.956294 11.986899 13.523878 13.520204 12.564619 13.591541 13.002951 12.838857 13.277864 12.987471 13.032812 13.060094 12.917837 13.059300 12.427786 12.519900 13.514169 11.757322 12.764070 11.706965 12.345247 13.110666 12.935038 12.987890 13.415156 13.624761 13.112680 11.863538 12.899380 12.418181 13.221809 12.297827 12.614868 11.998743 12.890156 13.303804 12.615433 13.640082 12.060413 13.154168 11.086326 12.289326 12.410954 12.916326 12.821034
-9999 -9999 -9999 -9999 -9999 -9999 -9999 -9999 13.402657 13.472865 12.730391 13.439304 12.908774 12.869191 13.265848 13.765642 12.833591 13.519624 13.404090 13.107832 13.174111 13.358377 13.429236 12.737863 13.102219 12.086388 12.172645 12.787218 12.587736 12.518016 12.936430 12.299807 13.627416 13.078349 13.783534 13.033036 12.392452 12.985824 12.602181 12.984600 12.110511 12.742126 13.399472 11.445388 12.572982 13.454740 12.359738 12.018201 12.860535 12.003215 11.353234 13.410891 12.377170 12.552433 12.645096 12.314224 11.913217 12.309980 12.231612 13.002869 11.867098 12.606761
-9999 -9999 -9999 -9999 -9999 -9999 -9999 -9999 13.909177 13.090511 13.993587 12.481132 13.197647 13.548765 13.317573 12.448922 12.638190 12.887517 12.463731 13.174515 13.093642 13.635029 12.388919 14.122843 12.678377 13.493419 13.377397 12.808779 13.229658 13.398711 13.360140 13.451901 14.024545 12.647693 12.147197 12.411851 12.828788 14.039207 13.267867 12.607032 12.747830 12.869033 13.140640 11.717635 12.511842 12.544342 11.876215 12.446920 12.008202 12.508052 12.928195 11.726845 11.932815 12.824208 11.393066 12.680870 11.987488 12.164838 12.657149 12.853234 12.483318 12.584639
-9999 -9999 -9999 -9999 -9999 -9999 -9999 -9999 12.332737 13.207235 12.887493 13.803029 13.184288 13.056801 14.486933 12.683613 12.882360 13.033791 13.462186 12.776276 12.499871 13.113921 13.261897 11.670884 13.630512 13.006891 13.327975 13.543990 13.122362 12.949377 11.467054 13.629413 13.367998 12.129069 12.441570 11.929614 12.134317 12.059232 13.184968 12.493576 12.712674 12.652335 11.764667 12.764484 13.091630 12.682710 13.177271 13.363549 12.379218 12.136922 11.740296 12.077132 12.168136 13.597766 13.032778 11.801947 12.380534 12.609200 12.030727 13.215007 11.985351 12.387386
-9999 -9999 -9999 -9999 -9999 -9999 -9999 -9999 14.266720 12.600510 13.664494 13.669384 12.867670 13.547142 13.184905 13.656637 13.291838 13.305391 13.337903 13.237986 12.762327 12.114732 12.328766 12.772275 13.176962 13.705407 13.187510 13.365688 12.392162 13.425582 12.768878 12.314244 13.546702 14.028712 12.248103 13.905513 12.504664 12.989795 13.483794 12.528542 13.217742 12.961234 12.777681 12.439371 12.450084 12.441179 12.318084 12.840770 12.268858 12.502757 13.058683 13.539533 13.044905 12.729903 13.126859 12.159796 12.618853 13.379464 12.608477 13.121714 11.720198 11.712385
-9999 -9999 -9999 -9999 -9999 -9999 -9999 -9999 12.863844 13.350631 13.333739 13.649817 13.389206 13.313295 12.055155 13.118609 12.580375 12.687017 12.618703 12.528658 12.928946 12.531842 13.326771 13.664418 11.983945 12.031248 12.703110 13.465303 12.817763 12.142507 12.305063 12.291652 12.665760 13.195613 13.072661 12.058953 12.386057 13.028051 12.534250 12.754747 13.323258 12.566366 13.112989 13.103640 13.496432 12.708467 12.911785 12.535324 12.415990 12.180903 12.816558 12.034325 13.347890 12.124975 11.877719 12.989335 13.105095 12.425320 12.142031 12.203104 13.150865 12.257415
-9999 -9999 -9999 -9999 -9999 -9999 -9999 -9999 13.181143 12.170329 13.729967 12.681117 13.210113 13.033984 12.587724 12.525516 12.636788 13.841411 12.710833 13.470102 12.912176 13.562359 12.521141 12.325604 13.276798 13.170986 12.805286 12.418367 13.702812 12.939149 12.746753 13.481720 12.338745 12.634753 12.375072 13.372201 12.246056 12.964738 12.659713 12.624024 11.954219 12.863383 12.682151 11.780179 12.422196 12.281672 12.685962 12.844634 12.365038 12.246998 12.444928 12.203004 12.485148 12.638523 12.299047 11.908025 12.408526 12.838957 12.071531 12.497082 12.602392 12.455331
-9999 -9999 -9999 -9999 -9999 -9999 -9999 -9999 12.653715 11.927755 13.756446 12.454338 13.094069 12.823788 13.479434 13.524667 12.971023 13.075551 12.657707 13.260444 12.442724 12.767755 12.850647 13.605926 13.088980 13.609079 12.820633 13.222543 12.741146 13.342522 12.469153 12.634507 12.806830 12.535859 12.577419 11.853651 12.303217 11.640640 11.723513 13.157421 12.357353 11.970423 13.022970 13.455645 12.400989 12.599127 12.075783 13.201195 13.217098 11.897279 12.178976 12.626732 12.807127 12.385534 12.693974 12.368122 13.174337 12.414948 12.124912 11.928431 12.356824 13.288980
-9999 -9999 -9999 -9999 -9999 -9999 -9999 -9999 12.714032 12.988431 12.769669 12.456184 13.359173 13.231724 12.729702 12.894855 13.236199 13.362277 13.074993 12.751024 12.859590 12.866677 13.549964 11.942574 12.532984 12.713032 13.607661 11.964118 13.670484 12.268934 12.564132 11.784507 12.831184 12.810600 13.748129 12.689757 11.780758 13.498580 13.214590 13.281441 12.616741 12.220615 12.303700 13.146368 11.507555 11.792054 12.519436 12.728532 12.524164 12.170843 12.482208 13.642687 12.462925 12.708784 12.526051 12.033955 11.627050 12.542480 11.432565 13.605935 12.790414 12.314510
-9999 -9999 -9999 -9999 -9999 -9999 -9999 -9999 12.886756 12.259274 13.200617 13.499292 11.852892 13.166462 12.607239 12.333755 13.328506 12.710820 13.787750 13.676124 12.161394 13.432738 12.660258 12.488022 12.444862 12.902242 12.296711 12.567527 13.128205 12.780154 12.211952 12.576241 13.251003 12.903247 12.465833 11.812585 12.572813 13.531825 13.521737 13.601357 12.526424 12.550336 13.058785 12.622848 13.390967 11.898249 11.783294 11.915895 12.671660 12.736845 13.039338 11.731926 13.060930 11.949546 11.731879 12.632024 12.552855 11.830051 12.413524 11.501717 12.906154 11.482109
-9999 -9999 -9999 -9999 -9999 -9999 -9999 -9999 12.634714 13.065549 11.989405 13.152023 12.514091 13.829257 13.216876 13.032828 12.892720 13.488101 13.720027 12.756626 12.267510 12.979755 13.102314 12.830902 12.842260 12.383056 12.657584 13.216039 12.634432 12.549908 12.931407 12.007892 12.131204 12.099699 13.175729 12.800208 12.457968 11.603138 12.909702 12.761856 12.052743 12.942736 13.244315 12.450857 12.080770 12.065031 12.358585 11.563278 12.526478 12.554547 12.197819 12.004929 12.105776 12.392549 11.706892 12.897190 12.281791 12.458140 11.623404 12.367089 11.766296 12.206517
-9999 -9999 -9999 -9999 -9999 -9999 -9999 -9999 13.135669 13.156015 13.239428 12.953816 12.344791 13.613790 13.243357 13.932527 13.060649 13.285442 12.802232 13.143646 12.475684 12.965598 12.412767 12.060629 12.721422 12.462501 12.204844 12.294544 12.729658 13.769552 12.389327 13.415798 12.716312 11.985892 11.622909 12.692353 11.918474 12.076017 12.822453 12.413139 11.204869 12.159740 12.107343 11.910708 12.186949 12.961062 11.960788 12.130065 11.165874 12.735167 12.861471 11.806937 12.621120 12.436941 13.225547 13.176952 11.960216 12.348699 12.447721 11.900814 12.500431 13.117316
-9999 -9999 -9999 -9999 -9999 -9999 -9999 -9999 13.045208 12.527834 13.120934 13.225578 14.004241 12.635541 12.792223 12.569687 12.749288 12.867019 12.690479 12.972912 12.129964 13.213745 12.789813 13.317207 13.679969 12.710146 13.050218 12.873055 11.947791 12.301338 13.280954 12.104515 12.218427 11.119833 13.328376 11.845795 13.101490 12.024057 12.485539 12.396541 12.659217 13.466932 12.121859 12.645895 12.831357 12.497433 12.036360 12.914217 12.427428 12.539255 12.173821 12.447258 12.318396 12.075455 11.841454 12.134292 12.364998 12.007952 11.105713 11.931118 12.269283 12.059458
-9999 -9999 -9999 -9999 -9999 -9999 -9999 -9999 12.868577 12.855869 12.935661 12.519376 12.764002 13.042253 12.938759 13.216085 11.803091 12.514252 13.314328 12.721481 12.884281 12.074161 13.195899 13.589949 11.978260 12.892301 12.884352 12.415001 12.923108 12.664721 12.668748 12.603378 13.057357 12.469015 12.244418 11.655745 13.041277 12.606444 11.864711 11.535588 12.987865 12.522112 12.493809 12.463334 12.080994 12.032107 12.063403 12.331838 11.952533 12.409802 12.318957 12.629274 12.915119 11.903624 11.657814 12.288169 11.825485 11.779452 12.352732 12.406380 12.618052 12.775339
-9999 -9999 -9999 -9999 -9999 -9999 -9999 -9999 12.797383 13.618677 13.146993 13.261833 13.153055 12.009789 12.252306 13.715269 12.283346 13.257632 12.260313 12.474320 12.654932 12.665227 12.524242 12.241472 12.728361 12.364483 12.699041 12.524919 12.763730 12.698289 12.876519 12.434863 13.170418 12.804670 12.324227 11.586492 12.693906 12.643788 12.880272 12.313462 12.763201 12.002696 13.305880 13.060991 12.722572 12.327999 12.116251 12.114716 13.005656 13.131146 12.570981 11.042797 12.885687 11.869794 11.971587 12.355041 12.630799 12.171542 12.437409 12.485411 12.015390 11.913426
-9999 -9999 -9999 -9999 -9999 -9999 -9999 -9999 12.198451 13.001989 12.906171 12.019336 13.018296 12.738339 12.947175 12.406073 12.483161 13.105777 13.005891 11.771873 12.484935 11.889320 13.207083 12.952116 11.538501 13.201736 13.388319 12.310753 12.647637 12.222360 12.668562 12.514446 12.110262 12.033619 12.044532 12.299377 11.981939 12.629078 11.588719 12.789707 12.050764 12.680660 11.857227 11.857927 12.419527 11.506956 12.343097 12.017077 12.111056 12.944183 12.810378 11.450043 12.333513 12.014965 12.061137 12.294979 11.675245 12.556579 12.066112 13.110772 12.314218 12.147693
-9999 -9999 -9999 -9999 -9999 -9999 -9999 -9999 13.494995 13.451056 12.782271 12.366781 12.576727 12.542101 12.954514 13.060500 13.062455 12.702678 12.138240 13.012676 11.367592 13.117604 12.443344 12.752854 11.539523 12.943349 13.029023 12.825314 13.057563 12.876769 12.686700 13.042432 12.964979 12.478438 12.339969 12.723624 13.101068 12.179518 12.356271 12.379908 12.546778 12.321949 11.957642 12.176358 12.657737 12.968234 12.147442 12.150669 11.403308 13.649139 13.050339 12.612466 11.846649 11.312859 12.474529 12.117901 11.838029 12.927154 12.088817 12.461706 11.805430 11.696100
-9999 -9999 -9999 -9999 -9999 -9999 -9999 -9999 11.994981 11.816337 12.670486 13.093552 12.408691 12.576423 13.354059 12.879116 12.618673 12.221033 12.810830 12.116966 11.947406 13.032526 13.376243 12.108042 11.952525 12.287541 12.616404 12.204222 11.610573 12.127140 12.583405 11.798942 13.085989 11.571047 12.841188 12.083115 12.164777 13.158017 12.872874 12.375081 12.539368 11.981859 11.997654 11.952264 11.727585 12.660614 11.687863 12.335273 12.047714 12.434108 12.422871 12.597227 12.081653 12.579398 12.125348 12.068087 12.155160 11.832547 12.031853 12.249349 11.939645 12.353045
