DEPONS-master/data/CentralBaltic/salinity0000_03.asc
NCOLS 400 
NROWS 400 
XLLCORNER 4750000.0 
YLLCORNER 3200000.0 
CELLSIZE 1000.0 
NODATA_value -9999 
[rows 189 to 215 of 400, columns 305 to 365 of 400]
9.595007 9.459534 9.533302 9.675916 10.462112 9.770069 9.586793 10.033828 9.306808 9.987094 9.999735 10.032245 8.926691 9.300938 9.903555 9.877500 9.292932 10.263731 9.640092 10.255560 10.467754 9.802505 10.483626 9.036283 9.409105 10.420037 10.205543 9.279832 9.554395 9.891545 9.183372 8.985027 8.657370 9.097555 8.566182 9.845863 10.237372 8.730912 9.774221 9.569006 9.295017 9.232082 10.499602 9.074613 8.945275 9.641296 8.526766 8.979430 9.630923 8.604708 8.890405 8.554087 9.699149 8.972681 9.381070 8.641532 9.161563 9.032570 9.250780 9.286089 8.969934
8.272624 9.121022 8.713127 10.780987 9.369535 10.448156 8.808554 9.772859 9.075639 9.121269 10.610438 9.387587 9.681564 9.647356 9.239991 10.021408 10.364001 9.940512 10.170418 9.681446 9.381601 9.251696 9.113314 9.689375 8.787915 9.405790 9.208854 9.278060 10.422393 9.184058 8.778775 10.409632 9.589036 9.583305 9.417284 9.571648 8.633874 8.955244 10.024987 9.766657 9.547150 9.030406 9.817906 9.201572 9.229739 9.653127 9.796796 9.724722 8.899871 8.605910 8.829078 9.167183 9.074277 8.929489 8.865834 9.047114 9.918855 8.883120 8.944327 8.282849 8.453534
9.595803 9.508098 10.275449 10.034458 9.207373 10.656511 10.907963 10.063594 8.928760 9.187406 8.710416 9.797275 9.304103 10.030014 8.882886 9.969082 9.217787 9.793263 9.790830 9.718860 9.877023 10.189308 9.955154 9.489116 9.842407 9.675677 10.471851 9.306752 9.540285 9.560165 9.162263 8.602718 9.953043 9.548937 9.481752 9.714936 10.163326 8.825628 10.062797 9.393319 9.021421 8.826577 9.737170 8.943562 9.090923 8.747616 9.153556 8.888124 9.649192 9.732666 10.627310 10.059042 9.686198 9.764222 8.818454 8.277994 9.527206 8.979208 8.738235 9.408194 8.612928
10.289850 10.144590 9.046304 9.523496 10.219323 10.750892 9.678452 10.080494 10.079218 10.268072 10.658180 9.947648 10.352024 10.018612 9.146844 9.838619 9.890508 9.796092 8.169603 10.091099 10.320953 9.468631 8.555225 9.838236 9.578136 9.960232 9.014007 9.334092 8.484754 10.076188 9.541279 9.169728 10.247347 8.236601 9.279353 9.271993 9.677455 9.000714 9.500028 10.344434 8.976914 9.702059 9.481804 9.084914 8.606093 9.841583 8.711053 9.853442 9.628549 8.893909 9.412177 10.045888 9.181811 9.799280 9.717829 9.268369 9.913843 8.862234 9.473397 9.013829 8.425515
9.731285 10.518788 9.181526 9.946293 8.959556 8.829340 9.726311 10.281288 8.859279 9.645140 10.273451 9.806180 10.290953 9.626423 10.450351 9.794342 9.933026 8.621681 9.384493 8.567776 9.809794 9.535260 9.095335 9.240356 8.378564 9.547494 10.025572 9.613628 9.910880 9.931469 8.889590 9.942683 9.640727 8.734402 10.594902 8.752877 10.390776 10.700551 9.949589 9.896351 9.112894 8.824468 9.610714 8.806290 9.516020 8.507924 9.092904 9.179907 9.413233 9.196198 8.817013 9.187124 7.998787 9.267640 9.008118 10.123886 9.024010 9.107541 10.088677 8.629001 9.450916
9.895703 9.711286 9.861705 10.262964 10.559555 9.966170 9.231153 9.830950 9.456237 10.570918 9.419760 9.868641 10.407412 9.004595 9.739080 9.892566 9.755685 9.315829 10.436026 10.226640 8.996123 10.038794 9.398035 9.770096 9.698856 9.980054 8.299953 9.506428 10.321809 10.599739 8.780706 10.055614 9.318087 8.937547 9.282122 9.428515 9.492836 9.133067 9.035211 9.526984 8.844625 9.481617 9.417024 9.621495 8.755969 9.359636 9.175076 8.600066 9.252697 9.147194 9.797686 8.926355 9.118955 8.605692 9.728385 8.998857 9.232041 9.210417 8.984048 8.562925 9.002797
10.793323 8.931011 9.522321 10.678744 9.792539 9.640745 8.686833 10.140515 9.155815 10.695265 9.746700 9.396503 9.550290 10.166559 9.830146 9.703556 9.029865 9.844985 9.559661 9.092559 9.146120 10.006752 10.255824 9.736795 9.550130 9.645914 9.927438 10.436029 9.171239 9.849407 10.011042 8.926202 9.552949 9.786552 9.726226 9.444988 10.017802 8.785299 8.723384 9.685582 9.670070 9.335603 9.889602 9.781603 8.945975 9.070379 10.009203 9.295528 9.903968 9.708122 8.917488 8.223238 9.959722 8.988926 8.735310 9.325457 7.891212 9.149673 9.125385 9.131717 9.730718
10.526556 10.091961 10.154048 10.175241 10.290152 9.856750 9.775424 10.151470 9.318020 10.947195 9.992825 10.386493 9.474776 9.926671 9.609855 9.344899 9.857102 9.617902 10.160167 9.640194 9.771826 8.884392 10.012738 8.528589 9.692881 9.052901 9.347508 9.560742 9.508631 9.858999 9.627484 9.733986 9.649686 8.977085 9.360703 9.385816 9.190046 9.182560 9.039399 9.838688 9.696414 9.363510 9.054092 9.626855 9.851820 9.027548 9.138998 8.821970 8.566825 9.083101 8.759646 9.461249 8.832313 8.449852 9.467261 9.470852 8.552029 9.248861 9.039698 9.462598 9.126230
9.512034 10.299516 9.823443 10.496207 9.900372 9.529452 9.748874 9.579356 10.534133 9.922725 9.300822 10.082298 9.253540 10.115264 10.449152 10.554427 9.470273 9.432069 9.304949 8.807471 9.138932 9.617510 9.648132 10.105528 9.712341 10.064856 8.483952 8.960184 8.964234 8.631227 9.117442 9.681343 8.276860 8.979276 8.612516 9.759501 9.683454 9.218335 9.757139 8.865539 8.300744 10.350781 8.523035 9.719396 9.142818 9.128987 9.280919 8.610719 9.424729 9.061176 8.713614 9.300916 9.227701 9.077399 9.055817 9.387542 9.010132 9.054938 9.404296 9.208307 8.667365
9.558123 9.219803 9.233795 9.728607 9.790505 9.646321 10.626869 10.363152 9.674250 10.120052 9.503696 9.565402 9.294907 9.538176 9.564271 9.458177 10.271769 9.715727 9.435040 8.871251 9.655998 9.781612 8.371393 9.645390 9.298472 10.039347 10.003781 9.990401 9.632365 9.258580 9.073396 8.921286 10.210739 9.146747 9.497407 8.809632 9.491925 9.217147 10.047135 9.313010 9.255446 9.704871 9.307471 9.017502 10.126401 9.213804 8.603487 9.513213 9.355568 9.426994 9.196749 8.767931 8.465791 9.328020 8.639326 9.459548 9.120669 8.982853 8.425449 9.452398 9.175286
9.449468 9.213168 9.702127 9.782809 9.376765 11.120156 9.603679 9.703376 9.582610 10.074226 9.701067 9.470065 9.895917 9.696419 9.882426 10.214455 9.640022 9.244428 9.551558 9.188803 9.507499 8.958435 9.406221 10.218111 9.762913 9.695199 9.533799 9.109605 9.285723 8.915194 8.459153 9.284262 9.655681 9.377587 8.993006 9.652345 9.558981 9.461654 10.036202 10.078555 9.338260 9.130847 8.752068 9.175090 9.632087 9.195695 8.449162 9.970291 10.149461 9.897547 9.533368 8.649638 8.691544 9.369912 8.917328 9.944227 8.983753 9.640290 10.557055 9.105688 9.031183
10.388580 9.644299 10.331364 9.858703 9.540730 10.107472 9.905012 9.704594 9.788599 10.357656 10.436398 10.207066 9.632557 8.776073 10.262973 9.197177 9.789495 9.825830 10.584780 9.712317 9.543081 9.461157 9.138091 8.917505 9.427595 9.081354 9.572437 8.878353 9.411173 9.243123 9.785810 9.258962 9.402017 9.550467 10.250773 9.243028 8.141528 9.839779 9.334200 8.705108 8.832088 10.027404 9.451698 8.955769 8.948623 9.078065 10.144004 8.957254 9.481989 8.803965 9.490375 8.623939 8.438275 9.241659 9.457648 9.021573 8.923630 9.942494 8.972612 8.798489 9.511119
10.289380 9.862669 9.611637 10.059410 9.101136 9.847956 10.070758 9.667907 9.707316 9.719645 9.644218 9.470109 9.321552 9.464500 9.609021 10.039214 9.529665 10.456331 10.043059 9.378805 8.563041 9.917015 9.815032 9.734995 9.229670 10.202121 9.683418 9.126316 9.706760 8.200287 9.065315 9.676973 9.496620 9.812225 9.227857 9.684580 9.242472 9.639619 9.488430 9.911789 10.367147 8.227488 10.233966 10.169526 9.217208 9.338937 8.899732 8.861578 8.635916 9.884925 9.371372 9.566567 9.695596 9.078209 9.431029 9.159409 8.160109 9.402113 9.187165 8.793188 9.335196
9.616720 9.767172 9.711861 9.712877 9.465126 9.835263 9.274963 9.991572 9.315714 9.427686 10.339663 9.592611 9.009751 9.573164 9.820082 9.409666 9.724597 9.248831 9.591364 9.671771 10.051821 9.476469 8.215578 9.489807 9.362057 9.447152 9.424274 9.244943 9.685834 9.068854 8.464695 10.104324 9.660184 9.217869 9.108346 9.064607 9.825645 9.182044 8.907599 8.952955 8.987007 8.535840 10.413391 9.089143 9.094540 9.476141 9.170945 8.886226 8.727604 9.658411 9.592927 9.170313 8.963665 8.010596 9.147701 8.538718 9.200492 9.173605 9.712714 9.148448 8.947898
10.605293 10.049797 10.458285 9.940480 10.386499 10.224490 9.737039 10.110086 9.146369 8.545227 10.187748 10.510837 10.521954 9.650420 10.071462 9.388596 9.821490 9.198943 10.687237 9.873963 8.908872 9.763729 10.172281 10.073338 9.222494 9.865658 10.091684 9.047152 9.527323 9.273524 9.102431 9.355365 9.071058 10.067003 8.841266 9.242428 9.596712 10.220854 10.451293 8.906965 9.341286 8.491323 8.540491 9.591391 9.203953 9.547575 9.648193 8.815845 8.877615 9.109344 8.823694 8.612415 8.584822 10.204069 8.665674 8.922336 8.547218 9.056777 8.272971 8.914149 9.161564
10.619292 9.867358 10.220841 10.179536 9.540411 10.586660 9.745674 9.186128 9.164912 9.755435 9.735603 9.006899 9.810176 8.344041 9.878287 10.161623 9.900617 10.020686 10.245626 9.461354 8.796139 10.119513 10.439675 9.587948 9.457380 8.783107 9.393083 9.273403 9.716214 9.558584 8.327393 9.287197 8.928750 10.022584 9.761850 9.750373 8.603357 9.405996 9.557493 8.660389 8.727529 9.103700 9.576977 8.494887 8.889131 8.894416 9.115487 9.197404 8.981878 8.893263 9.514883 9.527042 8.869749 9.355915 8.666371 9.132216 9.560565 9.010610 8.753389 9.407847 8.758134
10.834388 10.342877 9.446580 9.226356 9.902728 9.541207 10.262878 9.414391 9.963711 9.175119 9.745881 10.170012 10.562706 9.520165 9.509038 10.043269 10.434197 9.886195 9.649055 9.756426 10.084141 9.973911 9.313853 9.689009 9.199895 8.276573 9.462115 9.724617 9.830024 9.622386 9.310175 8.543474 8.852815 9.836272 9.282213 9.460638 8.956976 9.104924 9.368350 10.033985 8.368648 9.590334 9.257498 8.748334 9.031627 8.530447 9.848788 8.580467 9.211700 8.769561 8.513661 9.828995 9.091058 9.229018 8.670749 8.574233 8.391482 8.777642 9.070360 10.069932 8.845746
9.694986 9.962628 10.123728 9.389835 9.703649 9.612690 9.225517 9.749869 9.068740 9.898954 9.792513 10.962977 9.266110 9.295415 9.581865 8.373665 9.840132 9.925460 9.311029 9.976547 8.707820 9.601674 8.861721 9.886158 9.858848 9.203411 8.772891 10.051129 9.651783 9.252302 9.403616 8.638882 9.464744 9.592056 10.396824 9.537167 9.299678 9.853220 9.347571 9.465697 9.613548 9.966384 9.788361 9.924251 9.325899 9.616849 9.237595 9.555870 9.574747 10.215526 9.096922 9.786851 8.702219 9.454294 9.510860 9.601528 9.048311 8.861189 8.656501 8.695631 9.274466
10.116860 9.543266 9.728239 9.809579 9.263559 9.362494 9.391602 10.513323 9.468020 10.136088 9.383384 9.488464 9.578830 9.995165 9.937894 9.564120 10.172275 9.549224 9.280689 9.636916 10.023382 9.662440 9.502004 9.116776 10.132493 10.268127 9.455909 9.196457 9.623595 9.669958 8.984149 9.014859 9.234286 9.414527 9.446684 9.036262 8.505503 9.108484 9.821219 9.023468 7.917364 9.705316 8.571014 8.831483 9.000067 9.769092 9.353953 10.125159 8.415690 9.155655 9.243168 9.850944 8.601086 10.019003 9.063513 8.618114 9.119114 10.197306 8.062778 9.012113 9.641346
8.929806 10.268111 9.015504 9.551796 9.817814 10.033526 9.504353 9.710362 10.309781 9.775356 10.202650 9.558004 9.502943 10.153023 9.166538 10.058745 8.339378 9.112035 9.992952 9.552603 9.699875 9.207069 9.454289 9.629999 9.819985 9.199855 8.945482 9.667376 9.878099 8.979611 9.130599 10.131739 8.936755 9.038736 9.427286 9.154773 9.629525 9.661036 9.678329 9.505263 8.625633 9.357116 8.890679 9.029778 8.574757 8.925443 8.998752 9.771705 9.664889 9.589968 9.069351 8.430242 9.236033 8.407555 9.241763 8.888479 9.017389 8.140262 9.094847 9.089394 8.214166
9.427321 9.671836 10.642790 9.663467 9.465160 10.082389 9.633173 9.453241 9.902419 10.293240 9.495107 9.506597 10.158923 10.287775 10.167315 9.504685 9.155366 10.049349 9.954751 10.188707 9.419484 9.287814 8.657168 9.543975 8.982997 9.067602 10.144181 9.894108 9.771341 9.730067 9.060713 9.957388 9.637901 9.014163 9.292126 8.719336 9.904173 9.785062 10.640594 9.729922 9.533420 9.870403 9.917205 8.939156 10.180257 9.679045 8.797074 9.794099 9.464658 8.905956 9.084043 9.023637 9.335072 8.242319 8.580276 9.082248 9.138766 9.065683 8.486366 8.437716 9.572879
9.010840 9.021542 10.143824 10.457280 9.170250 10.686626 10.273311 10.568593 9.272060 10.248272 9.834256 9.993150 10.048314 9.409985 9.705868 8.709615 8.679836 9.462089 9.171961 8.910797 9.584100 10.220396 9.830057 9.164229 9.396939 9.741243 9.559832 9.538392 9.540701 9.144756 8.817395 9.062133 8.620319 9.490896 9.731450 9.563866 9.507035 9.320859 9.128337 9.231090 8.205153 8.930326 9.193887 8.600654 8.863068 8.488417 9.477389 9.422550 9.512887 9.572549 10.124014 9.179424 9.913839 9.757830 9.832998 9.128555 8.318772 8.947419 8.699211 8.347938 9.167193
10.532038 9.745837 9.667872 9.509596 9.750687 10.354757 8.692876 9.209595 10.510256 9.700765 9.122106 9.289660 9.136262 9.614456 9.661915 9.438840 9.927823 9.829878 9.441486 10.382320 9.742029 9.029030 9.723031 9.971492 9.573816 9.986726 9.124907 9.252923 9.264094 8.948387 9.936907 8.833144 8.701824 9.944904 9.581389 9.846974 10.113205 9.661258 8.857378 10.003529 9.350642 9.303411 9.623199 9.496519 8.549734 9.279154 8.860800 8.699647 10.161711 8.960836 9.134947 9.750928 9.729943 9.737880 9.576551 9.152131 8.879238 9.402494 9.501472 8.733638 9.122474
9.966680 10.463088 9.226087 10.704108 9.498303 10.024014 10.105811 9.585409 9.145764 9.092047 9.329690 9.753546 9.717966 10.312442 9.449548 9.595350 9.225169 9.086927 9.097879 9.320220 10.104356 9.268038 9.830596 10.633019 9.462772 8.776180 10.588422 9.877838 8.604521 8.919106 8.314217 9.745636 8.583353 9.379008 9.236450 9.530522 9.686561 9.718982 8.792959 9.583226 9.835149 8.709007 9.939645 9.241530 8.945113 9.631052 9.540600 10.383911 8.958688 8.964641 8.310655 9.839946 9.133746 8.607632 8.761335 9.459055 8.601901 9.069559 8.929795 9.744597 8.278324
9.915133 9.676396 10.331121 9.310984 10.356962 10.094048 10.877094 9.513167 9.351686 8.632842 8.813592 9.028298 9.192077 9.758042 9.472094 9.337030 8.906163 10.476545 9.511905 9.028854 9.135153 10.015017 9.286637 9.692239 9.880110 8.750600 9.016228 8.738947 8.669219 9.615601 8.948579 9.189657 9.227898 8.625932 9.186288 8.094781 9.065820 9.066558 8.983940 8.803072 9.316961 9.897854 8.370981 9.602573 9.520118 9.149180 8.874768 9.589590 9.535374 9.298662 9.465871 9.751195 8.720576 9.482421 9.320482 9.595638 9.591777 9.789081 9.193434 9.592942 9.538387
9.969362 9.506314 9.985660 9.601617 9.523253 9.410587 10.074906 8.993744 8.879300 10.230880 10.000631 9.147985 9.486222 9.993712 9.395144 9.816798 10.007379 9.107281 9.526504 8.952439 9.194211 10.080166 10.124168 8.900714 10.170918 10.263719 8.903556 10.230982 9.421785 9.430607 10.425539 9.294278 9.539748 9.021188 9.062778 9.117382 8.792189 9.802315 9.527703 9.235506 8.886752 9.320696 9.386146 8.052367 9.352564 8.985750 8.951978 9.265772 9.566522 8.746483 9.684798 9.236287 10.083820 9.449800 8.610870 9.387482 10.138398 8.985195 9.019370 9.586233 8.258536
9.921702 8.773474 9.414319 9.536942 8.556627 9.346135 9.402020 9.229885 9.207948 9.413685 9.417988 10.252637 9.914034 9.175170 10.017672 10.149874 9.798461 9.175986 8.996025 9.374595 9.354136 10.170244 9.666405 9.132873 8.938136 9.671541 7.952751 9.854396 9.751056 10.503134 9.487363 8.887155 9.363178 8.488405 8.542548 10.217498 9.283504 9.168655 9.702336 7.808131 9.203227 9.080246 9.521163 9.994193 8.852436 9.274670 8.455318 9.438862 10.523159 9.006386 8.985562 8.773263 9.348212 10.279491 7.853996 9.482504 9.390277 9.098023 9.248954 7.999532 8.996513
