DEPONS-master/data/CentralBaltic/salinity0000_09.asc
NCOLS 400 
NROWS 400 
XLLCORNER 4750000.0 
YLLCORNER 3200000.0 
CELLSIZE 1000.0 
NODATA_value -9999 
[rows 351 to 377 of 400, columns 124 to 185 of 400]
7.395863 7.865665 8.712440 8.542072 7.954720 8.586276 7.669494 9.042063 8.263660 7.385622 7.364233 7.851361 7.682503 7.457438 8.362232 8.645325 7.580854 7.846924 7.949434 7.692761 7.660553 7.712244 8.156318 8.366797 8.685051 8.111086 8.181383 7.331357 7.776674 8.622486 7.371405 7.677827 7.822036 8.896098 7.804984 7.528258 8.100683 8.414477 8.285992 7.946450 8.067084 8.888491 9.567083 7.849468 8.636721 8.733065 8.867928 7.920636 7.916808 8.128247 8.236030 8.297922 7.529878 7.972211 7.501061 7.993041 7.742098 8.306764 8.231001 6.912633 7.598032 7.390133
7.534766 8.297373 8.456413 7.869525 8.394872 8.159223 8.178899 7.694040 7.728201 7.745593 8.652783 8.828791 9.243037 7.983897 8.865216 7.927422 8.477052 7.706531 8.219966 7.955072 8.160606 7.788509 7.262869 9.166487 7.620068 8.321978 8.370559 7.643293 7.731433 7.668892 8.251096 8.458841 8.513287 8.570686 7.966424 8.077663 8.405294 8.282870 7.871720 8.034952 8.354856 7.621813 8.195422 8.633762 7.634558 8.231989 7.889870 8.136343 8.134870 8.548362 8.185932 8.571570 8.333848 8.265606 7.397954 8.301215 6.873455 8.063595 7.637180 7.157614 7.368730 7.555613
8.536541 8.139935 8.523368 8.159979 8.270395 8.139631 7.978705 8.156453 8.255820 8.276932 7.881973 8.272899 7.929094 8.391270 7.599547 8.476358 9.334097 7.977193 8.802604 6.937041 7.740926 8.004174 8.388196 8.448833 8.368586 7.808003 7.818522 7.899105 7.559058 7.236180 8.448008 8.019698 8.134514 8.422497 8.950309 8.092204 7.968729 8.017315 8.678956 9.099248 7.481446 8.642018 8.561316 8.106034 8.851678 8.226660 8.227307 8.130942 8.230013 8.845630 8.634011 7.826028 8.139006 7.948338 8.231201 8.093931 7.656445 9.122014 8.365816 7.505118 7.337152 7.760092
6.849364 7.634224 8.590311 8.510406 7.644109 7.001066 8.720163 8.476671 8.120376 7.731701 8.031497 7.952377 8.331608 7.916198 8.081660 8.066990 7.669078 7.943823 7.809274 7.209272 8.157748 7.530119 8.429056 8.045698 7.279811 7.361825 7.544116 7.489235 8.545846 8.206673 8.682676 7.839996 7.686820 9.552056 8.267734 8.217734 8.799386 8.317260 7.649889 7.767923 7.858219 8.409929 8.307990 8.288969 7.697722 8.567966 8.818529 8.390423 8.170944 8.934701 8.597053 7.921000 7.820501 8.123765 8.371601 7.780697 8.170897 7.897304 8.157940 8.427165 7.832582 7.306311
8.049867 7.247322 8.551708 8.267932 8.773011 8.340281 8.036988 8.083299 8.380582 7.851084 8.191027 7.751475 8.518557 7.647242 7.875528 7.749355 7.586310 8.240851 7.628350 8.716372 8.943988 7.597672 8.738186 8.670715 8.291983 8.292717 7.840960 8.855296 8.654502 7.817539 8.497907 7.456050 8.342194 8.029809 7.583194 8.198245 8.402479 7.491509 8.774056 7.376794 7.520327 7.208357 6.838010 7.359271 8.882870 8.377514 7.782413 8.054349 7.378109 7.313505 7.090440 7.462968 8.132554 8.788630 8.378739 7.680958 8.212872 7.491243 8.003763 8.445064 7.588987 7.610880
7.259918 9.060772 8.914463 8.686911 6.841230 7.539817 8.604934 8.458103 7.650021 8.133905 8.224538 8.559688 8.585827 7.962935 8.344316 8.060828 7.915915 8.546777 7.686225 7.805854 7.913850 8.384866 8.317846 8.939375 8.989530 8.378979 8.428179 6.921540 8.125364 8.065641 8.118201 8.571714 7.850647 7.697352 8.353330 7.211946 7.521979 7.848523 7.971189 7.848800 7.771898 7.436404 7.615260 7.563945 7.791408 8.897386 8.224578 7.760053 7.494580 8.206966 8.100993 8.005715 7.699957 7.676963 7.839988 7.965028 7.267758 7.937049 8.299600 7.978089 7.656764 8.034929
7.857452 8.251995 7.853674 7.750274 8.214876 7.668369 8.153233 7.437840 8.005465 7.907282 7.280216 7.834861 7.756913 8.330777 8.586905 8.266779 7.352567 7.862809 8.905232 7.355788 8.081521 8.385774 8.377690 7.896695 8.165178 8.105802 8.972803 7.672540 8.053011 8.266809 7.837955 7.575558 7.098749 7.939290 8.376752 6.821321 8.171503 8.390189 7.817373 9.021629 7.396039 7.528414 8.708224 8.416180 8.006135 8.020468 8.597967 8.117236 7.900915 7.925174 8.412739 8.497045 7.699864 8.208780 7.610010 7.966665 8.064715 8.357134 7.992231 7.961631 7.847479 8.366839
7.574461 8.058072 8.219478 7.856554 8.199735 7.621266 8.306853 7.746635 8.264667 8.371419 8.167533 7.825534 8.448689 8.022614 7.725064 7.013212 7.696216 7.718909 7.856782 8.570790 7.848921 8.421430 7.752878 8.237146 8.196849 7.047294 7.473265 6.668066 7.320896 7.192493 7.944059 8.410443 8.225855 7.786210 8.261675 7.246242 8.878640 7.427839 8.301719 7.928099 7.887886 7.652219 7.289899 8.833584 8.786866 7.423574 8.100682 7.358983 8.805794 7.727247 7.550247 7.635640 8.419898 7.989120 8.159284 7.520800 7.847886 7.245040 7.691034 8.208631 9.012379 7.604562
8.277362 7.663849 8.261672 7.751175 7.542520 8.445797 7.684690 8.393049 8.172655 8.596358 8.716323 8.138684 7.684532 7.571253 8.370978 8.433145 8.298538 7.565867 8.954588 7.085439 7.656483 8.825173 7.661831 7.715549 7.203588 8.348444 7.663506 7.109274 7.484638 7.190247 8.642859 7.826046 7.980848 9.054630 8.449391 7.403213 7.519564 8.299559 8.633197 8.241934 7.478583 7.551950 8.019931 7.488170 6.834895 7.233228 7.325260 7.649749 8.438314 8.138651 8.963120 8.631854 8.330288 8.919730 7.801483 7.332828 7.842266 7.208636 8.475212 8.001070 7.947458 8.317685
8.533731 9.024349 8.138743 8.146442 7.495576 7.784345 8.150410 8.544931 7.698356 7.786891 8.025246 7.539799 6.985166 8.380323 7.781603 7.865853 8.491160 8.172571 8.221859 8.106344 7.890859 7.326413 8.247968 7.942395 7.838506 8.385325 7.590607 8.028897 8.565604 8.332476 7.480576 7.044729 7.698074 8.260938 7.645732 8.066703 7.722637 7.727421 8.750244 7.819283 7.832639 7.919928 7.610549 8.479332 7.318760 8.187032 8.014088 8.108772 7.403251 7.613193 8.259924 7.833962 8.172717 7.259377 8.395310 8.043837 7.570639 7.516395 7.290458 7.382702 7.692379 8.364076
8.021300 6.947219 8.235581 7.808879 8.237624 7.588932 8.350567 8.551579 8.216188 8.437582 7.746864 7.743579 7.802355 7.642007 8.294841 8.071608 7.569049 7.351560 8.588567 8.316717 8.049798 7.562311 7.270757 8.174706 7.965022 8.326730 7.224854 7.441456 7.616387 8.033522 8.367156 7.574424 7.616422 7.913330 7.708448 8.332957 8.419978 7.614003 8.697862 7.953487 7.416535 8.026734 7.497955 8.497338 8.263462 7.345210 8.149277 7.018933 7.235900 8.405536 8.230780 8.087142 7.990587 7.389937 7.888896 7.824571 7.291915 7.545395 8.319601 7.573378 7.650676 7.075799
8.384939 6.950067 7.329880 7.748719 8.306055 8.209111 7.561794 7.370669 8.473715 7.945907 7.541392 7.181944 8.427145 9.060376 8.502880 8.804884 8.002824 7.988680 8.199321 8.284992 7.927959 8.556092 7.992246 8.696678 7.305491 7.760886 7.684223 8.160854 7.856294 8.520742 8.229238 7.174216 7.904505 8.243080 7.693057 8.037118 8.040816 8.007382 7.144799 8.320895 7.710282 7.804245 7.949360 8.836280 7.048015 8.150706 8.277372 7.614694 9.102390 7.935875 8.307323 8.562624 7.389537 7.532620 7.343273 7.892852 7.980041 8.246628 7.867513 8.014637 8.064335 7.900172
8.158592 8.078345 8.184540 8.085534 8.342191 6.918192 8.033573 8.098266 7.428779 8.020942 7.646847 7.800109 8.487085 7.798684 8.426041 7.947778 7.789865 7.255069 7.749683 8.092233 8.101608 7.469348 9.174562 7.956896 7.252808 7.721908 7.725898 7.712942 7.995230 6.808274 8.463813 8.238013 7.610407 7.441818 7.031006 8.677891 8.413054 8.294093 7.711192 7.868316 8.347192 7.263371 7.487981 7.751846 7.947221 6.927413 7.438607 7.517225 7.122484 9.136768 7.774676 8.754111 7.391359 7.816622 7.465115 8.271737 8.048927 8.405169 8.516254 7.492732 7.634917 7.936784
7.769037 7.442641 7.726481 8.028625 7.773484 8.291487 8.715009 7.490217 7.728784 8.195155 8.400508 8.080380 7.868092 8.225322 8.060316 7.967923 8.315080 7.503908 8.103640 8.356821 8.543271 7.547175 8.040958 7.836206 8.790481 7.856458 7.423286 7.111079 7.822269 7.585059 7.180416 7.944857 8.194170 7.862769 7.922589 8.484495 7.874243 8.023746 7.643441 7.493385 7.582477 9.049024 8.281928 8.121419 8.022520 8.410734 8.064721 8.302286 7.978694 7.335822 7.498982 7.099034 7.547534 8.548834 8.972752 8.306910 6.839766 7.641590 7.233962 7.669137 7.401688 7.423829
8.837054 7.873905 7.684196 8.252125 8.131345 7.808079 7.381455 7.305903 7.598103 7.627734 7.861143 7.639510 8.141265 8.161759 7.185068 8.706704 7.564002 8.664467 7.557304 7.888895 8.833380 8.631381 7.979620 7.838828 8.244563 7.437372 7.481054 7.685024 7.261991 7.179984 6.870941 7.444750 7.416630 7.675522 7.053953 7.586612 7.557888 7.761638 7.601473 7.753557 8.709484 8.825724 8.110835 8.465153 7.634506 7.620241 7.017768 7.111145 7.185278 7.325067 7.288925 7.787135 7.632996 7.033558 7.118926 8.446485 8.573321 7.740819 7.897275 8.898969 7.810426 8.172648
8.360496 8.250608 8.749330 8.037970 7.733843 8.563969 7.420231 8.206523 7.724506 7.666693 8.085711 7.372336 7.923714 7.543691 8.072030 8.261162 8.495371 6.812491 8.492072 7.674591 9.408321 8.489153 7.989768 8.041369 8.072027 7.509017 7.678421 6.789286 7.270690 7.182247 7.933443 8.134542 8.184964 7.473872 7.370863 8.448445 8.987463 8.483340 8.062623 8.174675 8.649859 7.982205 7.570239 8.162383 7.762933 7.483733 8.540353 7.804928 8.497929 8.089142 7.974056 7.231574 7.291081 8.627710 7.958898 8.400409 6.430271 8.098876 7.599077 7.027008 7.706395 6.926741
7.821377 7.753008 7.896564 7.924953 7.471719 8.109952 7.514083 7.993692 8.022654 8.055431 8.270804 7.755386 8.010444 7.981061 7.838507 8.114706 7.828886 7.998884 8.001047 8.717537 6.206653 8.699150 6.626992 7.691924 8.553045 6.978788 8.470702 8.537720 7.168188 7.351966 8.098760 7.621568 7.529723 8.486165 8.241154 7.821464 7.758361 8.258915 8.284264 7.417721 7.226733 7.917988 7.750589 7.566358 8.297671 7.551163 6.798564 7.643043 7.116172 7.427905 8.357191 8.742309 8.135285 7.429898 6.992694 8.459921 8.168902 6.996636 8.447842 7.493798 6.612716 7.345848
7.647861 6.904085 7.021828 7.936113 7.516724 7.783447 8.228931 7.458435 7.900003 7.561695 8.305906 8.297164 6.938554 8.277494 8.183499 7.759144 8.129238 7.763965 8.513948 7.695496 8.470639 7.716220 7.957779 7.157306 7.997544 8.276321 8.221308 7.430791 7.051640 7.745369 7.206513 7.383493 7.938822 8.317374 7.900739 7.447662 7.328748 8.603652 8.073245 7.561924 8.462087 8.743183 8.329063 8.320500 8.572391 8.188203 8.149279 6.930878 7.596608 6.816195 7.093543 7.600933 8.380816 8.513441 8.009603 7.496813 8.648658 8.491324 7.797434 7.581103 7.448494 8.271195
7.682159 7.861721 6.852382 8.063302 8.564699 7.507617 7.971658 8.878398 8.013093 7.515689 7.097393 8.361003 8.039352 8.313323 7.949157 8.396136 7.734247 8.226720 7.785442 7.848461 8.263195 7.449751 7.586353 7.810663 7.928943 7.085650 7.275716 7.419516 8.140777 7.725816 8.034696 7.937087 8.639502 7.617695 7.385963 8.000495 8.085990 7.594952 8.500422 7.787153 7.183158 6.983900 8.240162 7.124382 7.910878 8.425255 7.601213 8.259969 8.135808 7.470416 8.675366 7.379392 7.491028 7.845325 7.883228 7.542271 8.229839 7.427294 8.620801 7.794870 8.730263 8.657326
8.285171 8.723074 7.070375 7.724626 8.606416 7.705905 7.854645 8.046084 7.731595 7.921761 7.294071 7.573030 6.678551 8.189319 7.609948 7.380886 7.372632 7.751274 7.421431 8.295497 7.444945 7.942040 7.216662 7.981382 7.918904 7.739592 7.608084 7.454493 7.563423 8.161335 8.261219 7.242705 7.734767 7.930898 8.067825 8.326964 7.406563 7.738966 8.008761 8.556782 8.051056 7.233993 7.917582 8.103493 8.126463 7.456638 8.015964 8.134951 7.881434 7.650304 8.331929 8.462354 7.555201 7.740345 8.512590 7.880764 7.854857 7.234638 7.737616 7.795207 7.472047 8.348683
8.915980 7.170566 6.959765 7.985669 7.570923 8.074074 8.004214 8.600400 7.718004 6.935526 8.215943 7.730078 7.162399 8.182316 8.480643 7.427534 7.685176 7.180247 7.047680 6.963615 7.978617 7.651953 8.125605 8.296009 7.953003 7.463043 8.738541 8.719286 7.877639 8.241791 7.541160 7.072931 8.137303 8.215375 8.562581 7.752010 6.938574 8.624337 7.299854 7.635443 7.601839 7.686319 6.627500 6.935993 7.439591 8.563941 8.094291 8.905773 7.385777 7.694618 9.147911 8.486251 8.242097 7.163915 7.316986 7.353427 7.996835 7.798667 7.045306 7.744419 8.200839 8.224224
7.360402 7.553402 8.349208 8.645235 7.870961 7.088913 7.542504 7.388046 8.723829 7.757428 7.759156 6.644452 8.229608 7.614471 7.687095 7.683094 7.524860 7.046947 7.618888 7.963476 7.243218 6.976927 7.754347 7.472909 8.137457 6.718662 8.358692 7.330295 7.890045 6.658166 7.684449 8.050710 7.737849 7.288729 7.510831 7.708748 8.463146 7.512764 7.288927 7.283231 7.202883 7.493562 7.663656 7.179971 7.830389 8.359444 7.473568 7.915027 7.820336 7.315492 8.257091 8.330933 7.846157 8.340063 8.457616 8.189862 7.548742 8.514018 8.173588 8.708070 7.643728 8.514187
8.080421 7.876893 8.585916 7.548150 7.359468 7.698560 7.589804 8.111272 7.511996 6.333591 8.312009 8.311041 7.870817 6.769451 7.477936 7.347443 7.172696 7.622945 8.203821 8.138469 6.642463 7.382890 8.944746 8.267922 8.288968 7.713288 7.776210 7.144689 7.099260 7.880382 6.986156 7.424689 7.879861 8.373027 8.975289 7.789669 7.639353 7.840027 7.327171 6.911796 8.007439 7.196120 7.863558 8.169355 7.383403 7.142734 8.267786 7.951400 8.599788 7.401821 7.358807 8.673331 8.119974 8.119293 7.833217 8.240515 8.279646 8.292826 8.178568 7.492936 7.759646 7.859896
8.206842 7.463473 7.884164 8.442127 8.350028 7.736142 7.995751 7.934867 6.991096 8.006561 8.866989 7.047117 7.138890 8.160352 7.522565 7.623006 8.364399 5.670765 7.703051 7.917406 8.735968 7.400924 7.791756 7.445777 8.847607 7.462253 8.118206 7.425971 7.014540 7.696454 8.020071 7.248085 7.315710 7.783984 6.939135 7.512711 7.811031 7.669607 7.793055 7.145238 8.281372 6.826076 8.093305 8.065951 7.661992 7.736985 7.780247 8.014555 7.077751 7.213216 7.899210 8.175164 8.243957 7.074576 7.988385 7.796068 7.952952 7.849530 7.395114 7.533238 7.330418 8.890925
8.163655 8.037264 9.200125 7.960805 7.907537 7.601789 8.217126 7.375641 7.369437 8.085190 7.715849 7.787117 8.679714 8.659192 7.850380 7.946969 7.019644 7.059671 7.869020 7.379517 7.074057 7.453814 7.468445 7.777099 7.644557 8.564211 7.534394 7.490707 8.010542 7.535554 7.581443 7.958741 8.064436 8.537363 8.323207 7.415425 7.184602 8.809031 7.294743 7.850997 8.257131 8.729889 7.326140 7.715339 8.481578 8.041504 7.611083 8.546211 8.129111 7.011242 7.411847 7.500233 7.579589 7.614354 8.194697 7.092407 6.377619 7.870418 7.764385 8.006600 6.805293 7.259417
8.205378 7.411929 8.098121 9.023066 7.507818 7.919611 8.627079 7.753767 7.648770 6.945133 8.186581 8.538578 7.907638 9.448355 7.631553 8.218739 7.784725 8.066860 7.485438 7.934917 7.618527 7.564704 6.824708 7.046334 8.061476 8.111784 6.340879 7.952669 7.635860 7.797150 8.369522 8.027341 7.778722 7.255942 8.797088 8.738573 7.439691 7.267494 7.987967 8.505182 8.603173 7.447784 8.263118 7.399231 7.972163 8.062483 6.824304 7.974690 6.501562 6.688957 8.016352 7.913183 6.836927 6.905713 7.892047 7.711906 6.722221 7.966427 7.621861 8.008110 7.530400 7.927338
7.401199 6.865078 7.523459 7.777228 6.898427 7.739948 7.729058 8.002034 8.606729 7.508633 7.046607 7.727118 7.587982 7.496108 7.748952 7.586688 7.857320 7.210528 7.487035 7.542294 7.464243 8.467482 7.549576 8.220733 7.653712 7.743524 7.398720 7.069969 7.832065 8.086993 7.928489 8.134482 7.469518 7.634808 7.301957 8.547305 7.017300 7.930428 6.418840 7.840387 8.248932 7.751955 8.020248 6.921435 7.564201 8.011408 7.467290 8.301111 8.096663 7.661305 7.628437 6.590641 8.162565 8.388609 8.338733 7.355607 7.853994 7.748118 8.062619 7.090884 7.607059 7.960269
