DEPONS-master/data/CentralBaltic/salinity0000_06.asc
NCOLS 400 
NROWS 400 
XLLCORNER 4750000.0 
YLLCORNER 3200000.0 
CELLSIZE 1000.0 
NODATA_value -9999 
[rows 168 to 195 of 400, columns 62 to 123 of 400]
10.439130 10.981169 10.827776 11.523780 11.525517 12.332034 10.860614 11.802839 11.380662 11.945897 10.849829 11.059410 11.295602 10.393347 10.994561 11.389769 10.831171 11.317204 10.788298 11.148401 11.027490 10.911456 11.436489 11.234689 11.822279 11.976569 11.295552 11.888481 10.622136 10.327106 10.240465 10.791251 9.943591 11.117310 11.172055 11.153783 11.039320 10.753509 10.344644 11.139197 9.746191 10.713773 11.329065 10.312083 11.175093 10.002566 10.913608 10.752728 11.019078 10.994618 10.773449 11.235093 10.829586 11.334171 9.564031 10.687754 9.737344 9.969322 10.371439 10.227181 10.524958 10.130016
11.149828 11.004534 11.483772 11.241697 11.348355 11.372543 11.460063 11.290863 10.046963 10.538552 11.490699 11.232557 11.282078 11.006093 11.714305 11.958273 10.420458 10.706215 11.045163 10.607349 11.064757 10.994974 10.465784 11.301395 10.833559 11.132138 11.115916 10.698437 11.058533 11.718410 10.386943 10.622713 10.840073 9.844860 11.266122 10.362257 10.578872 10.328626 10.834477 10.394006 10.429357 10.769103 10.912750 10.754122 10.483215 10.413039 10.313232 11.452446 9.855118 10.568172 10.563852 10.542580 9.441924 10.798444 10.251967 9.228375 9.892139 10.544917 10.701528 11.030358 11.694601 10.714564
11.723214 11.633764 10.629631 10.247765 11.798457 11.508277 11.309865 10.835834 11.520026 10.584669 10.243845 11.558836 12.099035 11.048772 11.087386 11.263042 11.430286 11.253473 11.038885 10.800174 11.405826 10.743630 10.848947 11.228700 10.676466 10.862918 10.239634 11.581468 10.546994 11.224626 10.548604 10.795619 11.217205 11.468774 11.461005 10.619815 10.789536 10.784765 10.616082 11.692404 10.742527 10.337806 10.608547 10.685889 11.295576 11.055807 11.221586 10.221586 10.847465 10.884512 11.063953 10.289432 10.245309 9.971986 10.480315 10.686216 10.272569 10.953571 10.566581 11.169753 10.354319 11.367212
11.108580 10.801196 11.441506 11.153940 10.723291 10.630946 11.493480 10.906197 10.159210 11.870932 10.456762 12.198705 11.550633 10.825901 10.997016 10.823356 9.741767 11.885405 10.919981 10.032277 10.431166 10.414656 10.698795 10.737435 10.795639 11.073812 10.563616 11.064506 10.707513 11.223483 10.596246 10.263535 10.293744 11.131740 10.805640 10.488693 10.047736 9.982982 11.131691 10.222128 11.077985 10.525861 10.424980 11.439831 11.172119 11.133589 11.443440 10.996720 10.208078 10.279494 10.780271 10.338110 10.300104 10.322049 9.745651 10.601762 10.258367 9.700748 10.314313 9.191144 10.182452 10.070079
10.796418 10.691093 10.625375 10.772821 10.757040 11.502919 11.109975 11.572640 11.515371 10.479646 10.572520 11.443892 11.400999 11.812353 11.234807 10.518532 10.933515 11.269069 10.825765 10.204589 10.354190 11.150069 10.238591 10.485297 11.287602 11.457779 11.210232 10.590798 10.450887 10.060150 11.448809 10.378427 10.285714 12.054958 10.680597 10.681669 11.178167 10.873022 10.391138 10.361757 10.419450 9.690480 9.300068 10.658662 11.150600 11.032235 10.851741 10.817754 10.452157 10.766942 9.857727 9.920288 9.456646 10.563378 11.194409 10.595232 10.756806 9.944702 10.678189 11.184087 10.459030 10.169949
11.376585 11.785487 11.544736 10.666591 10.647224 10.401151 10.891777 10.967830 11.211680 10.937239 11.673856 11.164027 11.278286 11.209663 10.571489 11.505813 11.331514 11.048740 11.253924 11.535925 11.352823 10.250577 10.469655 10.194609 10.971469 11.281958 9.893822 10.800218 11.465356 10.148269 11.419076 11.396660 11.109117 11.748009 10.547833 10.551122 10.062202 9.721325 11.112807 10.550439 10.940749 10.974678 9.696437 10.144037 10.984547 11.316553 9.086187 10.363937 11.137774 10.075714 11.478671 10.761986 9.740310 10.441814 9.553251 10.716780 10.408089 10.461584 10.541193 10.292045 10.086571 10.157287
11.169204 11.136822 11.427775 10.640019 11.498342 11.509662 11.995543 11.096843 11.057100 10.963076 11.107790 12.311596 11.168605 11.422954 11.599483 11.002577 12.030325 12.174534 10.631511 10.370868 11.976712 10.380308 10.757531 10.990615 10.548958 11.226951 10.979546 11.168933 11.365412 10.890838 10.505488 11.478904 11.104734 11.745663 10.666679 10.315436 10.838682 10.119609 9.241277 10.165171 10.720998 10.158649 10.859092 10.972271 9.778204 10.692620 10.400649 11.158596 9.982542 10.318608 10.059316 9.956285 10.840559 10.260841 10.673413 10.104822 10.386550 10.125874 10.812800 10.682663 9.261124 10.242396
10.762382 10.242252 10.776741 11.695073 10.112039 11.010438 11.477606 11.079171 10.923193 10.901082 10.835678 11.177007 10.323760 11.684402 10.880800 11.449880 10.381357 11.130590 10.821134 11.119860 11.045539 10.305866 10.906664 10.925398 10.224717 11.741178 11.204983 10.296800 11.529067 11.159801 11.265302 11.113767 10.328777 10.290027 10.641347 11.449351 11.018163 9.862714 10.278997 10.239212 10.905013 10.044466 10.203164 11.265175 10.369763 10.195546 11.081236 9.184808 11.185121 10.944800 9.831771 11.125850 11.348387 9.551344 10.153133 9.678990 10.077365 9.625814 10.095385 10.067939 9.402584 10.836146
10.686111 11.758353 11.780380 10.696187 11.379961 11.593541 10.734077 10.485251 11.328953 10.566208 11.088749 11.555372 10.937506 10.467163 10.301612 10.915873 11.657629 12.113436 11.047591 10.941543 10.630170 11.307162 11.532944 11.021389 9.831042 10.666003 10.749927 10.690704 11.335337 11.153277 11.164122 10.141032 10.765132 10.501656 10.259258 11.238522 11.177710 10.475606 10.760558 11.015299 11.536093 10.610888 10.869344 9.666709 11.026365 10.739821 10.181582 10.981203 10.303545 10.395072 10.363394 10.322295 10.860274 10.349481 9.584196 10.097826 10.864669 10.214916 10.070548 10.357142 10.359748 10.667663
11.127141 11.484125 10.844635 12.262636 10.597271 10.754333 10.643849 10.444397 10.844574 10.775420 11.330613 10.928928 11.774923 11.263536 10.208834 10.889314 11.203610 11.103287 10.416802 10.948745 10.295070 11.862963 10.993905 11.482219 11.373399 10.794965 10.674033 11.041358 9.627090 11.382649 11.584152 10.658518 10.261001 9.541770 11.178319 10.314401 11.299952 11.034844 9.906248 10.193957 10.310635 9.789580 10.603743 10.134425 10.189956 10.142418 9.967631 10.905510 10.915237 10.293831 10.545996 10.507864 10.556155 10.521312 9.315845 12.005415 10.537558 11.061462 10.268316 9.910765 10.115891 10.396531
10.586342 11.224368 10.317588 10.218948 11.002266 11.247352 11.628461 11.465670 10.458663 11.021099 11.358548 11.129962 11.106145 10.297403 10.780289 11.816613 11.546569 11.055831 11.253707 11.043030 10.601600 11.358868 11.134165 10.357486 11.206732 10.789980 10.353032 10.548581 10.439075 10.432006 9.655809 10.369881 10.012685 10.505649 10.754879 10.509845 11.124565 10.513929 10.581255 10.524200 9.797360 10.293772 9.926744 10.828646 10.652547 10.481253 10.225603 10.432187 11.457544 11.047656 9.470086 11.097596 10.033678 10.825848 10.298200 10.091734 10.268717 9.803836 11.075842 10.492289 10.073838 10.446946
10.020506 11.220633 11.078719 10.825561 11.403962 11.428516 10.633137 12.045415 10.899992 10.622875 10.712229 10.618778 10.535108 10.180672 10.902286 10.311010 10.501408 10.085283 11.833192 11.586698 11.285538 10.125133 10.752419 11.211354 11.754725 10.222255 10.758845 11.360968 10.780351 10.539640 10.375545 10.915023 10.847127 10.929347 11.923542 10.493083 10.255222 10.698104 9.813024 10.649115 11.045668 10.182729 11.256157 11.227940 10.459820 10.348552 10.279921 10.567648 10.941097 10.046489 10.619218 10.645303 10.630941 10.541513 10.266305 10.517879 10.096096 10.287124 10.506358 10.665814 11.062738 9.849424
10.438976 12.199203 12.008654 10.748222 11.034752 11.193245 10.574235 10.719421 11.301693 12.119941 11.482189 9.935791 11.491085 10.051432 10.528564 11.003919 10.266262 10.871220 11.049478 10.617623 10.476685 9.883344 11.283597 10.950718 10.681563 10.866554 10.838657 10.921804 10.678559 10.330301 10.800979 11.277161 10.994188 10.210393 11.071187 11.017838 11.276022 10.891168 10.463893 10.399944 10.673472 9.416412 11.104114 10.263373 10.035718 11.522839 10.639968 10.725856 10.211601 11.323164 10.618210 10.769932 9.692366 10.791963 10.964984 10.995108 10.603770 9.472186 10.093212 10.967414 9.992716 9.511199
9.812096 11.267812 10.764377 10.543323 10.820971 10.719847 10.094458 11.508647 10.522052 10.900326 10.909345 10.606442 10.033053 10.600205 11.210812 10.403648 11.040029 11.370223 10.618088 10.837913 11.040106 9.901030 11.345699 10.259291 9.450314 9.948304 10.661423 10.889549 11.028783 10.584711 10.655563 10.089960 10.444834 10.131714 10.888199 11.220902 10.444832 9.919139 9.828201 10.381429 10.363011 10.950596 9.972064 10.303433 11.792219 10.145920 10.738661 9.967690 10.414487 11.350821 10.539046 10.639032 11.132310 11.153986 10.832047 10.610630 10.264610 9.954897 9.785111 10.351349 9.975759 11.020507
11.546300 11.498964 9.725622 10.133375 10.650924 10.815016 10.355065 10.270083 10.548273 11.063149 10.597671 10.450429 10.934847 10.143390 10.581723 10.068491 11.540258 9.635739 10.812985 10.242870 10.369935 10.951292 10.159692 11.258177 11.443047 10.205492 10.340105 11.077506 9.891533 10.251672 10.840602 11.231191 10.401945 10.884447 11.217369 10.884257 9.702932 10.118593 9.775365 11.062923 9.898539 10.667957 10.948494 10.853225 10.588045 10.420011 9.742931 10.704163 10.552089 9.953343 9.576186 9.657520 10.937189 11.205107 10.555866 10.930605 9.742720 10.823966 9.943447 9.127729 9.423230 10.312872
10.466515 11.358283 10.160461 10.404634 10.682126 9.851945 10.701277 10.568112 10.278553 11.011842 10.224990 10.719884 10.629513 11.145461 10.615416 10.601124 10.390052 10.947646 11.317498 9.865611 11.315663 11.479189 10.846148 11.055208 10.605457 11.347469 10.587502 10.417004 10.829022 10.583060 10.373168 9.663605 10.694291 10.701895 11.029597 11.783508 9.452067 10.013219 10.874331 10.944453 10.489233 10.388317 10.726688 10.333251 10.017469 9.786016 10.614444 10.282903 11.284717 10.649166 10.903262 9.813367 9.557979 11.326229 10.447274 10.292029 10.611483 9.362686 10.333339 10.317124 9.829282 9.597273
11.528191 10.365950 11.299465 10.789972 10.014326 11.282308 10.032972 9.783278 10.295962 11.363856 11.175540 11.027550 10.220163 9.771026 10.286746 11.044307 11.408103 10.603868 10.876614 10.301942 11.027577 11.458392 10.777538 10.246453 10.577933 11.625140 11.132407 10.870171 10.175983 10.846956 11.132516 10.966775 11.459064 9.657069 10.004885 10.534525 10.885677 10.252772 10.912834 9.786559 9.487152 10.052443 10.656463 11.075887 10.305538 9.014962 10.626506 10.559506 9.963353 9.909246 10.484571 10.199109 9.607741 9.219096 10.369004 10.358200 9.348317 10.040070 10.101989 10.006747 10.386542 10.427227
11.251627 11.352909 10.700450 10.528005 10.482173 11.038964 10.727175 10.549679 10.064383 10.370756 10.527053 10.960075 11.254865 9.926949 10.075643 9.758719 10.453359 10.866454 10.689195 11.380071 10.845703 10.846720 10.949207 11.051100 10.826922 10.127230 11.027186 10.911386 10.901193 10.240431 9.699681 9.936132 10.687468 10.811072 10.677382 10.645349 10.650927 10.513376 9.830690 11.681235 10.769367 10.173606 9.969378 10.260214 10.613867 11.015127 10.694939 9.701926 10.612555 10.663580 9.895289 9.478594 10.744187 10.711637 9.951714 10.720375 10.005965 10.381347 10.077915 10.242515 10.415796 11.170896
10.809022 10.911594 10.768971 11.070338 10.865621 10.786322 10.483616 10.645599 10.510758 10.455827 10.589003 11.025028 11.064034 10.399003 10.168053 9.975950 11.111805 10.785188 10.086512 10.246839 10.802219 10.666242 11.007757 11.526584 11.513178 10.696704 11.894242 11.469179 9.748428 10.735264 10.782655 9.538669 10.759395 10.203783 10.770070 10.098877 11.626789 10.568651 10.512268 10.747910 11.131076 10.565853 9.940014 10.716218 10.356644 9.634387 9.954999 9.866832 9.917968 10.336322 10.655329 10.183807 10.594388 9.907046 10.191798 10.078205 9.329256 10.983077 9.113480 10.159625 10.953568 9.461279
10.801786 10.805856 10.736071 11.135280 10.378841 10.357267 11.249480 11.092677 10.046413 10.263509 10.643708 10.301170 10.500445 10.248728 10.945792 10.671644 9.852193 11.738449 10.522543 10.368765 10.857371 9.557995 10.982386 11.397962 9.959392 9.805386 10.432070 11.316961 10.145121 10.155632 10.354938 11.488839 10.716171 10.704055 9.396631 10.075895 10.351709 10.687523 10.106878 10.542245 9.930085 11.259133 11.401652 9.493332 10.076265 10.084610 10.068757 10.106233 10.841500 10.763650 11.053083 10.235285 10.309845 10.579525 9.908489 9.094723 9.370433 9.937391 10.222229 9.591694 10.245476 10.837441
10.880334 11.404735 11.018854 12.052383 11.181703 11.471594 10.629177 10.360924 11.147584 10.216451 10.387107 11.710773 12.051359 11.143161 11.183061 10.493755 10.549903 10.460868 11.125573 11.440809 10.595831 11.578744 10.981623 10.873599 10.598607 10.643543 10.940676 10.163992 10.257273 9.240356 10.001850 10.280304 9.557078 11.009168 10.051143 11.127389 9.893024 9.908624 11.018725 10.325246 9.749881 9.750108 10.358554 10.139898 9.383756 10.125740 9.950562 10.734279 10.416574 10.043067 10.688661 9.264799 10.049939 10.801216 9.301789 9.928252 11.177565 10.682133 10.255931 10.031912 10.194974 10.204007
10.943886 11.286418 11.527716 10.577872 10.404259 11.280011 10.506759 9.786319 10.177829 10.811775 10.309972 10.894089 11.186642 9.868336 11.243210 10.839544 10.788510 9.973059 10.459152 10.816539 10.719302 10.047068 11.214953 10.506743 10.598822 9.716779 10.725369 10.305903 11.068332 10.033328 10.438433 9.484462 11.086825 10.596372 10.346155 10.596069 10.843237 11.078301 9.549294 11.397184 10.143223 10.345675 9.875492 10.880747 11.578253 10.477281 10.789859 9.865590 9.895636 9.114441 10.298207 9.685251 10.880662 10.743092 10.903390 10.124924 10.595374 10.115694 8.883406 10.173382 10.883339 9.852223
11.362860 10.865343 10.977762 11.085023 10.792395 11.495355 11.028827 10.607225 10.793661 10.649061 10.473721 10.539535 10.660975 10.484126 10.888492 10.502840 11.381793 9.356886 10.018842 10.206805 10.888965 10.473974 10.604761 9.931043 10.384301 11.603860 10.721580 10.163883 10.041809 10.366768 9.594146 10.688543 11.077134 10.624815 10.148704 10.280088 10.431946 10.968643 10.505206 10.337500 10.047880 10.480573 10.750504 10.411276 10.931445 9.619928 9.741151 9.923315 10.151502 10.561374 9.578701 10.053406 10.386943 10.185393 10.017889 9.294204 9.691384 10.199952 10.616015 10.118143 9.814722 10.550081
11.247613 11.068018 10.615225 10.552341 10.600569 10.754451 10.569021 10.493687 9.763982 9.695382 10.835852 11.075600 11.130524 11.034695 10.930189 12.016522 9.670797 10.082205 9.855480 9.656841 10.744616 11.391296 11.402856 11.154708 10.013619 10.371155 10.553716 10.416626 10.895161 10.953376 10.654771 9.888377 10.588232 10.479543 10.047768 10.890054 9.956578 9.335374 10.336393 10.110617 10.157603 11.053841 10.404217 11.013548 10.169862 10.618760 10.656185 10.145851 10.005388 10.049229 8.870354 10.486592 10.470102 9.835088 11.177468 11.039995 10.936221 11.291477 9.606845 10.329286 10.450882 9.453201
10.674170 10.388680 11.384707 10.208840 10.861744 11.012381 10.491385 10.520259 10.923787 10.414289 11.209981 10.627230 10.721448 10.596963 10.722918 10.451019 10.211015 10.722932 10.841186 10.366721 9.523772 10.435213 11.491260 10.620395 10.503511 10.085944 10.542937 11.046997 9.626401 10.403677 9.481811 10.408420 8.925548 9.892863 9.401395 10.982646 10.658659 10.047415 9.727883 10.529436 10.073290 10.324957 10.837590 10.832212 10.581907 10.717170 10.311361 9.745208 11.142327 9.530533 10.277685 10.695056 10.593844 9.720298 10.500700 10.412390 11.342942 10.175551 10.588650 10.296671 9.378019 10.285694
10.537998 10.856144 10.962130 11.009188 10.857189 10.627048 10.149047 10.659000 9.988716 11.047672 11.273510 11.151774 10.151387 10.851633 10.977742 11.674032 10.378650 11.846614 10.657712 9.808962 11.574103 11.867173 10.382046 11.052449 10.071361 10.190877 10.500440 10.096409 10.582692 10.142827 9.674759 10.257684 10.144128 10.020721 10.140238 10.425840 10.767540 10.235088 9.386933 10.618956 10.257159 10.042502 10.569588 10.265565 10.728679 10.805250 10.023294 10.094531 9.836422 10.325227 10.049189 10.373507 10.097806 9.526171 10.921740 10.451361 10.215693 10.481307 10.303165 10.470679 9.801124 10.085523
10.432454 10.601534 10.084823 10.400654 10.628990 10.556188 11.118049 10.434447 9.889310 10.544962 11.266237 10.644718 10.480289 10.929900 9.722214 10.832143 9.932971 10.901677 10.961885 11.015604 10.537143 10.896613 10.808258 10.257819 10.669657 9.430102 10.591750 9.910206 10.487657 9.950503 10.887238 10.094476 10.367895 9.122680 9.891540 9.654050 10.305525 9.902967 10.133997 11.180701 10.589384 10.200487 10.552423 9.633886 10.187261 10.166220 9.217399 10.005731 9.832054 10.449577 9.754333 9.244080 9.731468 10.120205 9.555033 9.592605 10.146522 11.047069 9.989887 10.461880 10.993638 10.170712
11.153368 11.387888 10.088371 10.693888 11.335915 11.123363 9.847594 10.205949 10.583162 10.680715 10.324869 10.867808 11.435254 10.238176 10.938757 9.846394 9.704850 10.268639 11.248917 10.500164 10.260596 10.266024 10.556831 9.603367 10.304806 10.491387 10.939257 10.349770 10.351954 10.422012 10.951931 11.073621 10.051096 10.319406 10.383153 10.660333 9.820454 9.458109 10.510514 10.278455 10.208818 11.103092 9.548193 9.424853 9.527916 10.292896 10.416502 11.140427 10.428135 10.597032 10.806571 9.792621 9.837093 9.352790 10.095285 9.664106 10.260227 10.492177 9.154989 9.913566 9.899192 10.565008
