DEPONS-master/data/CentralBaltic/salinity0000_03.asc
NCOLS 400 
NROWS 400 
XLLCORNER 4750000.0 
YLLCORNER 3200000.0 
CELLSIZE 1000.0 
NODATA_value -9999 
[rows 81 to 107 of 400, columns 244 to 304 of 400]
10.620499 11.759529 11.861566 12.015776 12.799779 12.183601 11.732911 11.056907 11.282582 11.743022 11.632108 12.402236 11.215500 11.809452 12.829046 11.566050 11.410364 11.583465 11.187211 11.874267 11.625536 11.145923 11.712115 11.550848 11.172163 11.384836 10.727033 10.468974 11.575985 11.597724 10.426559 12.040977 11.492993 10.675054 11.571157 10.757009 11.510819 11.265018 11.462966 11.132944 10.556309 11.642005 11.821314 10.959765 11.608126 11.247153 10.740087 11.090554 10.665256 10.988913 10.806851 11.197441 10.157650 11.022025 10.304006 10.867611 11.103814 11.414959 11.169403 10.455538 11.552921
12.147873 11.591073 11.732151 12.088033 11.874727 11.867926 12.192276 12.104850 10.547139 12.644315 11.702146 11.750846 11.605283 12.766655 11.631988 11.747048 11.634009 11.395529 11.323533 11.742035 11.148912 11.197741 11.008858 11.697385 10.616473 12.049492 11.611660 12.409048 10.922445 11.415507 11.725448 11.153388 11.723526 11.270628 10.289156 10.281496 11.208049 10.863847 10.997895 10.919627 11.432795 10.819954 11.261013 11.774132 11.588092 12.182119 11.751336 10.582500 11.021187 10.901593 10.515826 11.310672 10.046297 11.081951 11.204856 10.491454 10.479719 10.274439 10.766418 10.889168 11.487754
12.206392 12.149939 11.641480 11.713776 11.968667 12.315228 11.612052 12.379580 12.054719 11.312379 12.004122 12.169556 11.870987 11.502200 12.558237 11.373732 11.855030 11.858642 10.764268 11.395199 10.249508 10.915238 10.975442 11.179032 11.317742 11.652856 10.356868 11.371516 11.612668 11.154854 11.770748 12.250538 10.946708 11.258914 11.471685 10.387462 10.034129 10.043317 11.614651 11.365835 10.991465 10.678173 11.649526 10.942802 11.154227 11.432317 11.502868 11.910682 10.621010 10.479432 11.082220 10.921241 10.607264 11.089917 10.410798 10.397641 10.622911 10.574150 10.572709 10.084525 10.304448
11.529734 11.661514 11.468182 11.102514 12.483195 11.691786 11.794903 12.111387 11.707670 12.044464 12.354153 11.324694 11.147901 11.608245 12.121737 11.188076 11.092909 11.437547 10.848390 11.244128 10.897413 11.562899 12.030503 11.278873 10.658371 11.185989 10.867871 11.467341 11.882035 11.617560 11.274321 11.640017 9.877572 11.198799 10.771425 10.744833 11.062769 10.894866 11.280555 10.623261 10.786487 11.356899 10.625883 10.465508 10.349149 10.931485 11.974154 11.290567 11.466030 10.278707 10.935549 10.708955 10.574595 11.327311 10.751962 10.284453 10.913006 10.335760 10.689680 10.031739 10.253654
11.477640 11.661209 11.979459 11.560402 11.477420 11.146202 12.870832 12.071095 12.155826 11.162832 11.274852 11.010732 12.200211 12.335246 12.042290 11.723625 11.359277 11.014146 11.579881 11.604598 11.043457 11.373049 11.905507 11.188180 11.337357 11.196911 11.173345 10.895939 10.883465 10.948399 10.840877 11.697353 11.454996 11.212674 12.135151 11.629337 11.920708 11.569032 10.678735 10.659570 10.908192 11.294790 10.652204 10.041403 10.590667 11.454539 10.733560 11.297404 10.826601 10.251100 11.059108 10.873937 10.856394 10.902222 11.206196 10.725712 10.737597 10.716212 10.758408 10.513508 11.079593
11.715309 11.638230 12.038527 10.864453 12.238696 11.037842 11.834629 12.302333 11.429170 11.922531 11.767837 12.203248 11.716428 11.656220 11.484209 11.361152 11.869751 10.681931 11.091120 12.061336 12.290924 11.031318 11.502852 10.415346 11.127680 11.794581 11.366141 11.743316 10.827166 11.742731 11.285482 11.156186 10.834151 10.636710 11.336360 11.104692 11.010543 11.108784 10.626350 10.342408 11.535045 11.676772 11.341963 10.373441 11.924969 10.647090 11.051133 11.387809 10.707366 12.342291 10.758985 11.409674 10.387113 10.007543 10.766936 10.939652 9.767329 12.230532 10.561296 10.916911 10.787786
11.459542 12.018326 13.305639 12.865508 11.814436 11.213049 12.212264 12.227852 11.765537 11.949715 12.347305 11.122073 12.123505 11.665477 12.273753 11.245048 10.955209 11.381634 11.704593 11.726864 11.505761 11.243140 11.066365 11.528003 11.474446 11.238555 11.405703 11.185002 11.448860 11.477390 11.847632 10.478457 10.111200 10.794973 11.213684 10.951312 11.137322 12.033204 10.202935 11.512225 10.572939 11.497127 11.307261 11.372645 10.870031 11.079535 11.032353 11.281263 10.370783 10.419537 10.542086 9.715517 11.200344 11.161888 10.732216 10.762092 10.582340 10.162918 10.803596 10.288266 10.440899
12.256810 10.752623 11.899213 11.580342 12.236484 11.615953 11.523951 12.178779 12.936959 12.225476 12.028479 11.524095 11.313161 12.392731 10.752191 12.259955 11.574269 11.283866 11.218099 11.282682 11.196633 12.179731 11.681870 11.352882 12.336568 11.575331 11.946743 10.648011 11.251397 11.590267 11.287402 10.998370 11.204976 11.650409 11.157994 11.478077 10.767379 11.564990 10.504123 11.505604 10.076351 10.952402 10.196334 10.566785 11.256291 11.539333 10.097509 10.888410 10.522474 11.738055 11.556367 10.360376 11.039188 10.558740 10.715037 11.154206 10.056208 10.597450 10.970256 10.399716 10.838050
12.618456 12.116769 11.702459 12.533308 12.105918 11.680917 11.919874 11.359378 11.555521 11.514978 11.715470 11.706962 11.465070 11.127891 10.620668 11.908560 11.133754 10.234842 11.442895 10.755875 11.100920 11.534101 12.357703 11.903810 11.716495 10.924805 11.729963 10.963437 10.656169 12.144271 11.328906 11.309031 11.105635 11.280953 11.101761 11.794187 11.448014 11.987892 11.783690 10.148962 11.164036 10.949452 11.119675 11.313097 11.391166 10.872490 10.134610 11.078296 11.441429 10.488269 10.749122 11.077745 11.194699 10.205880 12.096091 10.326853 10.833760 11.228370 9.922451 9.513170 9.975088
12.207489 11.899659 11.150186 11.643104 10.965489 11.008819 11.833847 11.812136 11.281931 10.941594 12.328761 11.552099 11.585992 11.780993 11.856412 10.991748 12.128690 11.442467 11.430389 11.824148 11.362515 11.190358 11.081470 11.993339 11.593004 11.940925 11.447262 12.038639 10.920500 11.234301 10.869149 10.613033 10.291758 11.149992 10.781731 11.277918 11.538320 10.997488 10.251130 10.394373 11.149200 11.292743 11.164387 10.697939 10.360363 11.265599 10.723473 11.808885 10.355896 11.156748 10.609027 10.697259 10.348047 10.840656 10.490077 10.860342 11.008772 9.990348 10.009069 10.705600 10.644714
11.947166 11.867900 11.528817 11.924317 12.000628 12.486112 11.392550 11.940053 11.698828 11.401023 11.976576 11.286143 9.969702 11.254279 11.228194 11.102813 11.557245 11.056962 11.601706 11.107205 11.565637 12.260275 11.554333 11.092894 11.195665 11.087852 10.769946 10.957950 12.126533 10.509120 11.323801 10.571673 11.515466 11.319604 10.915712 10.770211 11.554302 12.098759 11.394215 10.692391 11.505318 10.729922 11.560511 10.246213 11.354092 10.518443 11.249888 10.054383 9.680474 10.810884 10.045520 11.171057 11.407552 10.819184 10.932392 10.993201 10.798433 10.639321 10.719969 10.435744 10.767953
12.125672 11.989893 11.146114 11.513202 10.918705 11.628867 11.864272 11.193768 11.044082 11.755760 11.552407 11.179606 11.836819 11.397260 11.292010 10.300114 11.857432 10.967016 11.421524 12.464427 10.838052 10.874965 12.612559 11.823007 10.874334 11.392784 10.922778 11.302592 11.416956 10.567505 11.052560 11.285145 11.946488 11.064266 11.267519 10.841409 10.727078 11.000027 11.656454 11.660248 11.796482 11.711015 10.912554 10.631497 11.479513 9.645442 10.784193 11.388209 11.192901 10.235324 10.042244 10.297878 10.523427 9.841908 11.787544 10.176216 10.050831 10.221187 10.582329 10.441851 10.520289
11.304780 12.204663 11.700295 11.377159 11.978915 12.573714 11.236455 11.807751 11.970441 11.500864 11.153890 11.639093 11.387046 12.149595 11.564549 11.607127 11.897219 10.601908 11.403033 11.414863 11.526889 11.593342 11.530689 12.651919 11.427397 11.618784 11.497777 11.942672 9.568375 11.940183 11.068794 10.517045 11.332208 11.115654 11.519249 11.009281 11.084230 12.188616 11.209539 11.027902 11.001230 10.810786 10.696923 10.984518 11.671743 11.003773 10.468525 9.460421 10.377033 11.680925 10.719285 10.528482 10.561196 10.426001 10.929868 10.969290 11.643256 10.802015 10.471860 11.742165 10.819614
11.646180 12.193479 11.672925 11.148218 11.267541 10.935424 11.081178 12.054461 12.038555 11.624724 11.522807 12.092608 10.886196 10.807230 11.399706 11.148626 11.846755 11.722391 10.996395 10.966154 10.917379 11.724361 11.479732 10.726451 11.585709 11.007788 10.875556 11.546163 11.026358 10.983377 10.817769 11.258497 10.854242 10.601554 10.743049 10.973283 11.430460 11.233224 11.032754 11.250950 11.573070 11.541487 9.778616 10.816349 11.439651 10.532289 10.235369 10.632985 11.696368 10.492505 10.334857 10.839321 10.364136 11.060768 11.234153 10.052519 10.470575 10.305682 10.303031 11.252662 10.834729
11.783440 11.689993 12.165549 11.559750 12.145253 11.783068 12.184557 11.335163 11.644955 11.933554 11.617175 11.254663 12.258046 11.830787 11.265027 11.224233 11.461733 10.335071 11.527337 11.276842 11.848753 11.043381 10.892428 11.634480 11.506187 11.282179 12.032880 12.368205 10.240142 11.449210 11.248436 10.961152 10.210555 10.993790 11.802750 10.627904 11.203147 10.092376 11.428525 11.149445 10.612174 11.202577 11.056169 10.080193 10.176342 11.095023 10.771812 10.964771 10.630764 10.357658 11.682691 10.757081 9.964632 10.831760 10.317770 10.721467 10.340654 11.163449 11.371434 10.308113 10.327122
11.720270 11.625210 11.403843 11.877937 11.423198 11.102992 12.092786 12.437156 11.244479 11.467709 11.729696 11.432942 11.834035 11.727656 11.949285 11.658947 11.454957 12.270521 11.572084 10.620096 11.782903 10.997008 12.064965 10.532232 10.735683 11.135436 10.880651 10.362737 10.674002 12.073263 11.425387 10.934023 10.906248 10.839660 10.836968 10.653250 11.259147 10.572107 11.264548 10.546194 10.661896 10.307547 9.686920 10.305857 10.939561 10.535082 10.948999 10.247519 9.621361 11.559563 10.534967 10.281140 10.107929 10.888467 10.102320 11.277140 11.407218 10.339178 10.666686 10.424271 10.497849
11.946532 11.635602 11.506092 11.302892 11.501886 12.178729 12.275021 11.295370 12.247784 12.078474 12.266663 11.649632 11.861612 11.365245 11.730082 11.510529 11.994111 11.135134 11.273371 11.641509 11.322873 11.002013 12.239125 11.281612 10.914474 11.127142 11.776751 11.457073 11.565950 11.372728 11.734824 10.378088 11.490839 10.532961 10.693285 10.608657 10.935452 11.434488 11.154084 10.327007 10.435057 11.230217 10.754409 11.850876 10.292756 10.514035 10.096639 10.813635 10.412792 11.741280 10.018567 10.491524 10.771618 10.507346 10.469767 11.426890 10.179136 9.967411 11.261077 10.471636 11.473345
11.844074 11.719291 11.220766 12.115196 11.486230 11.093629 11.809477 11.848171 11.172357 12.374854 11.570490 11.365899 11.414061 12.176087 11.214125 12.392928 10.932275 10.862911 11.995668 11.229936 11.607784 10.775202 12.261277 10.083785 11.462245 11.639161 10.164674 11.637860 10.920013 11.515003 10.764619 11.345590 11.370052 11.458238 11.025260 10.648338 10.659938 10.076554 10.762381 11.172180 11.272122 10.570519 11.178111 10.470836 11.444431 11.481603 11.408809 11.727280 11.364402 11.113935 11.229358 10.428791 10.949430 11.191734 10.193049 10.463483 9.962258 11.221610 10.155493 10.840603 9.768911
10.630236 11.906805 12.516682 11.513411 11.542713 11.953032 11.442501 11.841382 12.429593 11.303572 11.577583 11.829871 12.217937 10.884466 11.037372 11.429124 11.524810 11.771279 11.709633 12.003837 11.824561 10.686229 11.651140 10.974646 10.381687 11.180379 10.530091 11.680368 11.071992 11.093676 11.363727 11.352760 11.195661 10.464049 11.315851 10.845211 11.762629 11.134712 11.213575 10.862183 12.117363 10.593132 11.709398 11.067640 11.696983 10.662461 10.808143 10.780722 11.346606 10.050513 11.076743 10.474670 10.001069 11.825617 11.070603 9.806820 11.721499 10.721843 10.562264 10.640902 10.868586
11.287564 10.344729 11.787795 10.571690 11.166574 11.813142 11.557998 11.367134 12.408336 10.777650 11.276347 11.182142 11.930212 12.704695 11.900059 12.042153 11.573485 10.871868 11.048214 11.671884 11.355591 10.538165 12.647014 10.547431 10.548185 12.162340 11.133135 10.504987 10.797637 11.232909 10.702713 11.615147 10.782524 10.693266 11.300757 10.262998 10.872095 11.321919 10.443344 10.727530 11.902935 11.624856 11.628012 10.619755 10.380771 11.834450 10.660453 10.824289 11.478694 10.755236 10.658109 10.557353 10.170373 11.217332 10.175467 10.737123 10.715633 10.015988 10.376960 9.898569 9.746447
11.697330 11.896147 11.525883 12.024970 11.671616 12.253136 11.731883 12.123144 11.023891 11.102951 11.086942 12.370750 10.919879 11.023299 12.079840 12.426537 10.983368 11.805047 10.794111 10.754633 11.625123 10.932868 11.214404 11.970114 11.915985 11.246334 10.845489 10.829955 11.042582 11.483911 11.256601 10.528186 10.220291 10.493018 10.565708 11.157445 11.048013 10.289975 10.630057 10.614164 11.031608 11.061199 11.149831 11.241993 10.876676 11.710616 10.822021 10.053973 10.607284 11.102314 10.982873 11.322877 10.855800 10.294201 11.235649 10.804140 11.148971 10.880128 10.228096 9.419250 10.574711
11.548304 11.466338 11.702451 12.029151 11.724326 12.126220 11.754898 11.789751 11.562421 12.017233 12.336143 11.882270 10.364336 12.052389 10.840729 11.833276 11.446857 10.485997 10.728414 11.321098 10.558279 10.603520 11.153271 11.710005 11.003503 10.916542 12.114872 11.947455 11.301247 10.583619 11.429777 11.049908 11.797195 11.327076 11.066093 10.133809 10.728909 10.736541 10.477944 10.683650 11.598012 11.889144 10.045533 10.838165 10.406519 10.856583 10.417955 10.591360 10.620395 10.990127 10.877463 10.694709 10.427605 10.780243 10.350309 10.552510 10.352084 11.173391 9.691329 10.756619 9.600069
11.321143 11.726252 12.018742 10.804932 12.353392 11.822573 11.332164 11.953770 11.755697 11.793385 10.863131 11.236581 10.439366 10.777458 11.021215 10.438534 11.799418 11.984264 11.666036 10.627331 11.077174 11.140089 11.188340 11.602423 11.551678 11.384601 10.652388 10.506968 10.949259 10.876696 10.971788 11.178888 10.634936 9.775314 9.542230 10.973726 11.320295 11.019549 11.410838 11.879035 11.180378 11.029778 11.144467 9.368034 10.808634 10.204658 11.278117 10.384392 11.114598 9.992900 10.369433 11.124463 10.903898 10.267427 10.023985 10.339694 10.513027 10.511598 10.454992 10.436518 10.622632
11.913974 11.787507 11.441214 10.966898 11.260440 10.969199 12.225720 11.600090 11.943269 11.922681 11.534974 11.252654 11.931477 11.155999 12.129840 11.918951 11.313993 12.110454 12.106952 12.112854 11.543726 10.593533 11.050460 10.925396 10.824700 10.614868 11.423843 11.411208 12.134288 11.089287 11.248548 11.226337 10.771655 11.114492 11.153699 11.593341 11.513353 11.624442 11.098220 11.178839 11.633184 10.960950 10.017291 11.468146 10.294434 11.517088 11.133407 10.847745 10.113620 11.119167 10.717337 10.276997 10.231780 10.496243 9.881344 10.457851 10.809553 11.130800 10.604568 10.556974 10.444102
10.780426 12.003989 11.159072 11.518121 11.480341 11.540389 11.107174 11.771996 11.399228 11.641433 12.052631 12.604168 11.866032 12.209005 11.434220 10.788247 11.828839 11.325577 11.564960 11.422326 10.874587 11.007693 10.815485 11.179108 11.557765 10.308715 11.270167 12.004794 11.307501 11.991067 10.939836 11.027929 10.082638 11.483731 11.592919 11.133236 10.735826 11.699967 11.336773 9.189074 10.849928 11.250827 11.006812 11.143587 10.739908 10.834407 11.536110 10.830060 10.862899 10.683019 10.500610 10.444769 11.370478 9.373938 10.720675 10.298099 10.836671 10.232461 10.434628 9.703441 10.843504
11.850325 10.718756 11.640797 11.829428 10.908327 12.020870 11.397116 10.992481 11.425330 11.428896 12.422919 11.033183 11.257174 11.296825 10.682464 10.968006 12.066058 10.690710 10.757186 10.506121 11.184743 11.595044 10.365055 11.080456 11.239566 11.130630 10.877661 11.064944 11.718897 10.622894 10.250909 11.201285 11.250522 11.489412 11.719177 11.386150 10.658480 10.316743 10.908031 10.850084 10.747379 11.107397 10.241323 9.752030 11.045237 10.252977 11.025230 10.784886 10.458710 10.645801 10.613783 10.807503 10.470348 10.791071 10.469598 10.492534 9.973581 10.848167 11.251350 11.257008 9.995733
12.056604 12.316960 11.090207 10.581540 10.331158 11.611200 11.447875 11.630739 11.966415 11.175716 11.160291 11.497324 11.900368 12.344619 12.663904 10.946515 11.175120 11.481149 11.234140 11.273616 11.715692 10.570899 11.527448 10.682088 11.224784 10.111882 12.029143 11.472599 10.901922 11.210848 10.692102 10.499036 10.415315 10.934413 10.442334 11.236063 11.408772 11.409887 12.011671 10.284709 11.143095 10.595462 11.124343 10.833143 10.859627 11.895778 9.289358 10.236371 10.170943 11.371296 10.996550 10.169868 11.143590 10.317604 10.955407 9.809133 10.969646 9.168991 10.441904 10.317456 10.182849
