DEPONS-master/data/CentralBaltic/salinity0000_09.asc
NCOLS 400 
NROWS 400 
XLLCORNER 4750000.0 
YLLCORNER 3200000.0 
CELLSIZE 1000.0 
NODATA_value -9999 
[rows 216 to 242 of 400, columns 62 to 123 of 400]
11.167184 10.974942 11.166743 11.112091 11.238178 11.246151 10.264964 11.095154 9.742792 11.186433 10.635354 10.462329 11.414994 10.334672 10.636913 11.211515 10.397728 11.055666 10.843688 11.320079 11.180610 10.592196 11.384985 10.456302 10.015560 11.101585 11.004815 10.271370 10.281829 10.836355 10.927801 10.416638 10.264111 11.131863 9.917898 10.519210 10.872822 10.974631 10.467983 10.986855 10.471359 11.045047 10.516440 10.399039 9.799026 10.336230 10.944149 10.718146 11.176041 10.616188 10.791980 10.388365 10.970639 9.937522 10.105831 10.267332 9.491253 10.726429 10.162482 10.474170 9.920436 9.754457
11.857087 12.063989 10.689065 11.202549 10.711793 10.973253 10.031056 10.360106 11.531928 11.356246 11.028204 11.282829 11.246238 11.098515 11.053886 10.842762 10.348885 11.181905 11.474172 11.324107 10.173939 10.460842 11.934198 11.370237 11.136224 10.243266 10.074275 11.287726 10.344094 10.555513 10.224490 10.041090 11.116369 11.154112 10.525450 11.112759 10.629546 10.139752 10.933817 10.784097 10.603406 9.990374 10.680082 10.387842 9.313944 10.731203 10.022339 10.176226 9.962106 10.506793 10.656374 10.100514 10.148977 11.205190 10.605004 10.479654 10.378977 9.459019 10.828158 9.833009 10.147766 10.189866
10.885982 11.203561 11.064290 10.281261 10.957403 10.659756 10.547058 10.788311 10.745435 10.715343 10.972876 10.579809 10.195036 10.639111 10.423382 10.756282 11.021157 11.296064 10.253438 11.542129 10.275349 10.779097 10.564362 10.206375 10.030703 11.468702 10.736256 10.348621 10.223901 10.363734 10.603972 11.527108 10.707250 10.289650 10.182264 10.419633 10.957738 10.097129 10.270308 9.608977 9.888042 10.219859 10.180892 10.814750 10.159853 10.243876 10.654419 9.922345 10.617644 10.308806 9.830260 10.346236 10.199238 10.452102 10.341945 12.000779 10.436293 11.602768 10.430263 11.008024 9.880278 9.479403
10.707147 11.022416 10.763687 11.029852 10.097866 11.408598 11.075274 11.454075 10.586620 10.653162 10.894729 10.499357 10.894999 11.130955 10.973937 11.242566 10.409263 10.637588 11.054665 10.466419 11.223668 11.121451 11.069730 11.295279 10.849501 10.620500 10.946309 10.858739 10.628824 10.272299 11.301957 10.225393 11.013056 9.939107 10.920915 10.785973 10.270281 9.858453 10.449531 11.031881 10.374086 10.838135 10.690454 9.639888 9.699040 9.364432 10.863624 10.732263 10.741018 10.470845 9.842115 10.283448 10.339351 10.427250 11.199810 9.769541 10.352824 11.351426 10.225024 10.589330 10.400345 10.319703
11.657122 11.375246 10.582733 11.606682 10.773345 11.039024 11.219649 10.771140 10.727316 10.264574 11.058344 11.236512 10.797488 11.006365 12.000415 11.292155 11.386084 10.333483 11.002999 11.181528 10.045851 10.466281 10.411763 12.267796 10.436310 10.475247 10.532550 11.349116 10.375913 10.467069 10.669510 10.941229 11.357007 11.337625 11.082797 10.827799 9.961244 11.022374 10.607471 9.760922 9.599757 11.399856 9.938396 9.313955 10.320680 9.720606 9.747675 9.213895 9.802524 10.601483 10.571414 10.550730 9.807490 10.589573 9.928899 10.894614 9.524032 9.387744 9.843356 9.991517 9.573663 9.693976
11.506411 10.886649 9.713636 10.684988 11.571981 10.622468 10.729530 10.842171 11.062389 11.089554 11.945968 10.537794 10.395104 10.814487 10.612741 10.966591 10.769584 9.396898 11.920840 10.938869 9.991568 10.677477 10.621013 11.678384 10.558188 10.341015 10.678792 10.634515 9.765038 10.773855 9.713540 9.983253 10.528025 10.459116 11.079890 11.486942 10.381340 10.457069 10.094553 10.604118 9.752154 11.222038 11.238499 10.312828 10.031464 9.865419 9.952102 10.353368 11.084494 10.538706 10.477846 10.189118 10.790953 10.937499 9.447980 9.961346 9.557428 10.579573 11.121193 9.810679 10.798804 10.213200
10.180324 11.026889 9.801060 10.852360 11.000154 9.920793 11.071016 10.036099 9.634679 10.749263 10.309677 10.490064 10.166880 10.385174 10.250578 10.851249 11.111365 11.341422 11.614134 11.335064 10.009805 10.057990 10.264145 10.249785 11.280077 10.711405 10.459402 10.417967 10.769617 9.690103 10.647912 11.100885 10.346343 11.024308 10.988369 10.138629 10.251081 10.534587 11.274902 9.860607 10.211891 10.194033 10.294832 9.624954 10.271211 9.634814 10.659137 10.733892 10.896024 10.702450 9.847457 10.733716 9.990019 10.608715 9.716577 10.391809 9.326327 10.735413 9.638191 10.238873 9.872499 10.162210
10.633744 10.638720 10.269156 11.230720 11.760524 11.294183 10.584152 10.605254 11.484518 9.467904 9.827046 11.102371 11.113626 10.108175 11.880120 9.914783 10.433403 10.395735 10.674146 10.458028 10.049136 10.752968 10.444013 10.517633 10.581735 9.811272 9.969690 10.081933 10.165992 9.668345 11.118829 10.325373 10.642536 10.724202 10.804895 9.696318 10.879395 10.085816 11.160975 11.096574 10.537043 11.001181 9.637308 10.559838 10.465233 10.473831 10.000482 10.970430 11.136428 9.538081 9.563351 9.596251 10.591803 11.035809 11.388405 10.240846 9.943424 9.825226 9.975377 10.412989 10.190130 10.479637
10.861374 11.050196 10.551457 10.923668 10.967040 10.339485 10.808272 10.242996 10.678268 10.265274 10.407243 10.783296 10.278614 9.880720 10.822511 9.936511 10.981492 11.093032 11.286739 11.006455 11.094177 10.399034 9.897368 10.200605 10.855405 10.639690 10.001529 11.319212 11.121356 10.000318 11.548735 9.908783 9.476257 8.995249 11.076177 10.120120 10.110411 10.427940 10.853242 10.016491 11.380390 9.769990 9.170711 9.152817 10.820059 10.027547 11.336841 11.253222 10.086932 10.642130 10.179752 10.179344 9.663562 10.190680 9.971663 10.904975 9.616100 9.364140 10.871214 9.824019 11.196715 9.669445
10.467971 9.891779 9.819416 10.621670 10.898247 10.334393 10.990732 10.254440 11.678024 10.309095 11.310301 10.803433 10.140678 10.593400 10.325080 10.492254 10.562684 10.424093 11.034922 10.137511 11.011288 10.108832 10.344600 11.055427 10.250124 10.868196 11.009103 10.028728 10.802732 10.669989 10.740022 10.399238 9.588679 10.104127 10.880222 9.334914 10.453743 10.505398 11.068915 9.523631 10.954331 11.169225 10.755534 9.797785 10.308265 10.513543 10.122221 10.108692 10.345526 10.078824 9.867978 10.187211 10.134124 9.485519 10.617339 9.650426 9.580948 10.097250 9.834142 11.355622 10.131223 10.346328
10.722352 10.408744 10.356559 11.089755 10.719675 11.007795 11.339263 11.784542 11.077250 10.164951 10.531936 11.134780 10.487988 11.030379 10.728354 10.279229 10.349692 10.823590 10.373877 11.925703 11.008043 10.440094 10.716020 10.057689 10.795285 10.742707 10.583096 11.208909 10.800132 10.690797 10.125416 10.034102 10.385930 9.824150 10.744570 10.738499 9.664859 10.687329 10.621160 10.637740 11.225912 10.892103 9.269357 10.117479 9.878484 10.837935 9.973909 10.046706 10.630060 9.748925 10.276662 10.511531 10.646662 10.297353 10.278291 9.573045 9.755840 10.191404 11.064586 10.457525 10.534592 10.192582
10.527497 10.807954 9.644927 11.171240 10.549924 10.711918 11.182408 10.459888 10.305831 11.154903 10.959090 10.144217 10.397851 10.408150 10.686110 10.182407 10.070240 10.647145 10.193617 10.255019 10.061269 9.977075 10.948790 9.791164 10.220496 10.991365 11.021524 10.621028 10.294624 11.452378 10.570577 10.873380 10.136538 10.819910 10.357976 10.714169 11.094214 9.504003 10.129499 10.973850 9.722323 10.160122 10.247830 9.953741 10.556418 10.292661 9.984103 10.256229 10.705197 9.985684 9.476952 10.453311 10.079882 10.213087 9.755878 9.140113 9.564550 10.111830 10.227539 10.931958 9.742083 10.231475
10.780431 10.725061 11.069863 10.350635 10.621172 10.953658 11.701943 11.282750 10.313113 10.866480 11.246270 11.024886 10.742318 11.155999 10.217795 10.480151 9.848091 10.250922 10.066455 10.647956 10.684211 10.444196 10.694741 10.464477 11.203308 10.390073 10.449774 10.692022 11.250402 10.360809 10.285895 10.497209 10.929511 11.332325 10.593418 10.240368 10.723480 10.403635 10.992653 10.801110 10.260020 10.300964 10.650274 10.299776 9.736441 10.690558 10.582606 10.358867 9.431480 10.552866 9.504353 10.960992 10.828691 11.177803 11.445681 10.030593 10.376141 9.613967 9.426398 9.748557 10.011193 9.731075
10.182482 11.310780 10.626935 10.991411 10.902345 10.382882 9.876164 10.052182 10.622307 11.067781 10.513362 10.051747 10.665009 11.145335 9.534434 10.127576 10.108747 10.283570 10.473309 10.078617 10.265007 10.553564 10.514948 10.263382 10.628483 10.409763 9.493438 9.707647 10.155326 10.936484 10.118461 10.130400 9.610217 9.548655 9.708697 11.145440 11.236609 10.537981 9.913722 10.415671 10.861181 11.085469 10.291520 9.731116 10.839107 9.678474 10.410120 10.238830 9.981206 10.482212 10.488297 10.056058 9.627964 10.554124 10.684826 9.781666 10.105129 9.221879 10.229240 9.769449 9.975875 9.898041
10.810850 10.467114 11.525526 10.563710 10.953854 10.665956 10.611811 10.511891 10.974947 10.509209 10.209735 11.411829 10.732692 10.470862 10.326448 10.089178 10.236163 10.832697 11.222609 9.860210 10.689980 11.176270 10.916389 10.829350 10.216359 10.489271 10.758213 10.241198 11.535648 9.893861 11.200825 9.970720 10.629657 10.566752 10.192279 10.297663 10.657723 10.974603 10.316762 10.117095 9.893625 10.805338 10.154438 11.205908 10.246548 9.819832 10.543275 11.495677 9.954131 9.929118 9.829592 10.239716 11.438220 11.020746 9.812031 10.746211 8.812521 9.769909 9.760728 9.032434 10.556060 9.454646
9.836010 10.022930 10.953919 11.403790 11.245941 9.290972 10.700130 10.347717 11.085430 10.172805 10.772817 10.770267 10.902638 10.208194 10.449192 10.739119 10.332308 10.968405 10.481850 11.695465 9.898661 10.286764 10.343561 10.569088 9.943029 10.711425 10.086959 10.339327 9.857679 9.763594 10.781488 10.890141 9.663706 11.051550 10.489283 10.850489 9.270150 10.255445 9.880791 9.857364 10.310371 8.905176 10.148563 10.338042 10.273442 10.755262 10.128157 10.418946 10.516588 10.001388 10.429193 9.291803 10.587777 10.462683 10.090237 9.999917 10.998421 10.137642 9.512201 9.931665 9.835505 10.481962
10.509205 10.804254 11.331713 10.825071 10.707423 10.427663 10.229113 11.000350 10.238137 10.762612 9.526496 10.117427 10.392544 10.092777 10.208482 11.702366 9.488784 10.675214 10.185338 9.923486 10.454020 10.911742 10.391794 11.932938 11.213536 9.957496 10.699150 9.933677 9.855785 10.855840 10.215053 10.409591 10.086773 10.542373 10.213708 9.511465 9.757524 10.667869 9.545968 10.990283 10.501526 10.415803 10.196344 10.252469 10.398083 10.647435 10.926698 10.546432 9.768632 10.441676 9.394090 10.739289 9.954143 10.512258 10.644580 9.245387 11.457278 10.286347 9.836281 10.643469 10.231683 9.748886
10.307933 10.443207 10.773318 10.404832 10.712366 9.777786 10.407323 11.559516 10.263749 10.738576 11.710318 10.196741 9.754173 10.406065 10.976203 10.508823 10.381042 10.794782 9.671679 10.383776 11.010125 10.022225 10.958041 10.152795 10.634357 9.685465 10.006141 10.712049 10.602909 9.733025 10.931131 10.706272 10.298361 11.201777 10.059575 10.646506 9.716968 9.851384 10.948822 10.131606 10.507294 10.374504 9.942624 10.908644 9.695489 9.594048 9.085245 10.874525 10.833057 10.723131 9.718939 10.334730 10.452768 10.422177 9.721842 9.309292 10.631302 9.824998 10.618384 9.496572 9.807346 9.432439
9.691342 10.682676 11.373469 10.770554 10.198796 10.223646 10.055322 10.262347 11.123688 10.563374 10.490585 9.605739 9.976042 10.591324 9.981744 10.416646 9.858873 10.209919 11.528348 11.411033 10.715050 8.774985 10.607382 9.387691 9.846754 10.164193 10.561497 10.495799 9.778621 11.083455 10.521819 10.732611 9.688386 10.351037 9.999287 9.777350 9.993023 10.540980 10.222481 10.787635 10.825052 9.951092 9.627686 10.695295 10.696014 10.936116 10.747970 10.108563 10.339921 9.599487 10.217531 10.571506 9.700118 9.097684 9.579691 9.790412 11.275951 9.531611 10.940066 10.296550 9.890843 9.950713
10.954453 10.516145 10.948568 10.823738 10.882598 10.181758 10.077331 10.512480 10.681450 10.382730 10.510214 10.585425 10.281380 11.557122 10.439521 10.300326 10.971597 10.415812 10.722942 10.490938 10.693667 10.236810 10.415492 9.796174 10.739505 10.504779 10.416926 10.108475 9.763808 10.432848 10.950360 11.504684 10.192991 10.144122 10.631601 9.777301 9.939823 9.493897 10.240877 11.110422 10.579381 9.777240 11.094862 10.162236 10.310529 9.719586 10.829819 9.891706 9.938861 10.400662 9.823866 10.943351 10.254508 10.153449 10.225583 9.946263 10.418693 9.907687 9.929331 10.009743 10.203331 10.857004
10.361686 10.536325 10.265135 10.754919 10.389398 9.903815 10.120069 9.729484 10.376517 10.292530 10.232348 9.703338 10.687032 9.506652 10.188078 9.506109 10.015409 9.924985 9.902810 10.235959 9.781939 10.174133 9.722284 10.279892 10.012003 10.644866 10.775702 10.390957 10.175010 10.316479 10.699619 10.019721 10.283923 10.092918 10.736181 9.862414 9.711521 10.265616 11.189197 10.857089 9.707281 10.167975 10.726834 11.205873 9.753326 10.001733 9.958985 10.507119 12.095696 9.578642 10.030251 9.032654 9.383703 9.849367 10.027619 10.163707 9.150543 8.931179 10.603776 10.020895 9.486744 11.057111
10.588935 10.793595 10.322359 10.619425 10.259714 11.040009 10.510740 10.356721 10.988266 9.707499 10.349394 9.696502 10.144587 10.175895 11.216419 10.985356 9.517760 10.573661 10.529422 10.100393 10.068567 9.451465 11.218905 10.281850 9.956791 10.008326 9.274315 10.655705 10.418511 9.730073 10.790517 10.312971 11.391942 9.972540 10.382773 9.797731 10.126942 9.795424 9.979130 10.617926 10.756729 11.050115 9.162021 9.216055 10.158648 9.046287 9.837642 10.637167 10.093512 9.281299 10.261163 9.523478 10.195931 10.383745 10.055228 9.301962 10.131605 10.066377 9.161943 10.277797 9.415576 10.451915
11.719005 10.476523 10.932321 10.586629 11.512412 10.819382 10.359393 10.460678 9.572079 9.835436 9.641051 10.238197 9.472060 10.565606 9.758862 11.439607 10.678384 11.056814 10.194058 10.864743 9.980971 10.414622 11.568398 10.953816 10.552211 9.972213 9.412977 9.515179 9.740147 9.925990 10.065197 10.232464 11.643889 10.060088 10.416829 9.998926 10.124242 10.069322 9.374574 9.816215 10.596295 10.386866 11.148680 10.501645 10.375458 10.121494 9.840262 10.513831 10.613382 10.609260 9.218261 10.600458 9.062357 9.081180 9.845942 10.080719 10.169217 9.843284 10.167738 10.135741 9.751973 10.811438
10.870503 11.107025 10.262363 10.228178 10.652969 9.487068 9.798143 10.676392 10.550016 10.626931 10.085904 10.530983 11.350327 9.720205 9.606509 10.781541 9.900423 10.353530 11.346052 9.859194 10.175513 9.561085 10.085901 10.143300 9.991028 9.973924 10.524160 9.950874 9.873603 10.561212 10.650173 9.395799 9.958832 10.270708 10.235959 10.341615 10.483085 9.985318 10.420886 10.692825 10.095577 8.839718 10.845243 10.041334 9.753702 10.169048 9.520610 10.700863 9.587334 9.229502 9.651641 9.875434 10.928261 9.396148 10.265147 9.955401 9.826933 9.955749 10.402974 10.376897 10.026620 9.093761
11.224873 10.086369 10.005144 10.717322 9.752656 10.745825 11.040999 10.581257 10.609475 10.034931 9.917265 11.239436 9.808777 10.222671 10.821587 10.812725 10.622623 9.695234 10.137335 9.920345 11.160324 11.509313 10.898055 10.484108 10.948833 9.930993 10.231648 10.756451 10.169828 10.520558 10.821165 9.590347 10.558693 10.553808 9.892851 10.165886 10.314841 10.618735 9.971316 9.559099 10.786705 10.162238 10.293384 8.810922 9.271773 11.207265 10.427849 9.890273 10.558722 10.734530 9.177390 10.054527 10.576100 9.972952 9.627854 10.413087 9.934691 10.553596 9.452661 10.775879 9.972150 9.114634
10.721055 10.157891 9.313215 10.119025 10.509842 10.955001 9.769685 10.127711 10.653788 10.027523 10.620940 10.159264 9.620455 10.194667 9.647454 10.857681 10.038136 10.197112 10.575584 9.592962 10.139394 10.244650 9.916709 9.387785 10.993657 9.904051 9.625727 10.102607 10.877803 10.653033 10.284270 10.785624 8.967647 10.070400 10.434036 10.216245 9.961067 9.168253 10.141310 10.305880 9.204579 9.786355 9.299164 9.841994 10.296739 10.888133 9.508875 9.495066 10.557802 10.008443 9.581990 9.721623 9.881435 9.505901 9.276737 10.089966 10.304870 10.173001 9.835135 9.621088 10.237104 10.394060
10.461895 11.346765 10.958478 10.558093 10.125237 9.947511 10.237988 10.025042 10.177916 9.822491 11.278447 10.252707 10.990607 9.879260 9.826538 10.242287 11.466846 9.702936 10.152158 10.138599 10.601675 9.956701 10.189001 10.369715 9.803809 10.883558 10.006277 10.079995 10.917460 10.016609 9.944737 11.173408 10.437654 11.049610 10.244093 9.540180 10.332042 10.368835 9.872032 10.444760 9.301848 9.653754 9.588727 9.402921 10.804369 8.843504 9.749665 10.188363 10.468397 10.247314 10.048617 10.279743 9.121621 9.713477 10.641512 9.596911 10.308552 10.253810 10.047850 11.027663 9.627729 8.818074
