DEPONS-master/data/CentralBaltic/salinity0000_02.asc
NCOLS 400 
NROWS 400 
XLLCORNER 4750000.0 
YLLCORNER 3200000.0 
CELLSIZE 1000.0 
NODATA_value -9999 
[rows 54 to 80 of 400, columns 120 to 179 of 400]
15.922612 15.718436 16.665418 16.012627 15.731489 15.810852 16.164388 15.561582 15.862320 17.047700 15.978807 15.414237 15.736541 16.266681 15.186959 15.853829 16.754477 15.719459 15.517070 15.189586 16.021466 15.466081 16.524505 14.974709 15.878771 15.303553 16.069710 15.238615 15.790520 14.815244 15.365536 15.414855 15.360374 15.468822 14.204244 15.863870 15.673779 14.845765 14.252495 15.420624 14.799375 13.625592 14.164771 14.432000 14.941906 15.012905 14.045971 14.340298 15.350315 14.417655 14.970908 14.539409 13.648874 14.696408 14.044501 14.780645 14.486280 14.186934 12.986933 15.194072
15.030064 15.689038 16.701683 15.371266 16.352573 14.927670 14.967739 16.203178 15.771360 16.175589 15.119687 15.551077 15.245097 15.360499 15.171933 15.939202 15.082470 15.856506 15.130707 15.917730 15.067599 15.294550 15.784083 15.176725 14.690657 15.327115 15.101655 15.544713 15.043290 14.680615 14.093205 15.438986 15.289220 15.196786 15.610976 14.522169 14.833539 14.755238 14.601474 14.719608 14.835879 14.797803 14.643393 14.630456 14.263757 14.711107 14.131379 15.121986 14.745667 14.932210 14.447054 15.649887 14.740935 14.285937 14.069124 14.429799 14.972829 14.512527 13.660356 13.530791
17.122852 15.937192 16.479618 15.797933 15.635406 15.235270 15.204569 14.641931 16.337203 14.706079 15.173388 15.476886 15.386290 15.520371 15.896124 15.833602 15.560978 15.180296 15.418492 15.571730 15.838973 15.713489 15.292121 16.268328 15.579987 15.072450 15.363826 16.079989 15.095142 14.475729 15.043291 15.822671 14.949651 14.926228 15.795712 15.098836 14.602796 15.212169 14.385723 15.353776 13.851501 15.220510 14.805850 14.722932 13.869354 14.716641 14.267099 14.131086 13.727679 15.088574 13.741298 14.703866 14.926224 14.096717 13.970836 13.612506 14.140378 15.686895 14.794687 13.885290
15.677023 15.338044 15.142010 16.041814 15.478284 16.066463 15.973918 15.899382 15.360433 15.791465 16.261224 14.897819 15.675950 14.746189 14.730248 14.673995 14.420084 14.787813 15.235147 14.961289 15.699545 14.942125 16.512242 15.124112 15.516299 15.181305 15.309233 15.590203 14.976598 15.209365 15.347372 14.891479 14.890136 13.920934 14.795427 15.519053 14.139851 15.185825 14.754970 14.720901 14.529180 14.832212 14.795165 15.423127 14.884486 14.155407 15.251716 15.068953 14.749529 15.502462 14.135028 13.916284 14.557464 13.621329 14.873149 14.214897 14.284017 14.168630 15.322519 13.542671
15.915926 15.231017 14.816319 16.452849 15.931977 15.107723 15.448815 15.652567 16.655724 15.399574 15.801731 15.233323 16.566636 15.868393 15.417902 15.687881 15.131568 15.981719 14.963895 15.555149 14.718896 15.507485 14.743732 15.634878 15.013517 14.739965 13.934709 15.951687 14.145918 15.506943 14.770364 14.588000 15.545472 15.257106 15.068131 15.187422 15.092015 15.659423 14.725300 14.982404 14.125189 14.785064 14.772152 14.807555 13.989758 14.792134 14.359762 15.132333 14.083824 14.872560 13.778105 14.465715 14.211416 14.323458 14.521059 14.145184 15.432721 14.412716 14.038896 14.046397
15.931103 15.695363 15.523952 15.195720 15.726135 15.516700 15.861540 15.148022 15.550329 15.902129 15.342978 15.475081 15.375372 15.236862 16.050525 14.997755 14.765072 15.533977 15.543320 14.900372 14.707909 15.245052 14.968070 15.177709 14.636486 14.446656 15.956460 14.845209 15.847808 14.754952 14.794565 15.290229 15.828081 15.585314 16.033940 14.890687 15.513874 14.894656 14.232220 15.339271 14.360516 14.944369 14.311744 14.517716 14.490094 14.968183 15.329699 14.237823 14.952587 13.554944 14.724247 15.122584 13.924425 14.251343 14.566293 14.710886 13.690973 12.930576 15.080042 14.325040
15.658666 15.681487 16.121574 15.493340 14.695529 15.464582 15.694521 15.583261 15.508901 15.342618 15.786147 15.129763 15.730793 16.378774 15.982172 14.385084 14.974042 15.923046 15.202783 15.127472 14.045432 15.125593 15.004172 14.737374 15.180015 15.196250 15.003661 14.870704 14.676714 15.493881 16.021834 14.842476 13.626631 15.471119 14.990845 15.250278 14.874126 15.610288 15.050575 14.636658 14.791178 14.203580 15.055203 14.843587 14.544900 14.676840 13.901499 14.317935 14.840658 14.490049 14.774621 14.720342 14.495571 14.669532 14.548813 14.732473 14.566067 14.056878 14.454565 13.970883
15.393101 16.283384 15.650533 15.284036 15.503163 15.345174 15.014977 15.441502 15.353575 15.630360 15.676247 16.015475 16.192763 14.972517 16.504685 15.039106 15.830776 14.610462 14.730312 14.799165 14.269867 16.061870 15.384441 16.020568 14.582323 15.655444 14.538346 16.123615 14.099612 15.305261 14.948311 15.390349 13.492731 15.234625 15.179531 15.093799 15.073686 15.300353 14.768577 14.734384 14.533481 14.049184 14.430717 14.661615 15.173631 15.478467 15.630435 14.193923 14.789995 14.743403 14.254133 14.582323 14.225500 15.308940 14.236730 13.835624 14.121639 14.241483 13.959742 14.739662
15.330364 16.026093 15.662919 14.795200 15.885547 16.201759 14.884565 14.421013 15.792866 15.500020 15.834171 14.640041 15.736926 15.281434 15.475704 15.549057 16.563012 15.622149 16.018708 15.659281 15.225340 15.136455 15.063009 14.771487 15.477953 14.869394 15.551610 15.534447 15.949229 15.202758 14.048082 15.248123 13.652976 14.768650 14.362633 14.431046 14.991701 15.067625 14.615638 14.814293 13.880850 14.528924 14.283084 14.529402 14.867095 14.339126 14.758993 15.030164 13.557034 14.646296 14.418285 14.475623 14.580946 15.282276 13.975375 14.497889 13.134522 14.141600 14.022430 14.171807
15.686100 15.596601 15.932470 15.656454 15.923193 15.116705 15.192497 15.188450 15.610266 16.079267 15.672756 15.076492 16.708288 16.004284 16.019713 14.713953 15.107655 16.018097 14.571253 14.427642 15.180185 15.947426 15.450471 15.241943 15.437240 15.090425 14.310450 15.072641 14.686823 15.344521 15.271516 15.292194 14.888444 15.367222 14.233115 14.296542 15.000685 14.899114 14.858843 15.493991 15.422367 14.731489 14.064483 15.281844 15.338426 14.887716 14.740419 15.075562 14.375007 14.029554 14.699807 14.551145 14.369860 14.460050 14.236415 14.424041 14.243707 13.736443 13.635681 14.195330
16.221555 15.639516 15.708383 16.037945 16.046868 15.299328 15.257384 15.181279 15.105363 14.320961 14.587764 14.348294 15.325905 15.225999 15.085623 15.809790 15.410098 14.843356 14.319822 15.105785 14.714565 14.595279 15.132380 15.166577 15.219417 15.333556 14.537130 15.188567 15.276152 15.635591 15.329810 14.870144 15.752534 14.811213 14.173547 14.686251 13.359555 15.002207 15.637918 14.724573 14.077297 15.372715 14.424932 14.138363 14.710248 14.657229 15.119845 14.993607 14.223922 13.912744 13.785661 14.507717 14.654417 14.347228 15.835907 13.885100 13.437092 14.115417 14.111125 15.008478
16.315042 15.504702 15.466189 14.617848 15.453703 15.655799 15.594593 15.456127 15.696360 15.487791 14.914761 16.970396 14.676064 15.634278 15.349161 15.240572 15.437841 15.061668 15.852417 15.146548 15.347914 15.126253 15.290517 14.896137 15.751229 13.781791 14.437289 14.208497 15.128258 15.519147 14.141863 14.926230 14.654569 14.955013 14.245804 14.817676 15.088255 14.892621 14.704434 14.783209 14.510272 15.299519 14.203211 14.881645 14.122895 13.213906 14.610058 14.731017 14.561689 15.405417 14.131453 15.315936 13.572403 14.064716 14.477699 14.720587 14.155610 14.244102 14.343779 14.040486
15.677578 14.727793 15.777573 14.977785 15.676951 15.044745 14.367601 15.494365 15.469730 15.116410 15.385727 15.544629 16.134981 15.659766 15.362586 16.112791 14.722777 15.006956 14.298499 14.908846 15.197879 14.835326 13.680751 15.488955 15.190027 14.854036 14.468028 13.722922 15.007489 15.335577 14.159393 14.575689 14.906525 15.403072 15.502344 14.791246 14.982270 15.915824 14.388180 14.282468 14.088411 15.029666 14.965579 14.983159 13.152171 14.809428 14.024149 14.289302 14.579644 14.279574 13.774162 15.178209 14.081981 14.109145 14.870642 14.854241 14.805915 15.422810 14.443524 14.620495
15.360527 15.482848 15.991535 15.797139 16.320745 15.285972 15.797705 14.808700 15.840548 15.713906 15.107072 16.346925 14.765343 15.657195 14.965291 14.545150 15.313775 15.094612 15.813319 15.672445 14.770205 14.266879 13.977514 15.375593 14.522156 15.493130 14.623751 15.086804 15.532401 14.792959 15.314408 15.018057 14.943389 14.791067 13.691233 15.681381 15.508562 15.384956 14.373440 14.979228 15.400474 14.539666 14.776973 14.621196 14.048450 13.777277 15.532095 14.129292 13.976862 14.646860 13.791433 14.887370 14.772236 15.141504 14.818009 13.820869 13.983791 14.300168 14.590696 13.670465
14.516000 15.246601 16.343111 16.515745 15.639636 15.474354 14.901608 14.721480 15.374671 15.418076 15.091111 14.281585 15.486596 14.989338 15.349703 14.482842 15.800861 15.795520 15.079665 14.862955 14.991284 14.219246 14.703179 15.013041 15.055182 15.127253 15.419710 16.058723 15.542102 15.791996 14.659367 14.439725 14.764305 14.867684 15.090087 14.712748 14.728243 13.825228 14.366663 14.026224 14.598012 14.335252 14.042749 13.759540 14.639904 14.508744 13.928097 14.055947 13.944174 14.631180 14.533323 14.193359 14.358187 14.205633 14.422902 14.307709 14.462023 14.245780 14.563571 14.645155
15.832432 14.792354 14.949110 15.563962 16.101490 15.182525 15.183511 14.984945 14.958435 15.447911 14.778403 15.266895 14.806164 15.650228 15.553353 14.787000 15.116845 14.460232 15.299357 15.224812 14.925851 16.177683 15.535536 15.067323 15.458671 14.388426 15.397988 14.934987 14.548472 15.368048 14.793132 13.762788 14.943779 14.798943 15.538982 14.333307 14.683592 14.698140 14.137540 14.521707 14.549371 14.369631 13.604071 14.330213 14.029832 14.205601 14.258824 14.592090 14.196527 13.837461 14.578976 14.064968 13.879426 14.106349 14.062372 14.175626 13.806377 14.489223 14.350547 14.111375
14.737144 15.257011 15.164846 15.503920 15.419196 16.230361 15.559535 15.349873 15.476462 15.932491 14.604392 15.241324 15.902745 16.070940 15.576219 15.420649 14.488542 14.121142 14.658406 14.877704 14.985390 14.693520 14.662491 14.764219 15.339978 14.726229 15.438800 15.564794 14.834062 14.670232 14.069074 14.455676 14.805489 14.001617 14.940293 13.914292 14.475251 15.060847 14.850516 14.854486 14.865839 15.192331 14.231674 14.556005 14.406197 14.922258 13.735652 14.038110 14.230405 14.612389 15.149436 14.542835 15.524566 15.053821 13.993947 15.119290 14.050977 14.287332 14.063529 13.965421
15.722775 14.768069 15.652574 14.477870 15.136229 16.069684 15.725130 15.120538 15.468263 14.599770 15.023210 15.157021 14.999258 15.404421 14.752565 14.005741 15.193496 14.448686 14.564481 15.129654 15.063369 15.232219 14.985015 15.287989 15.477772 14.952875 14.886229 14.724936 14.193343 14.904084 14.469710 15.497300 14.301579 13.669763 14.641617 15.437703 14.938611 15.061174 13.708748 14.525999 15.008443 14.612531 14.712147 14.170813 14.241690 14.784925 14.245231 13.680864 13.915066 14.758656 14.361447 15.378654 13.809019 14.491419 13.451384 14.319770 14.547236 13.869543 14.339041 14.163441
15.227269 14.962245 15.929772 16.760781 16.358708 14.902153 15.337970 15.180500 15.742065 14.622576 15.145797 15.574718 15.098631 15.232938 15.139875 14.945562 15.973570 15.612428 15.645129 14.513119 15.653277 14.138205 14.662523 14.645697 14.390115 15.001190 15.053488 14.393687 15.494169 15.183810 14.569191 15.318660 14.761635 14.214936 14.579142 14.815512 14.615479 15.253488 14.782187 14.822683 15.369603 14.787105 14.502761 14.002952 14.882692 14.161443 14.276195 14.386866 14.704670 14.973192 14.912286 14.684070 14.437678 13.388720 15.237440 14.290265 14.055657 14.130917 13.904015 14.779304
15.259397 16.211385 15.580876 15.052629 15.261490 16.416244 15.667684 15.586369 14.891670 14.690469 15.337635 15.375391 15.158924 14.815774 15.372120 15.150181 15.306851 16.094027 15.559496 15.989082 15.638865 15.096263 14.291865 15.335401 14.514943 15.744433 15.135018 14.928071 14.726784 14.947326 14.893500 14.609236 14.240986 14.805725 15.199272 14.841417 14.414016 14.012490 14.064063 14.365011 15.093838 15.185270 14.796792 14.618491 13.540267 15.474772 14.240905 14.752711 14.743995 15.283868 14.224418 14.674432 13.764232 14.201364 14.391982 14.417817 13.594708 14.803952 15.031160 13.837568
16.058578 15.301208 15.065784 15.978665 15.159395 15.244139 15.026564 15.971733 15.921476 14.988360 15.148569 15.324269 15.071858 14.464277 15.601800 14.818397 15.659875 15.116435 15.750324 16.017492 14.863004 15.234031 14.473650 14.697684 14.432241 14.000726 14.506305 15.574107 15.022528 14.945536 14.587775 15.543816 14.537611 14.926803 15.422627 14.164178 14.843630 14.781927 15.426462 14.604789 15.029584 13.491536 13.964663 14.016822 14.788782 14.413949 13.799340 14.320059 15.013670 14.498752 14.104134 14.014001 14.087457 14.378839 14.889293 14.082983 14.617060 14.418049 13.195153 14.030144
15.238807 15.503169 15.291531 14.759172 14.748202 15.189622 15.874529 15.579692 15.007468 16.022501 14.953132 14.981364 14.612064 17.067067 15.085471 15.077198 15.772937 15.150006 15.156057 14.677927 14.814207 15.456891 14.481179 15.243070 14.631872 14.746993 15.130201 14.608534 15.181032 14.594838 13.503967 14.869193 15.343049 14.086615 14.477801 14.123626 14.726779 14.074377 13.372495 14.339218 14.610312 14.595879 13.400202 14.299826 15.139943 14.172536 14.270908 13.525509 14.635293 14.147578 14.581283 14.379273 14.145954 15.107244 13.305937 14.772389 13.777993 13.757194 13.375466 13.621781
15.244906 15.245282 15.367182 15.456150 15.604320 15.665319 15.764131 14.890519 15.870801 14.702748 14.956405 15.146021 14.399467 15.562383 14.919108 14.975209 14.445211 14.777545 14.639674 15.973576 15.174209 14.850821 15.589020 15.207196 14.563867 15.586963 14.773114 14.460332 15.294141 13.955269 14.744796 15.236246 14.874267 14.505618 14.448716 14.916029 14.189034 14.655003 14.060448 14.419378 14.710445 14.447508 14.504961 14.547690 14.489025 14.894672 14.248067 13.979728 13.751862 14.284652 14.327539 15.170489 13.675743 13.676331 14.131721 13.754448 14.031244 14.456693 13.673177 14.038388
15.817983 15.549293 15.728590 15.165938 15.067902 14.977285 14.856282 14.231214 15.853043 14.531164 15.664669 16.017041 14.532186 15.188233 15.223455 15.049711 15.002602 15.509871 14.944596 15.040930 14.796533 14.860218 14.080910 14.798279 16.032381 14.933296 14.265964 15.097510 15.308399 15.305554 14.484502 14.471100 14.823958 15.151544 14.008293 15.344613 15.399776 13.887223 13.696474 14.615917 14.390303 13.913892 14.911747 13.494805 15.211939 14.184993 14.628355 14.499030 14.460481 14.117255 13.887608 14.041988 14.064639 13.967365 14.384498 15.076544 14.334682 14.333775 14.144528 13.799884
15.119948 15.217134 14.569205 14.630751 15.286465 15.755246 15.488704 14.992267 15.446143 14.880816 15.254422 15.701216 15.631085 14.568034 14.985856 15.533453 14.328192 14.682247 14.731337 15.978277 14.679006 15.148917 15.486128 14.825923 14.281739 14.708845 14.501751 15.312998 14.567440 15.565441 14.784944 14.671127 15.344711 14.535408 14.425504 14.673575 14.321196 14.826830 14.450458 14.247715 13.854708 14.974745 13.814701 14.515507 14.475836 14.292876 13.328554 14.413296 14.123394 14.006709 13.860300 14.247546 14.640600 13.281429 14.294543 14.680585 13.557368 14.965466 14.029745 14.351962
15.793751 15.444117 15.332612 15.618441 14.853215 14.993653 15.660765 15.414624 15.156001 14.126835 14.582818 15.104623 15.031909 15.912594 14.541662 14.573445 14.529521 14.162634 14.719548 14.735346 15.522911 13.963158 15.246336 14.385276 13.441003 14.503820 15.212747 15.149185 14.454382 14.502819 15.201949 13.949601 14.353045 14.944342 14.126134 14.965188 14.489639 14.505462 14.232794 14.352394 14.091451 14.337917 13.817478 12.878333 14.952991 13.362859 15.100351 14.350208 14.078632 14.416640 15.417216 14.529657 14.596296 13.552690 14.728477 14.303314 13.897009 14.161273 14.349332 14.545552
15.686683 16.449958 14.675067 14.957329 16.226561 15.045062 15.621592 15.639589 15.647917 14.555135 15.873509 14.887216 15.503211 15.266759 14.340271 15.569164 14.111697 14.441377 14.212412 14.647815 14.904888 15.506286 14.873416 14.807242 15.082620 14.589620 15.000907 14.294460 14.667487 14.107669 14.180782 14.927259 14.769600 14.844212 14.332620 14.623742 14.068406 14.293831 14.763866 15.074859 14.242945 14.709894 14.080276 14.299842 14.923005 14.452315 13.594879 13.705007 13.296687 14.764564 13.925914 13.849161 15.350299 14.022750 13.912317 14.412862 13.096681 13.409383 13.961153 13.850385
