DEPONS-master/data/CentralBaltic/salinity0000_06.asc
NCOLS 400 
NROWS 400 
XLLCORNER 4750000.0 
YLLCORNER 3200000.0 
CELLSIZE 1000.0 
NODATA_value -9999 
[rows 56 to 83 of 400, columns 310 to 371 of 400]
9.753828 7.980472 7.980157 8.571526 8.969978 8.651115 8.250526 8.699996 8.843134 8.997109 8.781582 8.874923 8.123659 7.689601 9.057336 8.127163 7.880156 9.014481 7.310637 8.063385 7.460681 8.417072 8.391564 7.836753 8.000031 8.608921 8.117117 7.719024 7.523442 8.107939 8.767843 8.273593 8.665391 8.044958 7.735304 8.547390 7.777705 7.990567 8.016692 8.828246 8.140215 8.552467 8.157402 7.763354 7.333076 8.519209 7.313816 7.502495 7.230926 8.007941 7.007835 6.991449 7.542602 7.477780 8.928730 8.454819 7.274993 8.162801 7.216486 7.753486 7.669179 7.522194
7.938920 9.128746 8.213902 8.378166 8.519092 8.481525 7.775706 8.898775 8.339410 7.411029 8.383967 8.960332 8.463147 7.637381 8.187763 7.965948 8.603691 8.271572 8.916381 8.075301 9.099628 7.936070 9.114599 8.534897 7.130317 8.956455 9.216864 8.094529 8.659618 7.711431 8.067379 8.299524 8.070534 7.066713 7.023672 8.537845 7.868547 8.249554 8.444973 7.927670 7.643219 8.499064 8.405634 7.980252 9.035728 7.230139 8.477776 7.915883 7.971139 7.707400 7.367838 8.892968 7.164833 7.394180 7.353057 7.260804 7.360541 7.604385 6.746522 8.327063 6.104821 7.899477
8.147825 8.773898 7.814525 8.177055 7.340497 7.765623 8.652782 8.140306 8.917272 7.697680 8.873917 8.377330 8.105787 8.177157 7.846253 8.315791 8.561353 8.406532 7.274432 8.361879 9.145235 8.392102 8.676313 7.649159 8.783151 7.842460 8.991176 7.667768 7.840243 8.153432 8.122805 7.816432 7.705451 8.507242 8.211569 7.771653 8.123278 7.980768 7.641832 7.641200 7.396698 7.583555 6.943607 7.912852 7.509047 8.621394 7.494111 8.826839 8.151756 7.787606 8.019002 7.130753 7.611614 7.586260 7.184924 7.823640 7.954199 7.815842 8.467461 7.331777 7.413026 7.368018
9.402226 8.148058 7.890657 8.830250 8.500335 8.691329 8.318813 8.482070 8.991315 8.025637 8.180152 8.060839 7.796040 8.765508 8.464642 8.684096 8.643229 9.418127 7.754123 8.135433 8.163083 7.667868 8.832158 7.282803 7.571083 8.173346 7.025869 7.851878 7.314859 8.749033 8.200310 8.251742 7.766440 8.356062 7.434193 7.492541 7.699699 8.366656 7.952948 8.161294 7.285202 7.986422 7.885001 8.164432 7.627146 8.045954 7.964766 7.172313 7.967089 7.717070 7.257011 8.196327 7.346414 8.138096 7.971868 7.860382 8.266859 7.516161 7.044408 7.341422 7.554481 7.504586
7.729676 8.872725 8.551286 7.838780 7.987939 8.914649 7.584607 8.386674 8.309365 7.736398 7.887748 7.521923 8.034396 8.692540 8.747438 8.896517 8.501526 7.942137 7.757094 8.028901 7.801573 8.077711 7.554646 8.962633 7.608843 8.196150 8.598733 8.399258 8.490429 8.120744 7.336712 7.833999 8.113904 7.345617 7.977561 8.660055 7.748239 8.464357 7.561884 8.004484 8.054369 7.498269 8.187042 8.231012 7.798030 7.425797 8.647181 7.590833 7.550730 7.401268 7.984858 7.979465 7.910734 7.632563 7.783036 7.183028 8.006828 7.500804 7.203812 7.138431 7.446678 7.224958
7.945457 8.521766 8.729406 7.767594 9.587077 9.298887 8.043769 8.775372 7.722445 8.396129 8.575212 7.862679 7.935500 8.498749 8.396719 8.205370 7.838327 8.118501 7.824733 8.432718 7.485364 7.289501 7.434874 8.654230 8.354390 8.467072 7.342783 8.348615 8.235364 8.238080 7.800413 7.864591 8.109678 8.117375 8.736856 8.442202 8.694413 7.535157 8.258494 8.354347 8.332045 7.240095 7.478434 7.809807 7.891466 8.060018 7.491426 7.821239 7.975565 8.234621 8.010879 7.655500 7.287448 8.056929 7.033779 7.410605 7.189393 7.151104 7.385233 7.660763 6.892640 7.198095
8.674446 8.325680 8.433014 9.078173 8.722115 7.982376 9.097383 7.507361 8.316218 8.006409 8.705807 8.547131 8.283408 8.543807 8.157689 8.317725 7.595998 7.603885 8.418692 8.382343 8.906896 8.297702 8.988686 8.858042 8.131192 7.499591 7.266897 8.359932 6.788095 8.440217 7.448111 8.129640 7.131559 8.796716 7.017761 8.461063 9.231683 8.466399 7.182412 7.790311 7.642411 6.974419 7.297536 8.079919 7.835672 7.507698 7.675194 7.989023 8.953893 8.114507 7.997839 6.689118 6.769437 8.643640 7.706317 7.301086 8.176883 8.232866 6.971640 6.602422 8.111235 7.080780
8.952018 8.881144 8.791291 8.436834 8.632835 8.733663 9.085121 8.278052 7.710220 8.834735 8.799018 8.327442 8.461764 7.995107 9.149807 8.614870 7.914791 7.853824 7.643373 7.429483 7.761735 8.247970 8.524897 8.363088 8.583137 7.845803 8.390145 7.961203 8.780924 8.016608 7.517656 7.571084 7.737158 7.401254 7.697299 8.503236 8.387930 7.955097 8.815887 7.986244 8.077513 7.314451 8.173416 7.402652 7.458864 8.023879 7.156836 8.448184 7.458806 7.703948 8.084931 7.314632 8.397486 7.327859 7.231951 7.836565 7.812287 7.345076 7.132138 8.597741 6.761351 6.939839
9.156072 8.820026 8.320210 8.304078 8.023088 8.339260 9.354794 8.605624 9.003726 8.386478 8.295109 8.723385 8.539140 8.850814 8.477198 8.203229 8.398142 7.960646 7.840066 8.981108 8.381886 8.285189 7.809879 7.558981 7.953177 7.344376 7.931338 7.816089 7.882714 7.964161 8.557833 8.527585 9.090876 8.741416 8.166283 7.708591 9.342016 7.796302 7.381725 8.208213 7.888198 8.715014 8.269459 7.634279 8.589730 7.516174 7.858075 7.224030 8.236755 7.330824 7.925386 7.853402 7.410828 6.956727 8.312726 6.885152 7.349784 7.572295 7.708433 6.438196 6.992005 7.748029
9.095533 8.524119 8.566945 7.847236 8.363498 8.220772 8.522435 8.994931 8.620771 8.187268 8.662668 7.263500 8.390400 8.529756 8.319878 7.235052 8.439981 8.353733 8.393665 7.966874 8.188902 7.226533 9.241851 8.832786 7.650619 7.883379 8.036350 7.196587 7.990164 8.116867 8.404867 8.215981 7.139302 7.569454 7.791456 6.946433 8.294395 7.178790 8.064658 7.485554 7.968743 7.423179 6.724176 7.201567 7.812429 7.737925 7.835035 7.160615 7.701262 7.828438 6.954358 7.607663 7.480699 7.223708 7.196839 6.644916 7.133937 6.956522 7.794314 7.109253 7.780659 7.741722
9.610950 8.523366 8.497696 8.812111 8.752216 8.486952 8.545873 8.669792 7.808602 8.106315 8.999299 8.148353 7.383993 9.225719 8.306296 8.465337 8.900009 8.071890 7.709577 7.673234 8.715911 7.422672 8.469537 8.404269 7.238201 7.646667 7.940488 6.811712 8.119917 7.156199 7.753814 7.996914 8.182799 8.867372 8.040757 7.858444 7.213712 8.022443 7.748320 8.458165 7.394457 7.668870 7.592356 8.235536 8.111706 8.255948 7.296186 7.899263 7.886725 6.651136 7.610573 7.271971 8.081567 7.537535 7.829001 7.638404 6.832971 8.282008 7.359934 8.668358 7.000311 7.728772
7.990777 8.031270 8.638911 7.775439 8.604473 9.535487 8.878327 8.427394 7.776736 7.810404 8.251237 8.418195 8.346875 7.573578 8.318414 8.035693 7.347810 8.239668 7.710078 8.790588 8.372565 7.701969 7.428710 8.321118 8.479307 7.899805 7.816901 8.467633 9.383635 7.645542 8.311442 7.154455 7.848147 7.744141 7.688461 8.124240 8.542664 7.573146 8.516575 8.130031 7.346097 7.804589 7.911700 7.483819 7.705987 7.765995 7.653865 7.569705 7.695325 7.139949 7.219257 8.434658 8.367761 7.097694 7.533667 7.567685 7.140481 8.134833 7.046916 6.866958 7.067601 7.601656
8.136455 9.545584 9.224787 7.900709 8.591599 8.537012 8.532613 8.668082 9.135620 7.789288 8.172040 8.946924 7.510398 8.565023 8.258092 7.917479 8.616361 8.136735 8.082348 8.428271 9.081022 8.141638 7.681323 7.373402 7.175238 8.285227 7.943742 7.245878 6.848462 8.119344 8.438438 7.691952 8.417386 8.682525 8.922617 8.308967 8.436498 7.536107 7.946602 7.902315 8.442273 7.455971 7.685391 8.383910 7.290416 7.705880 7.980077 7.782422 8.010959 8.288073 7.850187 7.787337 7.642453 7.440063 7.284020 7.465386 7.397954 7.113902 7.037589 6.908085 7.002079 7.468598
8.742586 8.214478 8.131985 8.516490 8.847004 7.722729 7.476359 8.679923 8.984510 8.423427 7.869881 7.885355 8.656634 8.317126 8.023649 9.327176 8.489649 8.332161 7.763400 8.363843 8.510497 7.893789 7.851923 7.921293 8.565663 8.520177 7.802352 8.190329 8.650418 7.845957 7.929699 8.231062 7.971323 8.635876 7.563245 7.624340 7.475352 7.434201 7.432769 8.091099 7.952094 8.211749 7.328429 7.565722 7.974967 7.994203 7.614140 7.187004 7.955086 7.438600 7.588465 7.133346 8.250715 7.380979 7.783091 8.041042 6.504432 7.203359 7.439833 7.766580 6.859402 6.935414
8.350879 8.200147 8.439336 7.896861 8.154367 8.157463 8.684549 7.819559 8.056436 8.435434 8.033860 8.573156 8.950038 8.154873 8.616979 8.571512 9.845352 7.587690 9.210862 7.792217 8.136582 7.978964 7.324447 8.338395 8.538834 8.393717 7.721795 8.533112 7.870483 8.190415 7.691502 7.511063 8.427771 7.814568 8.104395 7.156767 8.409040 7.652860 7.545841 8.064337 7.865268 7.073739 7.826549 8.029143 7.574369 7.020427 7.310315 8.537545 7.797842 7.769461 6.871699 8.237629 8.227211 7.545385 8.052223 7.469526 7.563085 7.573269 6.789207 6.916711 7.803189 8.095129
8.788433 9.266748 8.410793 9.361794 9.040721 9.320706 7.951250 8.675389 8.476569 8.189900 9.262601 8.229592 8.885077 8.410208 7.558059 8.311209 8.338262 8.142080 8.980840 7.337817 8.339917 8.135989 8.493455 7.705084 8.071472 7.680718 7.055830 8.518315 8.712692 8.816285 8.160963 8.559732 7.655090 8.175924 8.253963 8.146126 8.444127 7.092290 7.822709 8.488702 8.117894 7.539314 8.059476 7.564912 7.483797 7.862255 7.604412 7.566474 7.293417 7.437222 7.498610 7.579036 7.833085 8.441026 6.925327 7.116041 7.916924 8.297677 7.383058 7.479748 7.233095 7.345749
8.424117 8.246269 7.806565 8.630208 8.163220 8.581698 8.249871 8.204585 7.425649 8.240359 8.995296 8.049857 8.231708 7.270406 8.610760 8.133387 8.101464 8.087283 7.478314 7.603464 7.537895 7.823036 8.208494 8.176517 7.687266 8.521817 7.684626 7.537330 7.988759 7.815214 8.997481 7.808760 8.458222 7.853917 8.473890 7.807909 7.816768 7.581526 9.089896 7.556493 8.244930 8.250406 7.283772 7.526124 7.495370 7.979795 7.973735 8.121633 7.262212 8.249062 8.266105 7.702266 7.368588 7.573037 7.835753 7.045144 7.803254 8.174633 8.026683 7.716183 6.780890 7.303622
8.740480 8.681604 8.186916 8.082526 8.870570 7.615750 7.963705 8.439306 9.470674 8.830845 7.651447 7.565165 7.834228 7.931657 8.194796 7.477289 7.989749 8.446469 7.090517 7.691151 8.058880 7.502249 8.273534 7.236196 8.056826 8.434511 6.795330 7.999912 7.382932 8.449462 8.747097 8.303046 8.128666 7.225197 8.387373 7.249827 8.038271 8.577922 7.617437 7.532465 8.215065 7.393751 8.014913 8.602000 7.504506 8.515593 7.594594 7.707680 6.519151 8.182272 7.048929 8.046817 7.569599 7.151252 7.642971 7.614493 7.389342 7.491645 7.544194 7.318821 7.265117 7.305289
8.364237 8.115912 9.577511 8.229460 8.855268 8.366257 8.921494 9.519984 8.900692 8.171395 7.273875 7.593962 7.996327 8.059585 7.636843 8.169379 7.652294 8.384686 8.022000 8.442788 9.082928 8.411135 7.491474 7.966237 7.504110 6.991714 7.829309 7.695793 8.911845 8.102668 7.120244 7.964850 7.847069 6.790270 8.109473 8.433569 7.541182 7.809236 6.965917 7.872929 7.593600 7.958122 6.794881 7.031288 7.848725 6.901018 8.011862 7.486753 7.110050 7.851868 7.952919 8.391807 7.292269 7.598005 7.256155 7.789667 7.490484 6.857535 7.581531 8.232251 7.375796 7.899498
8.175897 8.950915 7.489142 8.556444 8.395951 8.060571 8.907243 8.872411 7.933757 9.016948 8.611773 8.736831 8.238407 8.094926 8.470665 8.693514 8.540539 7.822615 9.148963 8.295663 8.753665 8.442776 9.328137 8.661368 7.483929 7.920936 8.785129 8.432947 8.191742 7.758630 8.649477 7.069876 8.412461 8.554057 7.698471 8.273270 8.742187 7.782976 7.820891 7.897065 7.238312 6.966687 7.177343 8.038338 7.731740 7.489128 8.124781 8.094944 7.784156 7.300701 7.558013 6.979303 7.788738 7.947539 7.982138 7.099892 8.101931 7.832495 8.356612 7.301869 7.855806 7.995162
8.899886 8.441083 8.122852 9.366799 8.412594 8.597290 8.117897 7.994986 7.927179 8.186667 8.629925 8.751374 8.913717 8.525912 8.717757 8.218482 8.373267 7.975550 9.042188 8.174760 8.099326 8.665193 7.923710 8.865355 6.984173 7.333041 7.324474 8.248255 8.230932 8.555130 8.805763 8.388429 8.638580 8.876557 8.148338 7.225587 7.912098 8.607506 7.548173 7.600434 8.629919 8.040961 8.997936 8.022910 7.943803 8.283422 6.877518 8.068733 7.066140 7.304961 7.517037 7.896662 8.307631 9.005891 7.497510 7.169825 7.456869 8.268052 7.215440 7.679047 6.547623 7.037743
8.267705 8.794880 9.462653 8.099056 8.036035 8.078837 8.540016 8.732107 7.511363 8.660278 9.236201 8.852986 7.424561 8.229979 8.094759 8.023314 7.839131 8.570182 8.015844 8.894724 8.668321 8.824020 7.072212 7.413456 8.382914 8.070354 8.309939 8.377926 7.594868 8.025561 8.240535 7.259781 7.856903 7.664225 7.316920 8.232147 7.922432 7.244439 8.857842 7.646862 7.364413 8.552614 8.669463 7.510208 7.223783 8.622954 7.412741 7.897914 7.204971 7.768350 6.947254 7.819230 7.422167 7.192047 7.336695 7.607536 7.019814 7.127081 7.912993 7.148488 8.264178 7.296936
8.862239 8.348306 7.931958 9.039622 7.882415 8.785538 9.435679 8.923733 8.074466 9.257230 7.820976 8.965130 8.297656 8.889718 7.997385 8.489040 7.797380 8.427191 7.972316 7.626178 8.921832 8.258995 8.649524 8.043651 8.065067 8.210875 7.798676 7.905998 8.686850 8.125120 7.384170 7.609653 8.971597 7.177189 6.623620 7.697545 7.578181 7.119926 7.836015 8.079477 7.994173 7.549987 8.376127 8.430625 8.162282 6.945913 7.902817 8.258463 8.069455 7.954171 7.522921 8.217458 7.018464 6.849247 8.190727 7.036180 7.247874 7.206647 8.038904 7.283219 7.681946 7.505854
9.502367 8.920082 7.457635 8.820608 8.753022 8.674324 8.964148 8.640487 7.675285 8.304777 7.948670 8.656738 7.434825 8.151700 9.226069 7.541532 8.245013 7.110916 8.660243 7.368894 8.723199 8.785641 8.296230 8.557201 8.163774 7.793782 7.598676 8.449837 9.014732 9.043775 7.832826 8.242126 7.837404 8.187941 7.493654 7.526034 7.390814 7.488332 7.908253 7.639124 8.251188 7.893497 7.794031 7.716890 7.560777 7.814280 7.799207 7.259699 6.896714 7.126157 8.174799 7.570919 7.692999 7.078738 7.788960 7.071502 7.416528 7.159584 7.196564 7.849015 7.951046 7.039537
8.178352 7.940909 8.445679 8.346643 7.862795 8.531996 8.154439 8.890181 8.839150 8.280071 8.274134 8.538491 7.802730 8.337958 8.533206 8.719292 7.964556 8.819822 7.829411 8.346880 8.714995 8.784926 7.286629 7.874152 7.655183 8.728063 8.153154 8.279885 6.437057 8.048765 8.605841 8.894608 7.644811 7.663280 6.905071 7.705299 8.618723 8.474138 7.876338 7.488359 6.939320 7.765087 8.028239 8.032807 7.967059 7.576153 8.516895 7.568408 7.034634 7.905763 7.262546 7.283131 6.775229 7.158447 7.063083 7.658896 8.270855 6.791481 6.927400 7.795348 7.960185 6.547420
8.056563 9.149005 8.451327 8.282884 9.656949 7.515114 9.213267 8.117540 8.752535 8.254225 8.327124 8.331789 7.557741 8.448649 7.668241 8.508076 7.880902 7.959575 9.116969 8.456419 7.434220 8.370932 7.849852 8.386317 7.978777 8.089950 7.826685 8.035941 7.628797 6.699391 8.008230 8.179878 8.518031 8.334710 8.259998 7.857626 6.741634 7.666962 7.980233 7.638379 7.424768 8.043674 7.934449 7.955920 9.113365 8.246293 7.686257 7.446921 7.477862 7.541678 6.864860 8.471037 8.003870 7.721445 6.919308 7.570964 7.153013 7.866328 7.368438 7.659822 7.393586 7.803552
8.943050 8.677691 8.970595 8.681711 7.229070 8.166139 8.693640 7.451308 8.777433 8.460526 8.552582 8.836693 8.470903 7.758644 8.380864 7.621961 7.652585 8.222641 8.095171 7.379373 7.754045 7.985303 8.516548 7.134806 8.173228 7.890923 8.552381 8.503490 7.902263 7.456914 7.779030 8.224650 7.093642 7.939598 8.056510 7.818130 7.857782 7.415303 8.177674 7.397787 8.295745 8.093094 6.213414 7.701322 8.037508 8.493631 8.129627 8.119721 7.321499 8.466913 7.202636 8.467658 7.922522 8.424535 7.104102 6.989393 8.102791 7.670393 7.964148 7.851330 7.726370 6.848031
8.269869 8.643049 7.154905 8.883595 7.995504 8.238397 8.730230 8.076945 8.338496 8.432281 8.111598 8.565977 8.822538 8.415234 8.275635 7.669283 8.084724 7.644533 8.335937 8.961723 9.017230 7.705302 8.278198 8.116886 8.130440 7.009488 6.667914 8.765463 8.545172 7.959117 8.293867 6.810606 7.988206 8.299987 8.467787 7.718063 8.283205 7.313231 7.896858 8.421159 7.374765 7.175779 7.694796 7.322017 7.894298 8.223778 7.094866 6.899414 7.282698 7.787118 7.709742 8.005013 8.113092 7.061131 8.250944 7.082143 7.854716 7.382429 6.980998 6.431507 8.016931 7.824931
