DEPONS-master/data/CentralBaltic/salinity0000_09.asc
NCOLS 400 
NROWS 400 
XLLCORNER 4750000.0 
YLLCORNER 3200000.0 
CELLSIZE 1000.0 
NODATA_value -9999 
[rows 297 to 323 of 400, columns 186 to 247 of 400]
9.188028 8.604718 8.663821 8.573992 8.841724 8.764513 9.660137 9.003756 8.796318 8.918882 9.271318 8.584649 8.256669 8.554113 9.012045 9.312723 8.083417 8.946459 8.079823 7.900460 8.745117 7.510358 7.933476 8.279325 8.516804 8.977288 8.485165 8.950111 8.742229 8.080360 8.517428 8.517421 8.971021 7.705877 8.523220 8.807979 9.223659 8.514074 8.633826 8.220856 8.977768 8.007219 9.166614 7.794214 7.643792 8.943621 8.185210 9.207849 8.268718 8.191010 8.889281 8.286793 8.560718 8.293199 8.162267 7.923414 7.593221 8.063177 7.873722 8.662668 9.146858 9.486560
8.389519 8.612205 9.168652 8.562195 9.521233 8.948158 8.567641 8.437897 9.460352 8.973571 8.251199 8.208199 8.989450 8.093012 8.079218 8.576972 8.750878 7.992002 8.833121 8.103348 8.754938 8.933155 8.622957 7.924946 9.123646 7.371882 9.855150 8.279221 8.815473 8.856982 9.451109 9.023157 8.766349 8.136617 9.542511 8.452039 9.066952 8.635868 9.008156 9.038732 8.035271 8.653173 8.128366 8.696881 8.446050 8.234303 7.837992 8.067088 8.132960 7.601519 8.945429 9.188855 8.440632 8.891612 7.652708 8.395518 7.450694 8.826997 8.015017 8.396135 8.175941 7.864849
8.323586 7.956311 8.347570 8.157137 8.270686 8.859636 8.344407 7.783617 8.858333 8.911647 8.682458 8.960386 8.341539 9.325578 8.882628 8.127707 8.605146 8.152859 9.219417 8.760671 7.981213 8.866597 9.317596 8.821251 8.140074 8.282550 9.834769 9.550664 8.331274 7.742518 8.380727 8.547562 8.093717 8.377478 8.421135 9.170593 8.490601 8.779032 8.038481 8.820625 8.396099 7.710989 7.954744 8.564798 7.915169 8.056842 7.976931 8.584483 7.444263 8.317784 8.374428 8.347333 8.528599 8.913060 7.796254 8.526528 9.313557 7.863415 8.764232 9.011500 8.984669 7.717379
8.604744 9.079814 8.974720 8.963226 8.295191 8.025243 8.559508 9.110152 7.627230 8.624444 9.487456 9.126246 8.865049 8.001832 7.695573 8.261411 8.036672 9.743733 8.867146 8.646810 7.779248 8.507847 8.932897 9.156656 8.305521 8.578346 7.670995 7.952274 8.862767 9.152989 8.438384 8.530636 8.187726 8.213308 8.137732 8.807002 8.394033 8.601437 8.027845 8.513314 8.426027 9.387549 7.235768 8.298572 8.450498 8.294796 8.226025 8.936828 8.498282 8.522633 9.024596 8.535764 8.639274 7.974652 8.224401 8.060259 8.599010 7.195255 7.964219 8.473474 8.650086 7.778896
7.825831 8.155618 8.662316 8.860330 8.326122 8.992697 8.593708 8.227830 8.074932 8.768765 8.306717 8.510030 7.761806 7.972252 7.874533 8.392994 10.068997 9.206532 8.777418 7.545400 7.659573 8.762231 8.604870 9.188786 8.893357 8.331400 8.900989 8.931264 9.395886 8.438235 9.468792 7.959259 8.602299 8.066001 8.846785 8.355184 8.110199 8.736033 8.523077 8.275658 8.357203 7.631552 8.329654 8.679197 8.431085 7.882151 8.136455 8.794664 8.839173 8.241806 8.222567 8.026244 9.121237 8.026472 8.525209 8.231068 8.342342 7.982834 7.434279 8.507599 7.857022 8.446685
7.623788 8.483915 8.531516 8.960112 9.325657 8.159768 8.607614 8.901212 8.332346 9.390080 7.735346 8.782872 7.495373 9.068138 8.366790 8.447564 8.489914 9.157391 8.896786 9.153213 8.255291 7.973424 9.418445 8.560827 8.240241 8.081587 8.786057 8.360687 8.130553 9.438772 9.037488 8.155993 8.045379 8.017141 8.476101 8.314918 8.483205 7.087457 8.676376 7.580243 8.235082 8.839451 7.802813 7.854467 8.775084 8.873373 9.122416 7.667743 7.831903 8.735499 8.464268 8.537009 7.822735 8.365522 8.085659 8.332535 8.606537 7.631093 7.924392 7.901644 8.840331 8.029277
8.776270 8.763042 8.265964 7.630605 8.772663 8.483981 8.849623 8.653308 8.832683 8.770586 8.285841 8.895970 8.392701 7.709581 9.120734 8.430464 8.293056 8.718094 8.699821 8.327007 7.911253 8.198548 8.141417 8.982737 7.944108 8.743245 8.052302 8.614807 9.096637 7.987896 7.880427 8.573261 7.937006 9.412892 8.131949 9.069869 7.719887 8.173523 8.726659 7.501904 8.905111 8.880438 9.233084 8.442148 8.823786 8.467908 8.612360 8.462518 8.303403 9.102799 9.411061 8.923517 7.847458 8.138041 9.106581 8.667478 8.980951 8.379132 8.628198 8.363752 8.281623 8.473419
7.491926 8.600119 8.849598 8.111827 8.240291 7.766894 8.865411 8.499252 9.079105 9.453690 8.612634 8.711986 8.826655 8.708697 9.014140 8.340080 8.860965 9.505161 8.242583 9.606426 9.192162 9.214211 8.997724 8.827676 9.163059 8.155664 7.620826 6.253930 9.319382 8.069631 8.526702 9.025037 6.876701 8.608336 8.777651 8.098955 8.614521 8.103856 9.094888 8.186681 6.923795 8.237505 8.259105 7.983913 9.134751 7.923895 9.204152 8.106190 7.789356 8.049327 7.494786 8.848314 8.322365 9.230733 7.811281 8.196988 9.465544 8.281546 8.263317 8.742171 8.334375 8.264021
9.069576 8.665416 7.948828 8.658481 7.972752 7.910546 7.998500 8.491389 8.201396 9.338144 8.998869 9.595291 8.753456 8.096564 8.410853 7.892820 7.797205 7.972421 8.353122 8.254798 8.912648 9.525312 9.445456 8.667122 8.739365 8.890001 8.407296 8.578345 7.850172 8.541750 7.747383 8.426333 8.186422 9.574966 8.126271 9.907554 8.026212 7.893576 7.304203 8.409911 8.344963 9.023448 8.302836 8.623906 8.740186 7.557040 7.883542 8.265366 8.899659 9.302054 8.100581 7.936247 9.242049 8.349023 8.364325 8.451577 7.693667 8.436900 7.935816 7.496477 6.952662 7.812111
8.579751 8.424237 9.405634 8.777279 8.789761 7.997845 8.415133 8.465155 8.350413 8.843891 8.878546 7.623672 8.615404 8.520370 7.907207 8.479280 8.315325 8.661053 8.550069 8.143403 8.213532 8.125103 9.079737 8.573661 9.035396 9.413763 9.186274 8.790123 8.626233 8.626793 8.858503 7.725211 8.027599 8.160882 7.733373 8.104318 8.005116 7.825503 8.889765 8.740611 7.660140 9.186413 8.825841 8.037623 7.029002 9.046399 8.282072 8.307291 8.867769 8.458899 9.034339 9.749460 8.252479 9.165267 8.157855 8.438996 8.773236 8.482357 7.349670 8.139892 7.433942 7.947290
9.151574 8.287057 9.063194 9.325270 7.926945 8.907795 8.103781 8.084316 9.060677 7.668659 8.144080 8.974414 8.474154 8.368837 8.873537 8.941033 8.630943 9.120337 8.820298 8.602479 8.672643 8.909928 8.768191 8.446141 9.952584 7.797832 8.390925 8.616390 8.193602 8.006007 8.626429 8.377961 8.434065 8.203055 7.810222 8.190345 8.719735 7.914012 7.928968 8.159980 8.242009 9.153760 8.621694 8.822351 7.749762 8.003318 8.696057 8.376731 8.186002 8.178729 8.001028 8.164353 7.692964 7.418048 9.376873 8.105005 8.740293 7.347381 7.802469 7.508746 8.153513 8.829511
7.944857 9.150928 9.320935 8.899593 7.835551 8.331535 7.833550 8.895444 7.833612 8.508871 9.327127 7.941296 8.205050 8.581067 7.898995 8.254834 7.928525 7.999823 8.016186 8.756556 8.680565 7.744223 8.013982 8.315617 8.347920 7.637893 8.267959 8.210329 9.381153 8.709300 8.640164 8.344701 7.993459 7.347025 8.080437 7.672675 7.975075 8.037085 8.060023 7.883944 8.339849 8.140339 8.235930 8.888308 7.935942 8.425755 8.060957 8.910179 7.805704 9.200310 8.333626 9.413577 8.370707 8.099753 8.922694 8.656642 8.649106 9.217117 8.572331 7.743657 8.196380 8.441158
8.560909 9.079314 8.371667 8.255799 8.686230 9.432820 8.300721 8.415848 7.783458 8.239213 9.088378 8.577912 7.476642 8.210977 9.132944 8.271288 8.299276 8.413448 7.208298 9.012051 8.392901 8.711944 7.828002 8.435388 8.730029 8.736571 8.370598 8.310114 8.646764 8.321453 8.190191 8.250439 7.593843 8.994525 8.825856 8.038077 8.030685 8.004741 8.252305 8.302374 7.997861 7.868605 7.956388 8.773918 8.995566 8.404444 8.085567 8.248837 7.912493 7.477798 9.220229 8.897600 8.203489 8.243443 8.192152 8.349480 8.760823 7.698861 8.564858 6.909027 8.055314 8.461279
8.407760 8.433533 8.349134 8.175058 7.627903 8.156921 8.899299 8.828334 8.872324 9.139628 8.461065 8.176500 8.718406 8.866780 8.819246 8.639332 8.567524 8.374471 8.225512 9.034689 7.965997 8.127716 8.565482 9.224477 8.844347 8.558193 8.497275 8.260109 7.730355 7.313004 7.850017 8.007237 8.383574 8.150186 9.130230 8.303230 8.589860 8.609441 8.855361 7.689396 7.573390 7.426569 8.233474 8.539822 7.939067 7.934123 8.175388 8.609898 7.622207 8.309159 7.553657 8.499133 8.756577 8.421424 8.444732 8.248493 7.773134 8.379433 8.847485 8.494969 9.274768 7.539631
8.767446 8.454691 8.455317 9.127441 8.596551 7.612083 8.572778 9.163980 8.679527 8.453079 7.518791 8.434096 8.853347 8.280277 8.398649 9.144219 8.941233 9.189114 7.460287 8.456126 8.472341 8.044343 8.992798 7.979304 8.442578 8.567916 8.118867 8.171464 8.243636 8.483966 8.937066 8.624429 8.099185 8.412537 8.652530 9.178502 7.396339 8.389838 8.235206 7.783381 8.000883 8.052886 8.025427 8.196352 8.220238 8.529498 8.226504 8.653313 7.946593 8.942618 8.619744 8.537010 8.685330 7.738429 8.561312 7.948745 7.006108 8.903874 8.094035 8.253329 8.720841 8.546336
7.689363 9.064081 8.729627 8.369298 8.176921 8.685169 7.892649 7.770417 8.206107 8.227264 7.697798 9.060993 7.861219 8.210786 7.516292 7.903395 8.465625 8.360394 7.670683 7.711231 8.763120 7.651503 7.561223 8.672269 8.089791 8.021264 8.648813 8.184186 8.324258 8.442501 8.863271 8.376897 8.637044 7.844633 7.772274 8.108536 8.060948 7.826037 8.482005 8.730857 8.647040 7.640822 8.335220 8.299842 7.764223 8.204940 8.150212 8.075348 8.471386 8.013489 7.941285 7.742623 8.794518 9.454870 8.207307 7.810799 8.851013 8.039820 7.850005 8.064368 7.995784 8.034263
8.384435 8.906340 8.066334 8.702695 9.144922 9.198825 7.505671 8.646127 8.031625 8.519126 8.186351 8.159837 9.125511 8.439319 8.270831 8.331094 8.418319 7.708033 8.357261 8.785089 7.847766 8.556749 8.804333 8.286376 8.486665 7.510212 8.782636 8.713221 8.209185 8.933329 7.964558 8.304706 8.019421 7.311028 8.298403 7.486578 8.176081 8.768742 8.189647 8.219025 8.519424 8.341750 8.806798 7.589872 8.229356 7.714163 8.220091 8.087810 8.514496 8.458088 7.950409 8.246774 9.359176 8.849926 7.762784 8.299669 8.101505 7.838199 8.412532 7.575872 8.596966 7.928073
9.139761 9.021260 8.137428 8.727995 8.594890 7.867185 8.059938 8.307769 8.261201 9.227811 8.219627 8.737818 8.677453 7.832922 9.099744 8.875203 8.759105 7.539764 8.241408 8.538805 7.973784 7.532744 8.109118 8.675556 8.079808 8.102124 8.563823 8.846615 8.648111 8.111477 8.441652 8.436291 8.210718 7.962774 8.458519 8.281439 8.040486 7.112927 9.087579 8.500480 8.087130 7.896109 8.595141 8.730193 7.899211 9.169007 8.575717 8.400648 7.974559 7.478867 8.409886 8.301665 9.169079 8.293666 9.000414 8.354636 7.412971 8.637210 7.832673 7.361477 7.522933 8.477603
8.037962 8.069715 9.644976 8.077249 8.375808 8.531601 8.143484 8.394664 9.055054 8.877470 8.634113 7.889591 8.690061 7.693601 8.313572 7.409108 8.235045 8.817930 7.831034 8.247963 8.519126 8.193305 8.405258 8.377056 8.391402 7.852286 8.424621 8.523565 8.411217 7.679629 7.600989 8.349412 8.508115 8.561892 7.816119 8.704790 8.096653 9.001311 7.641472 8.237448 8.671969 8.974165 7.254277 8.566927 8.090927 6.853507 7.672598 8.602320 8.257357 9.403066 7.540807 8.113219 8.767273 7.263111 8.465659 8.256646 8.105010 8.273650 7.665769 8.333235 7.523846 8.028962
7.955886 7.992004 8.628976 8.353227 8.483064 8.809316 8.986600 8.190381 8.114500 9.120791 8.310962 8.497232 8.184781 7.998738 9.227565 8.547314 7.556655 8.555656 8.550697 7.832119 8.633402 7.308449 7.894109 8.235058 8.319177 9.219200 8.214909 8.133173 8.505751 8.638481 8.206021 8.516196 8.274050 7.417523 8.313234 8.430626 7.941386 7.982610 8.162212 7.853196 8.532163 7.769528 8.905546 7.279772 8.124517 8.859729 7.319573 8.440199 8.792009 8.323599 8.229437 8.175000 8.710446 8.022810 7.374125 7.636198 8.328100 8.008912 8.910557 8.093381 8.362538 7.982229
8.292557 8.095838 8.458912 8.296340 8.533336 8.240936 9.091792 8.282405 8.536588 8.958497 8.166455 8.538996 8.130619 7.882395 8.695782 8.747995 8.874985 7.748744 7.850786 7.948252 8.566673 7.524477 8.926891 8.552557 8.821616 8.384582 8.993628 8.817534 8.746448 7.909544 7.765297 8.365949 7.809332 8.918168 7.830747 8.508642 8.168750 8.575926 8.006847 8.192423 7.606949 8.174654 8.545195 8.567728 7.467399 7.922691 8.947369 9.083362 8.932050 7.516817 7.227675 7.465261 8.062592 7.914555 8.340566 8.289090 7.727465 8.106412 7.749328 8.570200 7.844176 7.547457
9.197179 8.247867 8.406110 8.448558 8.499349 8.607744 8.066061 9.313754 7.920570 8.427624 8.495367 8.030665 8.131562 7.273681 8.073769 8.234557 7.945979 8.131989 8.471333 9.263244 8.380122 8.426534 8.285820 7.414184 8.354121 7.958445 8.814093 7.927335 8.081471 8.439118 7.673173 9.174651 8.182275 8.021153 7.703926 8.382784 7.408597 7.380696 8.591328 8.056586 8.652733 8.798117 7.639389 8.516425 8.502073 8.895914 8.571778 7.798185 7.958140 7.708807 8.188047 8.475165 7.340417 7.292803 9.508614 8.337175 8.096712 7.531085 7.734703 8.601397 8.014862 8.583146
7.754374 9.140950 9.424038 8.609611 7.464246 8.511508 7.820529 8.988839 8.840045 8.048491 7.944733 8.736296 8.606153 8.324617 8.609599 8.089639 8.199634 7.830959 8.929591 8.862211 7.663504 7.679588 8.283206 8.987567 8.508826 7.763048 8.286948 7.884766 8.525262 7.343993 7.981579 8.396243 8.279732 8.031580 8.858009 8.304999 8.772337 7.658518 8.299779 9.358558 7.455524 7.461812 8.016313 8.763456 7.410042 7.702472 7.810536 7.719821 7.667212 8.039728 8.202912 8.215229 8.439777 8.638802 8.246471 8.771372 8.312228 9.209724 8.344756 8.185310 8.347589 8.066513
7.974966 8.604487 7.725839 8.497807 7.491696 7.556247 8.344295 8.004161 7.647606 8.520067 8.865958 8.054582 7.780475 7.974606 8.209182 8.149431 8.281077 7.758485 8.326560 7.448151 8.711263 8.645431 7.406439 7.779932 7.713926 7.705990 8.296720 8.107382 8.291199 8.012820 6.929191 8.404477 7.466398 7.683571 7.706868 8.881988 7.584070 7.841145 8.237163 7.711913 7.772658 8.869374 8.025513 8.569313 8.186851 7.510899 7.705305 7.336719 7.596696 7.974795 8.658821 8.323050 8.180805 7.352567 8.479741 7.647683 8.225863 8.367793 8.688859 8.114792 8.030993 8.552344
8.413940 9.059827 7.558174 7.702199 7.155630 8.792156 8.434236 8.588683 7.995165 7.403243 9.292754 8.438799 7.558043 8.041265 8.637689 7.943459 8.368894 7.654088 8.662024 9.167609 8.975984 8.395067 8.241480 8.397429 8.901943 8.092296 7.853659 8.019850 8.082462 8.668764 8.355355 8.530972 8.437752 8.118765 8.354868 8.821920 7.395822 8.963839 8.444474 8.449385 8.297804 8.118574 8.154479 7.583188 7.833323 8.420332 7.420879 8.765512 8.874087 7.423794 8.836344 7.878789 8.072668 7.793774 8.254033 8.936129 7.456484 8.399230 7.941885 8.996093 7.542359 8.230417
8.949739 7.776142 8.127509 8.031981 7.936251 7.836399 8.680377 8.783137 7.961289 9.266038 8.423492 7.587680 8.038877 8.266371 9.060451 8.236160 8.290989 8.050944 7.984131 8.611148 7.770199 8.013185 8.955513 8.455685 9.278530 7.948931 8.758780 7.595437 7.986294 8.592751 8.595170 7.954362 7.107535 8.708002 8.966787 7.725697 8.302577 8.474847 8.673239 8.256408 8.293996 7.476281 8.030785 8.327432 7.884019 8.601448 8.056011 7.626052 8.458293 6.775254 7.886210 8.614687 7.450139 7.344057 8.119028 7.952073 8.871681 7.585857 6.773701 8.792775 7.605751 9.090730
9.271548 7.898330 8.697194 8.231496 7.634610 8.413829 8.024653 8.602613 7.941749 8.219022 8.480110 8.520298 8.963471 9.083894 8.132062 8.873403 9.235017 8.708107 8.397304 8.254341 9.602109 8.085767 8.962320 7.581457 7.919595 7.708527 7.707194 8.740653 8.988965 7.538038 7.921460 7.355583 7.596359 8.549257 8.223429 7.483419 8.762025 8.638721 7.565666 8.099001 8.577271 7.998178 8.346690 7.202555 7.545652 7.688064 8.776110 8.362372 8.490265 7.293008 7.935463 8.806273 8.189830 8.248994 9.197985 8.574101 8.227078 8.103843 8.436491 8.377155 8.385344 8.496685
