DEPONS-master/data/CentralBaltic/salinity0000_02.asc
NCOLS 400 
NROWS 400 
XLLCORNER 4750000.0 
YLLCORNER 3200000.0 
CELLSIZE 1000.0 
NODATA_value -9999 
[rows 189 to 215 of 400, columns 120 to 179 of 400]
13.538616 13.492746 13.611503 13.575690 12.954255 13.885260 12.839067 13.742881 13.212215 12.927104 13.074147 13.332364 12.669558 12.647856 13.576504 12.741194 13.347802 12.364077 14.102200 12.270604 13.012332 12.452936 12.824020 12.520652 12.055356 12.600066 12.999461 12.856657 12.957900 12.743831 12.492095 12.780640 12.102117 13.215269 12.730832 12.590450 12.788038 12.063034 11.132330 12.170860 12.589177 12.193985 11.565519 12.484397 11.995041 11.487680 12.891132 12.002700 12.351569 12.102511 13.240460 12.313987 12.507116 13.463260 11.909854 13.026237 12.191577 11.974291 11.939447 13.188274
13.208965 12.926131 13.193381 12.128925 12.936116 13.183406 12.412463 13.446718 13.935695 14.536665 13.589329 13.110926 13.333897 12.833540 12.873003 13.307217 13.500839 13.744065 12.328100 13.066844 12.578453 13.077148 13.864921 13.490944 12.407500 12.297992 12.068567 12.874236 12.445148 13.394704 12.711174 13.387169 12.671600 12.328889 13.007796 12.382005 13.410768 13.813080 12.472416 12.227864 12.585339 12.478456 12.153486 12.999803 13.243953 12.923722 13.533231 13.326413 12.550239 12.676646 11.815949 12.776164 13.191296 12.694831 11.515182 12.696643 11.851458 11.859697 12.813053 11.585649
11.949781 13.094514 12.382104 12.942988 12.351184 13.985334 12.998091 13.444546 12.109866 13.704296 14.072811 12.883016 12.236594 13.312201 12.666669 12.482598 13.182709 12.710602 12.821111 12.708489 12.208412 12.340829 12.143958 12.788466 13.144202 12.454450 13.124721 13.106358 12.741691 12.388665 12.545093 12.842307 13.210321 12.691194 13.025582 12.253388 12.800681 13.200980 12.223146 12.731209 12.480009 11.553921 12.896261 13.076420 11.703295 11.483991 12.748790 11.539317 12.459711 12.410476 12.776263 12.612560 12.560417 11.558698 12.819453 11.990716 11.919640 12.330633 11.905061 11.805153
13.548318 13.673668 13.519404 12.817332 12.220291 12.788596 13.100063 13.053393 13.638786 13.351325 12.394177 13.258579 12.705657 12.046795 12.521486 13.685494 12.993430 11.895306 12.927484 11.869530 12.070129 13.446886 12.009117 13.322282 12.368370 12.170147 12.749724 12.940728 12.868372 13.517651 12.182334 12.162354 11.794671 12.392668 12.603880 11.877838 12.861283 12.169316 12.292391 11.870724 11.843846 13.007071 12.129279 12.293382 12.584265 11.873474 12.861792 11.926708 11.790250 12.140618 12.468193 12.023954 13.368651 12.767706 13.040168 12.369855 11.608800 12.488484 12.205806 12.556323
13.473576 13.063758 12.981177 13.631080 12.658648 12.534109 13.173380 13.645445 13.397276 12.706677 13.593798 12.477479 13.209640 12.251219 13.432905 12.657973 12.383841 12.519399 13.134116 13.816119 11.838026 12.240999 13.155193 12.648330 12.971259 12.540716 13.194104 12.503687 12.803968 12.867001 14.258668 13.203758 12.436912 11.575216 12.148741 12.549957 12.592394 12.483125 12.772030 13.215116 13.159993 12.947348 12.827794 12.582451 12.753968 12.464001 12.855073 12.209204 11.965970 12.541046 12.143521 11.573594 12.527310 11.891060 12.002916 12.843632 12.230737 12.863178 12.113936 11.896801
13.480163 13.684291 11.963947 13.670424 13.072637 13.348272 12.856596 12.760001 12.785992 12.760122 12.569351 13.297582 13.267955 13.308989 12.584598 13.694016 12.474601 12.856506 13.205248 13.218281 12.844842 12.825632 13.180820 12.748890 12.414881 13.268158 12.909299 12.792551 12.328795 12.884280 12.728745 12.809849 11.957920 12.662227 12.420991 12.845457 12.295331 12.794363 12.731734 12.954777 12.884306 12.525729 12.026552 12.067490 12.366105 13.115586 12.413488 12.520613 12.375171 13.106972 11.950475 12.042796 12.332358 13.003969 12.256545 11.896877 12.463464 12.906571 12.857893 12.738181
13.821307 13.436275 13.489031 12.509873 13.125366 12.759480 12.828024 13.313756 12.675480 13.287311 12.935201 14.076948 13.016025 11.967289 13.006163 13.138458 12.695139 13.084283 13.220464 13.316015 13.189190 13.119354 12.658936 13.537203 12.828910 11.679272 12.431239 12.496195 12.806650 12.831032 13.029440 13.113898 13.608319 12.325985 11.758375 11.470367 13.446118 12.584906 12.569384 12.238680 13.311848 12.492280 12.064193 12.583709 12.153662 12.792761 12.199503 13.545681 11.928760 12.221667 12.892767 12.196527 12.002166 11.603056 11.901436 11.940663 12.069939 12.011971 12.956093 12.317423
14.266924 12.846357 14.079738 12.469806 13.946835 12.334854 13.326175 12.471350 13.339980 12.251440 12.894000 12.433529 11.987951 13.446325 12.459671 12.210804 12.297897 12.847857 13.492489 12.780327 12.726481 12.158437 12.579528 12.835929 13.887580 13.210249 12.889745 12.795048 12.525422 12.446379 12.678520 12.606790 12.822126 12.719227 12.162988 13.339859 12.752096 12.312764 12.332735 12.651386 12.807673 13.524690 11.839746 13.363375 12.248548 11.931879 12.560935 12.623866 11.672172 11.875406 11.771034 12.036409 12.134634 12.186336 12.862418 12.386834 11.736825 12.714417 11.598808 12.563346
12.006981 13.263740 13.285415 12.166835 13.406618 13.042626 13.207667 12.996242 13.326822 13.383478 12.356979 13.266641 13.122563 13.224598 12.596481 12.506720 12.972124 12.719943 13.277592 13.105173 12.506231 12.861459 13.147807 12.198708 12.527800 11.814208 12.344153 11.982520 12.833270 12.560554 13.268593 11.841131 11.851054 12.750745 13.240457 12.477158 12.037797 12.658818 12.672860 12.084695 12.139567 12.303363 12.744175 12.967488 13.401476 12.756070 12.718747 11.672194 12.360971 12.252858 11.785560 12.465457 12.956375 12.567683 12.867733 11.828540 12.013122 12.750897 11.949397 12.042813
13.152576 12.524904 12.760759 13.319101 12.285831 12.629660 13.350830 13.267347 13.190700 13.557374 12.666452 12.081494 12.945322 12.166236 13.278617 13.469988 12.479432 12.927877 12.987045 12.638271 13.176714 12.357298 12.804505 12.416545 13.193967 12.385484 12.344546 12.635783 13.379443 13.426106 11.883886 12.192520 12.241488 11.961875 12.699745 12.295000 11.871401 12.011751 12.728108 13.071324 12.007916 12.780200 13.200647 11.495293 12.765559 12.621282 11.672495 12.123709 12.197103 12.467129 13.131678 12.794077 11.532644 12.264525 11.215278 12.611941 12.781298 12.683272 12.393075 12.560416
12.362167 13.137774 13.505671 13.706977 12.918661 13.561677 13.544249 13.703108 12.429853 12.986597 13.562351 13.065290 13.005221 13.546024 13.274958 12.859378 12.825655 11.700337 13.352516 12.308892 12.636488 13.485273 13.486612 12.724550 13.020693 13.472724 13.094656 13.215388 13.611964 14.084357 12.227941 12.138358 12.191205 13.076664 12.134378 13.359957 13.361536 13.265590 12.536504 12.680990 13.106497 12.301901 11.935792 12.503072 11.495058 12.002255 11.789615 11.886269 12.236878 11.832834 11.267240 13.317868 12.564130 11.925686 11.811673 12.792718 12.375718 12.973034 11.904549 12.554934
12.666242 12.985725 13.010025 12.708242 13.110738 12.453968 12.920492 12.637022 13.808746 12.386446 12.705512 12.352009 12.887261 13.348910 12.125682 11.639692 12.483845 12.885880 12.920881 13.060119 12.517500 12.541786 12.660610 12.721007 12.548373 12.594541 12.790952 12.384006 11.944346 13.504341 13.506509 12.153257 12.594846 12.909505 12.581349 13.190250 11.184380 12.467073 12.100042 12.475793 13.042124 13.439773 11.915505 13.388662 11.842204 12.264988 12.133231 12.090224 12.360711 12.391320 12.004281 11.797622 11.809530 11.714031 12.952314 11.580739 12.777935 12.100441 13.160559 12.553188
13.017782 12.408267 12.969509 13.036302 12.547397 13.497807 12.861020 11.907684 13.393949 12.660947 12.855282 12.352570 12.595729 12.413698 12.667581 12.861072 13.469562 13.264087 13.108111 13.679888 11.853341 12.563324 12.184006 12.004654 13.179752 12.033574 13.254069 12.384725 12.870728 11.925665 12.460857 12.706972 12.446877 12.398515 12.140861 11.561442 12.268898 12.827567 12.179522 12.651955 11.429314 12.953927 12.385463 11.489434 11.335030 12.643318 12.770361 12.012968 11.271664 12.755966 12.102037 11.385029 12.192125 11.576530 13.010508 12.256288 11.474893 13.202044 12.610269 11.951544
12.727791 12.451714 12.381209 12.541548 12.595020 13.444007 12.583828 13.365172 12.717807 13.900046 12.958196 12.106272 12.792602 13.065860 12.009442 13.183044 12.615218 12.785165 12.065897 12.808978 12.330702 12.330963 12.318672 12.787596 12.393643 11.919016 12.613750 13.289937 13.072999 12.633197 11.048330 11.221242 10.985975 11.886220 12.493957 11.635428 12.330233 12.346801 12.647127 12.573918 12.046554 12.811976 12.800145 12.248920 12.043747 11.829194 12.234625 11.576025 13.322071 12.047175 12.354491 12.251041 12.137264 11.959473 12.335086 13.039990 12.263929 11.966065 12.027764 11.954460
12.697149 12.839941 13.718876 13.089513 12.241121 13.075848 12.590737 13.249541 12.047263 11.252020 12.584955 13.038783 12.953136 12.752487 11.821814 13.223609 12.545410 13.225828 12.105273 11.915354 12.771854 13.142953 12.646843 11.864242 12.070586 13.036118 11.967984 13.172555 12.962736 12.112832 13.189720 12.606808 13.175855 11.693063 12.359954 13.075873 12.188279 13.198997 12.526184 13.436254 11.908981 12.312958 12.471567 11.898996 12.021925 11.881225 12.354100 11.853393 12.736131 11.841208 12.106705 12.509067 11.760054 11.429737 12.175113 12.182049 13.002537 11.542997 11.828424 11.821378
13.477146 13.939316 12.578120 12.701523 12.530416 13.269457 11.850515 12.654273 13.746074 12.058945 12.290068 12.323055 12.852974 13.170923 12.091911 11.928456 11.751461 12.783014 13.347734 12.370426 13.096723 12.540627 12.015386 12.722618 13.452763 12.419457 12.117149 12.483257 11.990991 12.941115 12.263840 13.048635 12.219678 13.570512 12.181374 12.301627 12.135847 12.224953 11.903614 12.293143 13.004582 12.224641 12.417727 13.398269 12.269267 11.965905 13.224403 11.201687 11.803634 12.515123 13.204834 12.005072 11.725965 11.292316 12.711024 12.480166 12.168656 12.346977 11.596568 11.660049
13.310533 12.733546 12.832376 13.252832 12.672967 13.229696 12.725718 12.409798 11.633334 12.376947 13.257146 12.900164 12.291146 12.374006 12.856605 12.614762 13.064316 11.319422 12.412971 12.192377 12.114827 12.867660 12.742946 13.379549 13.066985 12.531546 13.027155 12.444604 12.103492 11.697554 13.155706 12.918619 11.555686 12.562371 12.667534 12.446305 11.972177 11.852856 13.131602 12.388298 12.248601 12.141863 13.080630 12.118138 12.009235 11.860007 12.143510 13.116892 12.602904 10.826767 11.758297 12.829861 11.958037 12.983338 12.422041 11.521795 12.525996 11.487595 11.575208 11.913344
11.953715 12.971033 13.806174 12.917667 12.191938 13.219711 13.091002 13.036543 13.087541 12.440659 13.061357 12.315481 13.077045 12.617084 12.325104 13.409754 13.182014 11.962168 12.088605 12.885881 12.015229 12.969658 13.397783 12.535454 12.778547 12.628823 13.104921 13.012162 12.739884 12.946272 12.822522 12.989470 13.599037 12.556677 13.605880 12.278246 11.749956 12.409476 11.735873 10.997198 12.747309 11.683281 11.333618 11.567827 11.753876 11.960328 12.470990 12.553557 12.057587 11.893644 12.128748 13.228063 12.777270 11.875240 12.542205 12.327519 11.847557 12.157385 12.691683 12.047657
12.812115 14.116428 13.016646 11.994553 13.225703 13.013922 12.714207 12.131672 12.998912 12.597536 13.381089 13.112741 11.946084 12.531031 12.678787 12.924105 12.756619 12.944705 13.884643 13.202702 12.649383 13.811967 12.291407 12.926073 11.859713 12.844899 12.562653 12.735082 13.457303 14.157660 12.353465 12.695992 12.425930 13.317070 12.974817 12.106855 11.882903 12.250762 12.491437 12.530731 11.717548 12.639394 12.434373 12.233621 12.390913 11.726673 12.534705 12.556831 12.173485 11.455722 12.375708 12.135440 11.375806 12.186707 12.436022 12.061846 11.480662 11.715345 11.877003 13.035379
12.883611 12.776415 12.761648 12.591162 11.925567 12.719108 12.539533 12.921012 12.311576 12.922558 13.307944 13.069207 12.128737 12.824583 12.262731 12.756423 12.574376 11.852867 12.447692 12.564666 12.660982 12.432102 11.292512 11.823677 13.225685 12.275571 12.482348 12.639962 12.672114 12.556160 11.387317 12.191357 11.787690 12.664813 11.666741 11.890032 13.030856 12.386246 12.484924 12.140447 12.430325 11.608542 11.970749 12.563007 12.682535 12.819494 12.184702 12.607902 12.122642 11.356727 12.572682 12.206914 12.325890 12.068130 12.472040 13.310355 12.043397 11.929117 12.453348 12.364477
12.932979 13.108342 13.793365 13.056576 12.721276 12.621802 12.490932 12.496036 12.324490 12.249342 12.219463 11.778372 12.088184 12.719705 12.724909 12.266432 13.072741 13.080412 12.694796 12.554429 12.859320 12.530165 12.271893 12.985644 12.360414 12.592540 12.831967 12.606718 13.296873 12.100149 12.794817 13.014201 11.726148 11.699336 11.936296 12.846478 12.636940 12.842200 12.062516 11.858994 12.593618 12.499543 12.939310 12.233309 11.858483 13.294249 12.612619 12.712242 12.473857 13.376664 11.756775 11.158911 11.597507 12.359600 12.711652 11.172493 11.937996 12.148876 12.565414 11.815623
11.907096 12.733231 12.865282 13.093558 12.595994 13.249357 13.063947 12.531795 12.919302 12.811155 12.343340 12.646484 13.287453 12.125236 12.372868 12.969230 12.153193 12.661743 13.124461 11.894703 12.099671 13.496343 12.674061 11.797759 12.490697 11.793744 11.620833 13.060438 12.152001 12.640965 12.709349 12.422884 12.438113 11.781992 12.892392 12.426375 12.415857 12.552400 11.641731 11.627335 11.906056 12.218526 12.473380 12.534279 11.525468 11.675910 12.449171 12.051413 12.992488 11.389613 11.554960 12.185986 12.390384 12.593333 11.874669 12.886351 12.185202 11.983945 12.782852 11.888850
12.750126 12.394549 12.474817 13.029343 12.739585 13.621755 12.189655 12.981015 13.009549 12.057638 13.285460 12.956751 13.443051 12.258128 12.230392 12.772982 12.556767 12.810512 12.258388 12.569101 12.196669 12.356578 12.499794 12.990500 11.848749 12.293710 12.524090 12.316126 11.837911 12.131420 11.953741 12.640421 12.364439 11.947920 12.053177 12.664113 11.287936 11.386390 10.558684 12.725010 11.823472 11.777452 12.600663 12.407868 12.593431 12.422262 12.176816 11.596120 13.401968 12.050332 11.323120 11.187550 11.797456 11.815037 11.925277 11.653742 10.948438 11.734082 11.266243 12.654833
13.716065 13.299190 12.833996 12.716293 12.861340 12.417948 13.206495 11.810425 12.174242 12.093173 13.010675 12.950335 12.194044 13.003060 11.878720 13.171370 12.585753 11.738470 12.864573 12.824094 12.897940 11.820603 12.263051 12.533991 12.534039 12.967852 12.186693 12.313027 11.508556 12.026859 11.488514 12.429249 12.571472 11.331508 12.659706 12.423030 12.157834 12.261906 12.026677 11.794827 12.405225 12.595748 12.666920 11.783916 12.042516 12.666830 11.875845 12.201236 12.474014 12.666862 11.725841 11.955929 11.170162 12.512204 11.127434 11.590591 12.479953 11.292999 12.318108 12.437943
12.464774 12.992891 12.237327 13.230201 12.650222 12.373238 13.184088 13.106723 12.735802 12.210108 12.997894 13.144677 12.992387 12.218291 12.001716 11.941971 12.340948 12.509686 12.611916 12.124273 12.178898 11.872275 11.618681 12.444581 11.733274 12.660379 12.265440 12.200069 11.902247 12.410127 12.515258 12.526804 12.769130 11.925011 11.376751 12.322714 12.409049 12.644384 11.658172 13.161524 11.875858 12.708093 11.913563 12.417851 11.496822 11.791317 11.920804 11.375824 12.129520 12.101663 11.758086 12.292515 13.172755 11.187183 11.733007 12.829259 11.662780 11.785652 12.503121 12.318837
13.109438 11.891326 13.357735 11.454681 12.932402 12.676425 13.051830 12.187999 12.110075 12.032903 13.060963 12.324144 12.447982 12.380270 11.930753 13.047561 12.469898 12.521441 11.866222 11.595374 13.492663 12.156884 13.312888 12.385754 12.359412 12.716049 11.900606 11.938231 12.561950 11.981097 12.648434 12.494743 12.273029 11.961345 11.912983 12.055276 11.880132 12.608953 11.495548 12.605285 12.049271 12.213958 12.873872 12.260590 12.333989 10.975667 12.245208 10.979014 12.033007 12.417074 12.360975 12.266494 12.114246 11.699557 12.578874 11.335326 12.099783 12.500132 12.179528 12.134971
12.653941 12.434348 13.196340 12.249330 12.561510 11.725018 12.035982 13.113711 12.543324 12.895230 12.458396 12.579459 12.607498 12.454771 12.666105 12.298017 12.462313 12.104227 13.159307 13.120389 12.787780 12.260113 12.693532 12.275004 11.870726 12.443584 13.052787 12.356205 11.627497 12.473521 12.184030 11.835023 13.180239 11.905092 12.993992 11.136562 12.758876 11.823039 11.576898 12.116413 12.055043 12.492872 12.095678 12.045084 12.049996 12.103170 12.305153 11.698114 11.456137 11.933567 12.153381 11.914857 12.542524 11.817569 11.490083 12.189962 11.815958 11.251197 12.334548 11.912336
