tick	day	mean_energy	std_energy	min_energy	max_energy	pct_hungry	pct_starving
48	1	10.00	1.01	6.34	13.10	48.6	0.0
96	2	10.10	1.03	6.28	13.24	45.3	0.0
144	3	10.23	1.05	6.20	14.09	39.8	0.0
192	4	10.41	1.07	6.33	14.32	35.1	0.0
240	5	10.62	1.10	6.86	14.34	29.1	0.0
288	6	10.85	1.12	7.01	14.46	23.0	0.0
336	7	11.09	1.14	7.24	14.67	17.2	0.0
384	8	11.34	1.16	7.47	14.92	12.1	0.0
432	9	11.58	1.17	7.85	15.23	8.4	0.0
480	10	11.82	1.18	8.11	15.73	5.2	0.0
528	11	12.05	1.18	8.35	16.16	3.4	0.0
576	12	12.26	1.19	8.58	16.24	2.4	0.0
624	13	12.48	1.19	8.81	16.22	1.7	0.0
672	14	12.69	1.19	9.06	16.31	0.9	0.0
720	15	12.88	1.19	9.32	16.44	0.3	0.0
768	16	13.06	1.19	9.57	16.89	0.2	0.0
816	17	13.24	1.19	9.83	17.06	0.1	0.0
864	18	13.41	1.19	10.08	17.22	0.0	0.0
912	19	13.57	1.19	10.34	17.36	0.0	0.0
960	20	13.72	1.19	10.58	17.28	0.0	0.0
1008	21	13.87	1.19	10.81	17.41	0.0	0.0
1056	22	14.00	1.19	11.03	17.32	0.0	0.0
1104	23	14.12	1.18	11.23	17.24	0.0	0.0
1152	24	14.25	1.18	11.43	17.47	0.0	0.0
1200	25	14.36	1.17	11.46	17.49	0.0	0.0
1248	26	14.46	1.16	11.49	17.56	0.0	0.0
1296	27	14.56	1.16	11.53	17.80	0.0	0.0
1344	28	14.66	1.15	11.59	17.99	0.0	0.0
1392	29	14.75	1.14	11.61	18.02	0.0	0.0
1440	30	14.84	1.13	11.66	17.90	0.0	0.0
1488	31	14.92	1.13	11.72	18.01	0.0	0.0
1536	32	14.99	1.12	11.74	17.90	0.0	0.0
1584	33	15.06	1.10	11.79	17.95	0.0	0.0
1632	34	15.13	1.09	11.82	17.91	0.0	0.0
1680	35	15.19	1.08	11.85	17.97	0.0	0.0
1728	36	15.24	1.07	11.88	17.98	0.0	0.0
1776	37	15.30	1.05	11.90	18.15	0.0	0.0
1824	38	15.35	1.05	11.96	18.16	0.0	0.0
1872	39	15.41	1.04	12.01	18.21	0.0	0.0
1920	40	15.45	1.03	12.12	18.24	0.0	0.0
1968	41	15.50	1.02	12.15	18.24	0.0	0.0
2016	42	15.54	1.01	12.18	18.24	0.0	0.0
2064	43	15.57	1.00	12.22	18.19	0.0	0.0
2112	44	15.61	0.99	12.28	18.17	0.0	0.0
2160	45	15.64	0.97	12.30	18.04	0.0	0.0
2208	46	15.67	0.96	12.36	18.22	0.0	0.0
2256	47	15.70	0.95	12.41	18.29	0.0	0.0
2304	48	15.72	0.93	12.47	18.44	0.0	0.0
2352	49	15.75	0.92	12.48	18.31	0.0	0.0
2400	50	15.77	0.91	12.51	18.28	0.0	0.0
2448	51	15.79	0.90	12.54	18.24	0.0	0.0
2496	52	15.81	0.89	12.56	18.11	0.0	0.0
2544	53	15.82	0.88	12.58	18.22	0.0	0.0
2592	54	15.84	0.87	12.59	18.17	0.0	0.0
2640	55	15.86	0.86	12.64	18.18	0.0	0.0
2688	56	15.87	0.84	12.63	18.34	0.0	0.0
2736	57	15.88	0.83	12.66	18.40	0.0	0.0
2784	58	15.89	0.82	12.70	18.31	0.0	0.0
2832	59	15.90	0.81	12.73	18.21	0.0	0.0
2880	60	15.90	0.80	12.77	18.26	0.0	0.0
2928	61	15.91	0.80	12.77	18.23	0.0	0.0
2976	62	15.96	0.77	12.79	18.37	0.0	0.0
3024	63	16.01	0.74	12.79	18.39	0.0	0.0
3072	64	16.06	0.71	12.81	18.41	0.0	0.0
3120	65	16.11	0.69	12.84	18.34	0.0	0.0
3168	66	16.15	0.68	12.85	18.20	0.0	0.0
3216	67	16.18	0.66	12.89	18.20	0.0	0.0
3264	68	16.22	0.65	12.89	18.32	0.0	0.0
3312	69	16.25	0.64	12.90	18.19	0.0	0.0
3360	70	16.28	0.63	12.90	18.27	0.0	0.0
3408	71	16.31	0.62	13.03	18.36	0.0	0.0
3456	72	16.34	0.62	13.03	18.36	0.0	0.0
3504	73	16.36	0.62	13.07	18.29	0.0	0.0
3552	74	16.38	0.61	13.08	18.18	0.0	0.0
3600	75	16.40	0.61	13.12	18.20	0.0	0.0
3648	76	16.42	0.61	13.15	18.31	0.0	0.0
3696	77	16.44	0.61	13.14	18.49	0.0	0.0
3744	78	16.45	0.61	13.17	18.35	0.0	0.0
3792	79	16.47	0.61	13.19	18.35	0.0	0.0
3840	80	16.48	0.62	13.21	18.39	0.0	0.0
3888	81	16.49	0.62	13.23	18.42	0.0	0.0
3936	82	16.50	0.62	13.24	18.32	0.0	0.0
3984	83	16.50	0.62	13.25	18.41	0.0	0.0
4032	84	16.51	0.63	13.27	18.46	0.0	0.0
4080	85	16.52	0.64	13.30	18.46	0.0	0.0
4128	86	16.52	0.64	13.31	18.42	0.0	0.0
4176	87	16.53	0.64	13.31	18.36	0.0	0.0
4224	88	16.53	0.64	13.30	18.49	0.0	0.0
4272	89	16.54	0.64	13.32	18.38	0.0	0.0
4320	90	16.54	0.65	13.32	18.43	0.0	0.0
4368	91	16.51	0.65	13.30	18.37	0.0	0.0
4416	92	16.49	0.66	13.27	18.35	0.0	0.0
4464	93	16.46	0.66	13.24	18.34	0.0	0.0
4512	94	16.43	0.67	13.23	18.47	0.0	0.0
4560	95	16.40	0.67	13.23	18.54	0.0	0.0
4608	96	16.37	0.68	13.19	18.54	0.0	0.0
4656	97	16.34	0.68	13.14	18.45	0.0	0.0
4704	98	16.32	0.69	13.12	18.40	0.0	0.0
4752	99	16.29	0.69	13.09	18.23	0.0	0.0
4800	100	16.27	0.71	13.05	18.26	0.0	0.0
4848	101	16.24	0.71	13.02	18.12	0.0	0.0
4896	102	16.21	0.72	13.01	18.31	0.0	0.0
4944	103	16.19	0.73	13.00	18.24	0.0	0.0
4992	104	16.17	0.74	12.99	18.24	0.0	0.0
5040	105	16.14	0.75	13.01	18.21	0.0	0.0
5088	106	16.12	0.75	12.99	18.05	0.0	0.0
5136	107	16.09	0.76	12.95	18.27	0.0	0.0
5184	108	16.07	0.77	12.93	18.24	0.0	0.0
5232	109	16.05	0.78	12.93	18.37	0.0	0.0
5280	110	16.03	0.79	12.92	18.31	0.0	0.0
5328	111	16.01	0.80	12.94	18.24	0.0	0.0
5376	112	15.99	0.81	12.91	18.41	0.0	0.0
5424	113	15.97	0.81	12.91	18.35	0.0	0.0
5472	114	15.96	0.82	12.88	18.26	0.0	0.0
5520	115	15.94	0.83	12.85	18.25	0.0	0.0
5568	116	15.92	0.84	12.82	18.38	0.0	0.0
5616	117	15.91	0.85	12.81	18.30	0.0	0.0
5664	118	15.90	0.86	12.81	18.14	0.0	0.0
5712	119	15.88	0.86	12.79	18.34	0.0	0.0
5760	120	15.87	0.87	12.76	18.29	0.0	0.0
5808	121	15.83	0.88	12.73	18.19	0.0	0.0
5856	122	15.79	0.89	12.69	18.13	0.0	0.0
5904	123	15.75	0.90	12.60	17.98	0.0	0.0
5952	124	15.71	0.91	12.40	18.02	0.0	0.0
6000	125	15.67	0.92	12.21	18.05	0.0	0.0
6048	126	15.64	0.92	12.04	18.14	0.0	0.0
6096	127	15.60	0.93	11.87	17.96	0.0	0.0
6144	128	15.56	0.94	11.71	18.16	0.0	0.0
6192	129	15.53	0.94	11.55	18.21	0.0	0.0
6240	130	15.49	0.95	11.39	18.23	0.0	0.0
6288	131	15.46	0.96	11.24	18.04	0.0	0.0
6336	132	15.43	0.97	11.09	18.03	0.0	0.0
6384	133	15.40	0.98	10.96	17.91	0.0	0.0
6432	134	15.38	0.99	10.80	17.85	0.0	0.0
6480	135	15.35	0.99	10.63	17.67	0.0	0.0
6528	136	15.33	1.00	10.46	17.66	0.0	0.0
6576	137	15.30	1.01	10.29	17.84	0.0	0.0
6624	138	15.28	1.02	10.12	17.92	0.0	0.0
6672	139	15.26	1.03	9.93	17.89	0.1	0.0
6720	140	15.24	1.05	9.73	17.74	0.1	0.0
6768	141	15.22	1.06	9.54	17.93	0.1	0.0
6816	142	15.20	1.08	9.36	17.88	0.1	0.0
6864	143	15.18	1.09	9.20	17.78	0.1	0.0
6912	144	15.17	1.10	9.06	17.94	0.1	0.0
6960	145	15.15	1.11	8.92	17.97	0.1	0.0
7008	146	15.14	1.12	8.79	18.03	0.1	0.0
7056	147	15.13	1.13	8.66	18.07	0.1	0.0
7104	148	15.12	1.14	8.58	17.99	0.1	0.0
7152	149	15.11	1.15	8.55	17.98	0.1	0.0
7200	150	15.10	1.16	8.53	18.04	0.1	0.0
7248	151	15.09	1.16	8.52	18.27	0.1	0.0
7296	152	15.08	1.17	8.49	18.11	0.1	0.0
7344	153	15.08	1.18	8.47	18.03	0.1	0.0
7392	154	15.07	1.18	8.45	17.85	0.1	0.0
7440	155	15.06	1.18	8.43	17.81	0.1	0.0
7488	156	15.06	1.18	8.41	17.82	0.1	0.0
7536	157	15.05	1.18	8.38	17.84	0.1	0.0
7584	158	15.05	1.18	8.36	18.01	0.2	0.0
7632	159	15.05	1.18	8.33	17.90	0.2	0.0
7680	160	15.05	1.19	8.31	17.73	0.2	0.0
7728	161	15.05	1.19	8.23	17.79	0.2	0.0
7776	162	15.05	1.19	8.14	17.88	0.2	0.0
7824	163	15.04	1.19	8.07	17.82	0.2	0.0
7872	164	15.04	1.19	7.98	17.77	0.2	0.0
7920	165	15.03	1.19	7.94	17.72	0.2	0.0
7968	166	15.03	1.20	7.91	17.80	0.2	0.0
8016	167	15.03	1.21	7.88	17.74	0.3	0.0
8064	168	15.03	1.21	7.84	17.61	0.3	0.0
8112	169	15.04	1.22	7.82	17.60	0.3	0.0
8160	170	15.04	1.22	7.99	17.72	0.3	0.0
8208	171	15.03	1.21	8.17	17.71	0.2	0.0
8256	172	15.03	1.21	8.36	17.67	0.1	0.0
8304	173	15.03	1.21	8.55	17.73	0.2	0.0
8352	174	15.03	1.21	9.20	17.70	0.2	0.0
8400	175	15.04	1.20	9.13	17.87	0.2	0.0
8448	176	15.04	1.20	9.01	17.69	0.2	0.0
8496	177	15.04	1.20	8.92	17.88	0.2	0.0
8544	178	15.04	1.20	8.80	17.79	0.2	0.0
8592	179	15.04	1.19	8.69	17.84	0.2	0.0
8640	180	15.04	1.19	8.59	17.82	0.2	0.0
8688	181	15.04	1.19	8.49	17.88	0.2	0.0
8736	182	15.04	1.19	8.37	17.93	0.1	0.0
8784	183	15.05	1.19	8.23	18.04	0.1	0.0
8832	184	15.05	1.19	8.09	18.00	0.1	0.0
8880	185	15.06	1.19	7.98	18.19	0.1	0.0
8928	186	15.06	1.19	7.88	18.22	0.1	0.0
8976	187	15.06	1.19	7.78	18.11	0.1	0.0
9024	188	15.06	1.20	7.64	18.01	0.2	0.0
9072	189	15.06	1.19	7.54	17.98	0.2	0.0
9120	190	15.07	1.19	7.43	18.01	0.2	0.0
9168	191	15.07	1.19	7.32	18.06	0.2	0.0
9216	192	15.07	1.20	7.25	18.19	0.2	0.0
9264	193	15.07	1.20	7.11	18.10	0.2	0.0
9312	194	15.07	1.20	7.01	18.05	0.2	0.0
9360	195	15.07	1.21	6.88	17.86	0.2	0.0
9408	196	15.07	1.21	6.79	17.81	0.2	0.0
9456	197	15.07	1.22	6.68	17.80	0.2	0.0
9504	198	15.06	1.22	6.57	18.21	0.2	0.0
9552	199	15.06	1.22	6.46	18.02	0.3	0.0
9600	200	15.06	1.23	6.37	17.96	0.3	0.0
9648	201	15.06	1.23	6.28	18.00	0.3	0.0
9696	202	15.06	1.24	6.17	17.94	0.2	0.0
9744	203	15.06	1.24	6.04	18.10	0.3	0.0
9792	204	15.06	1.25	5.91	18.18	0.3	0.0
9840	205	15.05	1.25	5.82	18.07	0.3	0.0
9888	206	15.04	1.25	5.72	17.98	0.3	0.0
9936	207	15.04	1.26	5.64	17.92	0.3	0.0
9984	208	15.04	1.26	5.53	17.88	0.3	0.0
10032	209	15.03	1.27	5.42	17.80	0.4	0.0
10080	210	15.03	1.27	5.36	17.74	0.5	0.0
10128	211	15.03	1.27	5.94	17.76	0.5	0.0
10176	212	15.03	1.28	6.38	17.76	0.5	0.0
10224	213	15.03	1.28	6.49	17.71	0.6	0.0
10272	214	15.03	1.29	6.24	17.63	0.5	0.0
10320	215	15.03	1.29	5.99	17.73	0.6	0.0
10368	216	15.03	1.29	5.74	17.77	0.7	0.0
10416	217	15.03	1.30	5.48	17.73	0.7	0.0
10464	218	15.02	1.30	5.21	17.97	0.7	0.0
10512	219	15.02	1.31	5.00	18.05	0.6	0.1
10560	220	15.02	1.31	4.81	18.23	0.6	0.1
10608	221	15.03	1.31	4.62	18.04	0.6	0.1
10656	222	15.03	1.32	4.43	18.14	0.6	0.1
10704	223	15.02	1.32	4.23	18.10	0.5	0.1
10752	224	15.02	1.32	4.08	18.10	0.5	0.1
10800	225	15.02	1.33	4.04	18.07	0.5	0.1
10848	226	15.01	1.33	4.09	18.26	0.6	0.1
10896	227	15.01	1.33	4.13	18.17	0.6	0.1
10944	228	15.00	1.33	4.18	18.25	0.6	0.2
10992	229	15.00	1.34	4.24	18.05	0.6	0.2
11040	230	14.99	1.34	4.19	18.00	0.6	0.2
11088	231	14.99	1.35	3.94	18.09	0.6	0.2
11136	232	14.99	1.35	3.69	18.11	0.6	0.2
11184	233	14.99	1.35	3.42	18.17	0.6	0.2
11232	234	14.99	1.35	3.21	18.06	0.6	0.1
11280	235	14.99	1.34	3.06	18.02	0.6	0.1
11328	236	14.99	1.35	2.94	17.84	0.6	0.1
11376	237	14.99	1.34	2.83	17.68	0.6	0.1
11424	238	14.99	1.34	2.73	17.65	0.6	0.1
11472	239	14.99	1.35	2.63	17.60	0.6	0.1
11520	240	14.99	1.35	2.69	17.62	0.7	0.1
11568	241	14.99	1.35	2.57	17.51	0.7	0.1
11616	242	15.01	1.36	2.64	17.63	0.7	0.1
11664	243	15.02	1.36	3.32	17.47	0.6	0.1
11712	244	15.03	1.34	4.42	17.73	0.6	0.1
11760	245	15.04	1.35	4.85	17.70	0.6	0.1
11808	246	15.05	1.35	4.93	17.70	0.6	0.1
11856	247	15.06	1.36	4.90	17.57	0.5	0.1
11904	248	15.07	1.35	4.81	17.58	0.5	0.1
11952	249	15.07	1.36	4.65	17.69	0.5	0.1
12000	250	15.09	1.36	4.57	17.76	0.6	0.1
12048	251	15.09	1.37	4.42	17.70	0.6	0.1
12096	252	15.10	1.38	4.28	17.68	0.6	0.1
12144	253	15.11	1.38	4.19	17.66	0.7	0.1
12192	254	15.12	1.38	4.03	17.73	0.7	0.1
12240	255	15.12	1.39	3.87	17.76	0.6	0.1
12288	256	15.13	1.39	3.74	17.76	0.6	0.1
12336	257	15.13	1.40	3.61	17.88	0.6	0.1
12384	258	15.13	1.40	3.50	17.76	0.6	0.1
12432	259	15.14	1.41	3.37	17.97	0.6	0.1
12480	260	15.14	1.41	3.23	17.79	0.6	0.1
12528	261	15.14	1.42	3.08	17.66	0.5	0.1
12576	262	15.14	1.43	2.96	17.60	0.5	0.1
12624	263	15.15	1.43	2.83	17.96	0.5	0.2
12672	264	15.15	1.44	2.63	18.05	0.5	0.2
12720	265	15.16	1.44	2.44	17.86	0.5	0.2
12768	266	15.16	1.44	2.26	17.83	0.6	0.2
12816	267	15.16	1.45	2.09	17.92	0.7	0.2
12864	268	15.16	1.45	1.92	17.88	0.7	0.2
12912	269	15.16	1.46	1.73	17.79	0.7	0.2
12960	270	15.16	1.47	1.57	17.78	0.7	0.2
13008	271	15.19	1.47	1.42	17.73	0.7	0.2
13056	272	15.23	1.48	1.25	18.06	0.7	0.2
13104	273	15.27	1.48	1.08	18.10	0.8	0.2
13152	274	15.30	1.48	0.93	17.94	0.9	0.2
13200	275	15.34	1.47	0.84	18.10	0.9	0.2
13248	276	15.38	1.47	0.70	18.06	0.8	0.2
13296	277	15.42	1.46	0.56	18.02	0.9	0.2
13344	278	15.46	1.46	0.42	18.02	0.9	0.2
13392	279	15.49	1.45	0.29	18.07	0.9	0.2
13440	280	15.52	1.44	0.26	18.04	0.9	0.2
13488	281	15.55	1.44	0.15	17.99	0.9	0.2
13536	282	15.58	1.43	0.01	18.15	0.8	0.2
13584	283	15.60	1.42	0.00	18.08	0.9	0.2
13632	284	15.63	1.41	0.00	18.00	0.8	0.2
13680	285	15.66	1.41	0.01	18.06	0.8	0.2
13728	286	15.68	1.40	0.43	17.99	0.7	0.2
13776	287	15.70	1.39	0.97	18.18	0.7	0.2
13824	288	15.72	1.38	1.10	18.02	0.7	0.2
13872	289	15.74	1.37	1.23	18.00	0.7	0.3
13920	290	15.76	1.36	1.46	17.99	0.7	0.3
13968	291	15.78	1.35	1.43	17.97	0.7	0.3
14016	292	15.80	1.33	1.37	18.35	0.7	0.2
14064	293	15.81	1.32	1.25	18.18	0.6	0.2
14112	294	15.83	1.31	1.18	18.11	0.6	0.2
14160	295	15.84	1.30	1.13	17.96	0.6	0.2
14208	296	15.86	1.28	1.06	17.95	0.6	0.2
14256	297	15.87	1.27	0.98	18.05	0.6	0.2
14304	298	15.88	1.26	0.90	18.12	0.6	0.2
14352	299	15.89	1.25	0.83	18.09	0.5	0.2
14400	300	15.89	1.25	0.78	18.14	0.4	0.2
14448	301	15.93	1.24	0.80	18.02	0.4	0.2
14496	302	15.96	1.22	0.78	18.05	0.4	0.2
14544	303	16.00	1.21	0.75	18.04	0.4	0.2
14592	304	16.04	1.19	0.74	18.22	0.4	0.2
14640	305	16.08	1.18	0.72	18.21	0.4	0.1
14688	306	16.12	1.16	0.70	18.29	0.4	0.1
14736	307	16.16	1.14	0.66	18.35	0.4	0.1
14784	308	16.19	1.13	0.67	18.21	0.4	0.1
14832	309	16.23	1.11	0.69	18.11	0.4	0.1
14880	310	16.26	1.10	0.69	18.04	0.4	0.1
14928	311	16.29	1.09	0.67	18.13	0.3	0.1
14976	312	16.32	1.07	0.68	18.24	0.3	0.1
15024	313	16.34	1.06	0.67	18.23	0.3	0.1
15072	314	16.37	1.05	0.68	18.15	0.3	0.1
15120	315	16.39	1.05	0.66	18.10	0.3	0.1
15168	316	16.40	1.04	0.62	18.13	0.3	0.1
15216	317	16.42	1.03	0.58	18.13	0.3	0.1
15264	318	16.44	1.01	0.54	18.22	0.3	0.1
15312	319	16.45	1.00	0.52	18.19	0.3	0.1
15360	320	16.46	1.00	0.51	18.21	0.3	0.1
15408	321	16.47	0.99	0.53	18.28	0.2	0.1
15456	322	16.48	0.98	0.54	18.34	0.2	0.1
15504	323	16.49	0.97	1.09	18.46	0.2	0.1
15552	324	16.50	0.96	1.10	18.41	0.1	0.1
15600	325	16.50	0.95	1.08	18.28	0.1	0.1
15648	326	16.50	0.95	1.05	18.34	0.1	0.1
15696	327	16.50	0.95	1.03	18.21	0.1	0.1
15744	328	16.51	0.94	1.04	18.29	0.1	0.1
15792	329	16.51	0.94	0.99	18.19	0.1	0.1
15840	330	16.51	0.94	0.95	18.32	0.1	0.1
15888	331	16.51	0.94	0.93	18.41	0.1	0.1
15936	332	16.51	0.94	0.92	18.38	0.1	0.1
15984	333	16.50	0.94	0.92	18.42	0.1	0.1
16032	334	16.48	0.93	0.94	18.56	0.1	0.1
16080	335	16.46	0.93	0.96	18.51	0.1	0.1
16128	336	16.44	0.93	0.96	18.46	0.1	0.1
16176	337	16.42	0.92	0.96	18.65	0.1	0.1
16224	338	16.40	0.92	0.98	18.60	0.1	0.1
16272	339	16.37	0.91	0.97	18.45	0.1	0.1
16320	340	16.34	0.91	0.93	18.41	0.1	0.1
16368	341	16.32	0.91	0.91	18.39	0.1	0.1
16416	342	16.29	0.91	0.90	18.49	0.1	0.1
16464	343	16.26	0.91	0.90	18.46	0.1	0.1
16512	344	16.23	0.90	0.92	18.41	0.1	0.1
16560	345	16.20	0.90	0.93	18.39	0.1	0.1
16608	346	16.17	0.91	0.91	18.28	0.1	0.1
16656	347	16.14	0.90	0.87	18.31	0.1	0.1
16704	348	16.11	0.90	0.88	18.29	0.1	0.1
16752	349	16.09	0.90	0.87	18.19	0.1	0.1
16800	350	16.06	0.90	0.84	18.35	0.1	0.1
16848	351	16.03	0.90	0.82	18.22	0.1	0.1
16896	352	16.01	0.90	0.83	18.27	0.1	0.1
16944	353	15.98	0.91	0.84	18.26	0.1	0.1
16992	354	15.96	0.91	0.84	18.24	0.1	0.1
17040	355	15.94	0.91	0.83	18.28	0.1	0.1
17088	356	15.92	0.92	0.81	18.26	0.1	0.1
17136	357	15.90	0.92	0.76	18.21	0.1	0.1
17184	358	15.89	0.92	0.91	18.39	0.1	0.1
17232	359	15.86	0.94	0.91	18.37	0.1	0.1
17280	360	15.84	0.94	0.91	18.23	0.1	0.1
17328	361	15.83	0.94	0.93	18.10	0.1	0.1
17376	362	15.81	0.95	0.91	18.09	0.1	0.1
17424	363	15.79	0.96	0.93	18.11	0.1	0.1
17472	364	15.78	0.96	0.91	18.21	0.1	0.1
17520	365	15.77	0.97	0.88	18.19	0.1	0.1
17568	366	15.76	0.97	0.90	18.11	0.1	0.1
17616	367	15.75	0.96	0.93	18.26	0.1	0.1
17664	368	15.73	0.97	0.97	18.31	0.1	0.1
17712	369	15.72	0.97	0.96	18.18	0.1	0.1
17760	370	15.72	0.98	0.95	18.19	0.1	0.1
17808	371	15.71	0.98	1.01	18.22	0.1	0.1
17856	372	15.70	0.98	1.00	18.20	0.1	0.1
17904	373	15.70	0.99	0.98	18.07	0.1	0.1
17952	374	15.68	1.01	1.01	18.38	0.2	0.1
18000	375	15.68	1.01	1.00	18.31	0.2	0.1
18048	376	15.67	1.02	1.00	18.26	0.2	0.1
18096	377	15.67	1.02	1.01	18.27	0.2	0.1
18144	378	15.67	1.02	0.99	18.24	0.1	0.1
18192	379	15.67	1.01	0.96	18.22	0.1	0.1
18240	380	15.67	1.01	0.95	18.30	0.1	0.1
18288	381	15.67	1.01	0.99	18.29	0.1	0.1
18336	382	15.67	1.01	0.98	18.16	0.1	0.1
18384	383	15.67	1.01	0.99	18.30	0.1	0.1
18432	384	15.68	1.01	1.01	18.45	0.1	0.1
18480	385	15.68	1.01	0.99	18.51	0.1	0.1
18528	386	15.68	1.00	0.97	18.50	0.1	0.1
18576	387	15.68	1.01	0.98	18.36	0.1	0.1
18624	388	15.68	1.00	0.97	18.36	0.1	0.1
18672	389	15.69	1.00	0.95	18.22	0.1	0.1
18720	390	15.69	1.00	0.94	18.14	0.1	0.1
18768	391	15.69	1.00	1.04	18.17	0.1	0.1
18816	392	15.70	0.99	1.14	18.23	0.1	0.1
18864	393	15.70	0.99	1.50	18.36	0.1	0.1
18912	394	15.71	0.98	1.59	18.41	0.1	0.1
18960	395	15.71	0.97	1.68	18.37	0.1	0.1
19008	396	15.72	0.97	1.82	18.35	0.1	0.1
19056	397	15.72	0.96	1.91	18.27	0.1	0.1
19104	398	15.73	0.95	1.99	18.32	0.1	0.1
19152	399	15.74	0.95	2.05	18.41	0.1	0.1
19200	400	15.75	0.94	2.14	18.40	0.1	0.1
19248	401	15.75	0.94	2.21	18.39	0.1	0.1
19296	402	15.76	0.93	2.30	18.34	0.1	0.1
19344	403	15.77	0.92	2.41	18.21	0.1	0.1
19392	404	15.78	0.92	2.50	18.24	0.1	0.1
19440	405	15.78	0.92	2.55	18.21	0.1	0.1
19488	406	15.79	0.91	2.66	18.13	0.1	0.1
19536	407	15.80	0.91	2.73	18.10	0.1	0.1
19584	408	15.81	0.91	2.80	18.12	0.1	0.1
19632	409	15.81	0.91	2.86	18.32	0.1	0.1
19680	410	15.82	0.90	2.92	18.21	0.1	0.1
19728	411	15.83	0.90	2.97	18.27	0.1	0.1
19776	412	15.83	0.90	3.09	18.31	0.1	0.1
19824	413	15.84	0.90	3.19	18.35	0.1	0.1
19872	414	15.84	0.89	3.54	18.33	0.1	0.1
19920	415	15.85	0.89	3.95	18.39	0.1	0.1
19968	416	15.86	0.89	4.37	18.50	0.1	0.1
20016	417	15.86	0.88	4.78	18.59	0.1	0.1
20064	418	15.87	0.88	5.19	18.44	0.2	0.0
20112	419	15.87	0.87	5.50	18.53	0.2	0.0
20160	420	15.88	0.87	5.61	18.50	0.2	0.0
20208	421	15.88	0.87	5.69	18.46	0.2	0.0
20256	422	15.92	0.86	5.78	18.32	0.2	0.0
20304	423	15.96	0.86	5.78	18.38	0.2	0.0
20352	424	16.00	0.85	5.70	18.37	0.2	0.0
20400	425	16.03	0.85	5.62	18.44	0.2	0.0
20448	426	16.07	0.85	5.65	18.30	0.2	0.0
20496	427	16.10	0.84	5.54	18.31	0.2	0.0
20544	428	16.13	0.84	5.68	18.47	0.2	0.0
20592	429	16.16	0.84	5.93	18.40	0.2	0.0
20640	430	16.19	0.84	6.13	18.61	0.2	0.0
20688	431	16.22	0.83	6.30	18.47	0.2	0.0
20736	432	16.25	0.82	6.55	18.43	0.2	0.0
20784	433	16.27	0.82	6.73	18.40	0.2	0.0
20832	434	16.30	0.81	6.82	18.37	0.2	0.0
20880	435	16.32	0.81	6.89	18.40	0.2	0.0
20928	436	16.34	0.80	6.99	18.34	0.2	0.0
20976	437	16.36	0.80	7.04	18.32	0.2	0.0
21024	438	16.38	0.79	7.09	18.25	0.1	0.0
21072	439	16.39	0.79	7.19	18.47	0.1	0.0
21120	440	16.41	0.79	7.25	18.46	0.1	0.0
21168	441	16.42	0.79	7.35	18.32	0.1	0.0
21216	442	16.43	0.79	7.43	18.28	0.1	0.0
21264	443	16.45	0.79	7.50	18.34	0.1	0.0
21312	444	16.46	0.79	7.56	18.24	0.1	0.0
21360	445	16.47	0.79	7.64	18.24	0.1	0.0
21408	446	16.48	0.78	7.72	18.26	0.1	0.0
21456	447	16.49	0.78	7.84	18.50	0.1	0.0
21504	448	16.50	0.78	7.83	18.36	0.1	0.0
21552	449	16.50	0.78	7.76	18.46	0.1	0.0
21600	450	16.51	0.77	7.69	18.44	0.1	0.0
21648	451	16.48	0.77	7.58	18.39	0.1	0.0
21696	452	16.46	0.77	7.46	18.39	0.1	0.0
21744	453	16.43	0.78	7.33	18.35	0.1	0.0
21792	454	16.41	0.78	7.21	18.35	0.1	0.0
21840	455	16.38	0.78	7.12	18.21	0.1	0.0
21888	456	16.36	0.79	7.03	18.29	0.1	0.0
21936	457	16.33	0.79	6.93	18.22	0.1	0.0
21984	458	16.31	0.80	6.83	18.23	0.1	0.0
22032	459	16.28	0.80	6.85	18.31	0.1	0.0
22080	460	16.26	0.81	6.83	18.23	0.1	0.0
22128	461	16.23	0.82	6.81	18.32	0.1	0.0
22176	462	16.20	0.82	6.78	18.33	0.1	0.0
22224	463	16.18	0.83	6.75	18.30	0.1	0.0
22272	464	16.15	0.84	6.67	18.24	0.1	0.0
22320	465	16.13	0.84	6.59	18.21	0.1	0.0
22368	466	16.10	0.85	6.44	18.24	0.1	0.0
22416	467	16.08	0.86	6.29	18.10	0.1	0.0
22464	468	16.05	0.87	6.19	18.16	0.1	0.0
22512	469	16.03	0.87	6.03	18.14	0.1	0.0
22560	470	16.01	0.88	5.88	18.10	0.1	0.0
22608	471	16.00	0.89	5.86	18.15	0.1	0.0
22656	472	15.98	0.90	5.96	18.13	0.1	0.0
22704	473	15.97	0.91	5.88	18.07	0.1	0.0
22752	474	15.95	0.91	5.77	18.04	0.1	0.0
22800	475	15.94	0.92	5.66	18.10	0.1	0.0
22848	476	15.92	0.93	5.55	18.03	0.1	0.0
22896	477	15.91	0.94	5.46	18.21	0.1	0.0
22944	478	15.90	0.94	5.37	18.15	0.1	0.0
22992	479	15.89	0.95	5.28	18.05	0.1	0.0
23040	480	15.88	0.96	5.20	18.00	0.1	0.0
23088	481	15.84	0.96	5.08	18.11	0.1	0.0
23136	482	15.80	0.96	4.94	18.20	0.1	0.1
23184	483	15.76	0.97	4.81	18.01	0.1	0.1
23232	484	15.72	0.97	4.72	18.11	0.1	0.1
23280	485	15.69	0.98	4.60	18.06	0.1	0.1
23328	486	15.65	0.99	4.46	17.90	0.1	0.1
23376	487	15.62	1.00	4.29	18.09	0.1	0.1
23424	488	15.58	1.01	4.12	18.01	0.1	0.1
23472	489	15.55	1.01	3.92	17.95	0.1	0.1
23520	490	15.51	1.02	3.74	17.94	0.1	0.1
23568	491	15.48	1.03	3.55	17.89	0.1	0.1
23616	492	15.44	1.04	3.37	17.88	0.1	0.1
23664	493	15.41	1.04	3.17	17.85	0.1	0.1
23712	494	15.37	1.05	2.99	17.79	0.1	0.1
23760	495	15.34	1.06	2.83	17.83	0.1	0.1
23808	496	15.31	1.07	2.66	17.78	0.1	0.1
23856	497	15.29	1.08	2.47	17.75	0.1	0.1
23904	498	15.26	1.09	2.28	17.75	0.1	0.1
23952	499	15.24	1.11	2.08	17.80	0.1	0.1
24000	500	15.22	1.12	1.88	18.12	0.1	0.1
24048	501	15.19	1.14	1.68	18.18	0.1	0.1
24096	502	15.17	1.15	1.48	17.99	0.1	0.1
24144	503	15.14	1.16	1.27	18.05	0.1	0.1
24192	504	15.12	1.18	1.05	17.87	0.2	0.1
24240	505	15.10	1.20	0.84	17.78	0.2	0.1
24288	506	15.08	1.22	0.64	17.92	0.2	0.1
24336	507	15.06	1.24	0.42	18.09	0.2	0.1
24384	508	15.05	1.25	0.21	18.03	0.2	0.1
24432	509	15.03	1.27	0.00	17.85	0.2	0.1
24480	510	15.02	1.29	0.00	17.77	0.2	0.1
24528	511	15.01	1.30	0.00	18.00	0.3	0.1
24576	512	15.00	1.31	0.11	18.05	0.2	0.1
24624	513	14.99	1.32	0.30	17.98	0.3	0.1
24672	514	14.98	1.32	0.50	17.80	0.3	0.1
24720	515	14.98	1.33	0.69	17.63	0.4	0.1
24768	516	14.97	1.33	0.89	17.61	0.4	0.1
24816	517	14.97	1.35	1.08	17.86	0.4	0.1
24864	518	14.97	1.35	1.27	17.86	0.5	0.1
24912	519	14.96	1.36	1.45	17.85	0.4	0.1
24960	520	14.96	1.36	1.63	17.91	0.4	0.1
25008	521	14.96	1.36	1.83	17.73	0.4	0.1
25056	522	14.96	1.36	2.20	17.79	0.5	0.1
25104	523	14.96	1.36	2.04	17.75	0.5	0.1
25152	524	14.96	1.36	1.77	17.74	0.5	0.1
25200	525	14.97	1.36	1.53	17.80	0.5	0.1
25248	526	14.97	1.37	1.24	17.77	0.5	0.1
25296	527	14.97	1.37	0.95	17.73	0.5	0.1
25344	528	14.97	1.36	0.63	17.73	0.5	0.1
25392	529	14.97	1.37	0.33	17.70	0.6	0.1
25440	530	14.97	1.36	0.02	17.63	0.5	0.2
25488	531	14.98	1.36	0.00	17.59	0.5	0.1
25536	532	14.98	1.36	0.00	17.58	0.5	0.1
25584	533	14.98	1.36	0.05	17.66	0.6	0.1
25632	534	14.98	1.36	0.11	17.52	0.6	0.1
25680	535	14.98	1.37	0.19	17.62	0.8	0.1
25728	536	14.98	1.38	0.26	17.63	0.8	0.1
25776	537	14.99	1.38	0.34	17.90	0.7	0.1
25824	538	14.99	1.39	0.41	17.93	0.8	0.1
25872	539	14.99	1.40	0.49	17.86	0.9	0.1
25920	540	14.99	1.40	1.45	17.94	0.9	0.1
25968	541	14.99	1.41	1.26	17.83	0.9	0.1
26016	542	14.99	1.41	1.05	17.71	0.8	0.1
26064	543	14.99	1.41	0.85	17.63	0.8	0.1
26112	544	14.99	1.42	0.64	17.64	0.9	0.1
26160	545	14.98	1.43	0.45	17.72	0.9	0.2
26208	546	14.98	1.43	0.27	17.78	0.8	0.2
26256	547	14.98	1.44	0.09	17.90	0.8	0.2
26304	548	14.98	1.44	0.00	17.73	0.9	0.2
26352	549	14.97	1.44	0.00	17.78	0.9	0.2
26400	550	14.97	1.45	0.00	17.74	0.8	0.2
26448	551	14.96	1.46	0.11	17.82	0.9	0.2
26496	552	14.95	1.47	0.96	17.75	0.9	0.1
26544	553	14.95	1.47	1.15	17.66	1.0	0.1
26592	554	14.95	1.48	1.34	17.56	1.0	0.1
26640	555	14.94	1.48	1.51	17.51	0.9	0.1
26688	556	14.93	1.49	1.81	17.56	0.9	0.1
26736	557	14.93	1.50	2.01	17.62	0.9	0.1
26784	558	14.92	1.51	1.94	18.10	1.0	0.1
26832	559	14.92	1.51	1.71	18.23	1.1	0.1
26880	560	14.92	1.52	1.47	18.28	1.1	0.1
26928	561	14.91	1.52	1.24	18.22	1.1	0.1
26976	562	14.91	1.52	1.00	18.30	1.2	0.1
27024	563	14.91	1.53	0.76	18.11	1.2	0.1
27072	564	14.90	1.53	0.48	18.09	1.2	0.1
27120	565	14.90	1.54	0.19	18.14	1.2	0.2
27168	566	14.90	1.54	0.00	17.95	1.3	0.2
27216	567	14.90	1.54	0.00	17.82	1.2	0.2
27264	568	14.89	1.55	0.00	17.79	1.1	0.2
27312	569	14.89	1.55	0.07	18.12	1.1	0.2
27360	570	14.88	1.56	0.14	18.15	1.1	0.2
27408	571	14.88	1.56	0.68	18.05	1.1	0.2
27456	572	14.88	1.56	0.76	17.87	1.1	0.2
27504	573	14.88	1.56	1.06	18.04	1.2	0.2
27552	574	14.87	1.56	1.16	18.24	1.2	0.2
27600	575	14.87	1.56	1.24	18.05	1.1	0.2
27648	576	14.87	1.56	2.10	17.98	1.2	0.2
27696	577	14.86	1.56	2.17	17.89	1.1	0.2
27744	578	14.86	1.57	2.20	18.05	1.1	0.2
27792	579	14.86	1.57	2.00	17.87	1.0	0.2
27840	580	14.85	1.57	1.79	17.82	1.0	0.2
27888	581	14.85	1.57	1.64	17.78	1.1	0.2
27936	582	14.85	1.57	1.52	17.73	1.1	0.2
27984	583	14.84	1.57	1.36	17.83	1.1	0.2
28032	584	14.84	1.57	1.18	17.70	1.1	0.2
28080	585	14.84	1.57	1.05	17.79	1.1	0.2
28128	586	14.83	1.57	0.78	17.75	1.1	0.2
28176	587	14.84	1.56	0.51	17.78	1.1	0.2
28224	588	14.84	1.55	0.21	17.61	1.1	0.2
28272	589	14.83	1.55	0.00	17.68	1.1	0.2
28320	590	14.83	1.54	0.00	17.70	1.1	0.1
28368	591	14.83	1.53	0.00	17.83	1.1	0.1
28416	592	14.84	1.53	0.04	17.69	1.1	0.2
28464	593	14.84	1.52	0.10	17.67	1.2	0.2
28512	594	14.84	1.51	0.18	17.64	1.1	0.2
28560	595	14.84	1.51	0.82	17.63	1.1	0.2
28608	596	14.84	1.51	1.15	17.56	1.1	0.2
28656	597	14.84	1.51	1.16	17.55	1.0	0.2
28704	598	14.84	1.51	1.22	17.66	1.0	0.2
28752	599	14.84	1.51	1.30	17.69	0.9	0.3
28800	600	14.84	1.51	1.39	17.55	0.8	0.3
28848	601	14.84	1.51	2.66	17.51	0.8	0.3
28896	602	14.85	1.52	2.58	17.58	0.8	0.3
28944	603	14.87	1.52	2.44	17.58	0.8	0.3
28992	604	14.88	1.53	2.30	17.85	0.8	0.3
29040	605	14.90	1.53	2.16	17.67	0.8	0.3
29088	606	14.91	1.53	1.98	17.70	0.8	0.3
29136	607	14.92	1.53	1.77	17.70	0.8	0.2
29184	608	14.93	1.53	1.56	17.78	0.9	0.2
29232	609	14.95	1.54	1.34	17.76	1.0	0.2
29280	610	14.96	1.54	1.12	17.74	1.1	0.2
29328	611	14.97	1.53	0.95	17.71	1.1	0.2
29376	612	14.98	1.54	0.82	17.68	1.1	0.2
29424	613	14.99	1.53	0.68	17.66	1.0	0.2
29472	614	15.01	1.52	0.52	17.95	1.0	0.2
29520	615	15.02	1.51	0.35	17.90	1.0	0.2
29568	616	15.03	1.51	0.21	17.91	1.0	0.1
29616	617	15.04	1.50	0.06	17.86	1.0	0.1
29664	618	15.05	1.50	0.00	17.91	1.1	0.1
29712	619	15.06	1.49	0.00	17.87	1.0	0.1
29760	620	15.07	1.49	0.00	18.04	1.0	0.2
29808	621	15.08	1.48	0.00	18.20	1.0	0.2
29856	622	15.09	1.48	0.07	18.10	0.9	0.2
29904	623	15.10	1.47	0.15	17.91	0.8	0.2
29952	624	15.11	1.46	0.23	17.74	0.8	0.2
30000	625	15.11	1.45	0.31	17.71	0.8	0.2
30048	626	15.12	1.45	0.34	17.77	1.0	0.2
30096	627	15.12	1.44	0.30	17.89	1.0	0.2
30144	628	15.14	1.44	0.33	17.72	1.0	0.2
30192	629	15.15	1.44	0.41	17.80	1.0	0.2
30240	630	15.16	1.44	0.49	18.09	1.0	0.2
30288	631	15.20	1.43	0.62	18.01	0.8	0.2
30336	632	15.23	1.42	0.97	18.20	0.8	0.1
30384	633	15.29	1.41	1.10	18.15	0.7	0.1
30432	634	15.33	1.40	1.22	18.00	0.7	0.1
30480	635	15.38	1.37	1.34	17.91	0.7	0.1
30528	636	15.43	1.35	1.45	18.06	0.7	0.1
30576	637	15.47	1.33	1.58	18.04	0.7	0.1
30624	638	15.52	1.31	2.61	18.15	0.6	0.1
30672	639	15.55	1.29	2.73	17.99	0.5	0.1
30720	640	15.59	1.27	3.31	18.00	0.5	0.1
30768	641	15.63	1.24	4.06	18.16	0.4	0.1
30816	642	15.66	1.22	4.19	18.00	0.4	0.1
30864	643	15.69	1.20	4.31	17.90	0.4	0.1
30912	644	15.73	1.18	4.93	17.94	0.4	0.1
30960	645	15.76	1.16	5.40	17.95	0.4	0.0
31008	646	15.78	1.15	6.62	17.86	0.4	0.0
31056	647	15.80	1.12	7.45	18.01	0.3	0.0
31104	648	15.83	1.10	7.61	17.99	0.3	0.0
31152	649	15.84	1.09	7.94	18.15	0.3	0.0
31200	650	15.86	1.08	8.06	18.08	0.2	0.0
31248	651	15.87	1.06	8.45	18.05	0.2	0.0
31296	652	15.88	1.04	8.57	18.02	0.1	0.0
31344	653	15.89	1.03	9.20	17.96	0.1	0.0
31392	654	15.90	1.03	9.94	18.06	0.1	0.0
31440	655	15.91	1.02	10.07	18.18	0.0	0.0
31488	656	15.92	1.02	10.19	18.21	0.0	0.0
31536	657	15.93	1.01	10.71	18.05	0.0	0.0
31584	658	15.93	1.01	10.68	18.10	0.0	0.0
31632	659	15.93	1.01	10.64	18.10	0.0	0.0
31680	660	15.93	1.01	10.60	17.96	0.0	0.0
31728	661	15.97	1.00	10.61	18.12	0.0	0.0
31776	662	16.00	0.99	10.61	18.15	0.0	0.0
31824	663	16.04	0.99	10.73	18.14	0.0	0.0
31872	664	16.07	0.98	10.87	18.16	0.0	0.0
31920	665	16.11	0.97	10.90	18.42	0.0	0.0
31968	666	16.14	0.96	10.92	18.54	0.0	0.0
32016	667	16.18	0.95	10.93	18.40	0.0	0.0
32064	668	16.21	0.94	10.97	18.40	0.0	0.0
32112	669	16.24	0.94	10.97	18.43	0.0	0.0
32160	670	16.26	0.93	11.03	18.47	0.0	0.0
32208	671	16.29	0.92	11.04	18.58	0.0	0.0
32256	672	16.31	0.92	11.10	18.62	0.0	0.0
32304	673	16.33	0.91	11.46	18.47	0.0	0.0
32352	674	16.36	0.90	11.50	18.40	0.0	0.0
32400	675	16.37	0.90	11.52	18.50	0.0	0.0
32448	676	16.39	0.89	11.49	18.36	0.0	0.0
32496	677	16.41	0.88	11.38	18.36	0.0	0.0
32544	678	16.42	0.88	11.24	18.24	0.0	0.0
32592	679	16.43	0.87	11.23	18.26	0.0	0.0
32640	680	16.44	0.87	11.33	18.26	0.0	0.0
32688	681	16.45	0.86	11.44	18.25	0.0	0.0
32736	682	16.46	0.86	11.54	18.36	0.0	0.0
32784	683	16.47	0.86	11.63	18.33	0.0	0.0
32832	684	16.48	0.86	11.71	18.37	0.0	0.0
32880	685	16.48	0.86	11.80	18.44	0.0	0.0
32928	686	16.49	0.86	11.88	18.52	0.0	0.0
32976	687	16.50	0.86	12.15	18.44	0.0	0.0
33024	688	16.50	0.86	12.13	18.43	0.0	0.0
33072	689	16.50	0.86	12.15	18.39	0.0	0.0
33120	690	16.51	0.86	12.19	18.35	0.0	0.0
33168	691	16.51	0.86	12.24	18.45	0.0	0.0
33216	692	16.50	0.86	12.36	18.31	0.0	0.0
33264	693	16.48	0.86	12.35	18.45	0.0	0.0
33312	694	16.46	0.86	12.34	18.42	0.0	0.0
33360	695	16.44	0.85	12.35	18.37	0.0	0.0
33408	696	16.42	0.85	12.37	18.48	0.0	0.0
33456	697	16.40	0.85	12.38	18.56	0.0	0.0
33504	698	16.37	0.84	12.36	18.50	0.0	0.0
33552	699	16.34	0.84	12.35	18.58	0.0	0.0
33600	700	16.31	0.84	12.31	18.48	0.0	0.0
33648	701	16.28	0.84	12.33	18.44	0.0	0.0
33696	702	16.25	0.84	12.36	18.31	0.0	0.0
33744	703	16.22	0.84	12.33	18.17	0.0	0.0
33792	704	16.19	0.84	12.31	18.14	0.0	0.0
33840	705	16.16	0.84	12.31	18.27	0.0	0.0
33888	706	16.13	0.84	12.15	18.32	0.0	0.0
33936	707	16.10	0.85	11.97	18.19	0.0	0.0
33984	708	16.07	0.85	11.83	18.20	0.0	0.0
34032	709	16.05	0.85	11.71	18.07	0.0	0.0
34080	710	16.02	0.86	11.58	18.05	0.0	0.0
34128	711	15.99	0.86	11.51	18.05	0.0	0.0
34176	712	15.97	0.87	11.46	18.25	0.0	0.0
34224	713	15.94	0.87	11.43	18.31	0.0	0.0
34272	714	15.91	0.88	11.37	18.26	0.0	0.0
34320	715	15.89	0.88	11.36	18.34	0.0	0.0
34368	716	15.87	0.89	11.33	18.24	0.0	0.0
34416	717	15.84	0.89	11.39	18.28	0.0	0.0
34464	718	15.82	0.90	11.40	18.41	0.0	0.0
34512	719	15.80	0.90	11.51	18.28	0.0	0.0
34560	720	15.79	0.90	11.44	18.23	0.0	0.0
