cenop/data/Kattegat/disttocoast.asc
ncols 600
nrows 1000
xllcorner 529473
yllcorner 5972242
cellsize 400
NODATA_value -9999
[rows 624 to 662 of 1000, columns 176 to 263 of 600]
0 0 0 0 0 0 0 0 0 0 0 0 0 0 0 0 0 0 0 0 0 0 0 0 0 0 0 0 0 0 0 0 0 0 0 0 0 0 0 400 800 1200 1600 2000 2400 2800 3200 3600 4000 4400 4800 5200 5600 6000 6400 6800 7200 7600 7610.519 7600 7610.519 7641.989 7694.154 7766.595 7858.753 7969.943 8099.383 8246.211 8409.519 8588.364 8781.8 8988.882 9200 8800 8400 8000 7600 7200 6800 6400 6000 5600 5200 4800 4400 4000 3600 3200
0 0 0 0 0 0 0 0 0 0 0 0 0 0 0 0 0 0 0 0 0 0 0 0 0 0 0 0 0 0 0 0 0 0 0 0 0 0 0 400 800 1200 1600 2000 2400 2800 3200 3600 4000 4400 4800 5200 5600 6000 6400 6800 7200 7244.308 7211.103 7200 7211.103 7244.308 7299.315 7375.636 7472.617 7589.466 7725.283 7879.086 8049.845 8236.504 8438.009 8653.323 8881.441 8809.086 8409.519 8009.994 7610.519 7211.103 6811.754 6412.488 6013.318 5614.268 5215.362 4816.638 4418.145 4019.95 3622.154 3224.903
0 0 0 0 0 0 0 0 0 0 0 0 0 0 0 0 0 0 0 0 0 0 0 0 0 0 0 0 0 0 0 0 0 0 0 0 0 0 0 400 800 1200 1600 2000 2400 2800 3200 3600 4000 4400 4800 5200 5600 6000 6400 6800 6905.071 6846.897 6811.754 6800 6811.754 6846.897 6905.071 6985.7 7088.018 7211.103 7353.911 7515.318 7694.154 7889.233 8099.383 8323.461 8560.374 8809.086 8438.009 8039.9 7641.989 7244.308 6846.897 6449.806 6053.098 5656.854 5261.179 4866.21 4472.136 4079.216 3687.818 3298.485
0 0 0 0 0 0 0 0 0 0 0 0 0 0 0 0 0 0 0 0 0 0 0 0 0 0 0 0 0 0 0 0 0 0 0 0 0 0 400 565.6854 894.4272 1264.911 1649.242 2039.608 2433.105 2828.427 3224.903 3622.154 4019.95 4418.145 4816.638 5215.362 5614.268 6013.318 6412.488 6596.969 6511.528 6449.806 6412.488 6400 6412.488 6449.806 6511.528 6596.969 6705.222 6835.203 6985.7 7155.417 7343.024 7547.185 7766.595 8000 8246.211 8504.116 8485.281 8089.5 7694.154 7299.315 6905.071 6511.528 6118.823 5727.128 5336.666 4947.727 4560.702 4176.123 3794.733 3417.602
0 0 0 0 0 0 0 0 0 0 0 0 0 0 0 0 0 0 0 0 0 0 0 0 0 0 0 0 0 0 0 0 0 0 0 0 0 0 400 800 1131.371 1442.22 1788.854 2154.066 2529.822 2912.044 3298.485 3687.818 4079.216 4472.136 4866.21 5261.179 5656.854 6053.098 6324.555 6209.67 6118.823 6053.098 6013.318 6000 6013.318 6053.098 6118.823 6209.67 6324.555 6462.198 6621.178 6800 6997.142 7211.103 7440.43 7683.749 7939.773 8207.313 8485.281 8158.431 7766.595 7375.636 6985.7 6596.969 6209.67 5824.088 5440.588 5059.644 4681.88 4308.132 3939.543 3577.709
0 0 0 0 0 0 0 0 0 0 0 0 0 0 0 0 0 0 0 0 0 0 0 0 0 0 0 0 0 0 0 0 0 0 0 0 0 0 400 800 1200 1600 2000 2332.381 2683.281 3046.309 3417.602 3794.733 4176.123 4560.702 4947.727 5336.666 5727.128 6092.619 5946.428 5824.088 5727.128 5656.854 5614.268 5600 5614.268 5656.854 5727.128 5824.088 5946.428 6092.619 6260.99 6449.806 6657.327 6881.86 7121.797 7375.636 7641.989 7919.596 8207.313 8207.313 7858.753 7472.617 7088.018 6705.222 6324.555 5946.428 5571.355 5200 4800 4400 4000 3600
0 0 0 0 0 0 0 0 0 0 0 0 0 0 0 0 0 0 0 0 0 0 0 0 0 0 0 0 0 0 0 0 0 0 0 0 0 0 400 800 1131.371 1442.22 1788.854 2154.066 2529.822 2912.044 3298.485 3687.818 4079.216 4472.136 4866.21 5261.179 5656.854 5727.128 5571.355 5440.588 5336.666 5261.179 5215.362 5200 5215.362 5261.179 5336.666 5440.588 5571.355 5727.128 5905.929 6105.735 6324.555 6560.488 6811.754 7076.722 7353.911 7641.989 7919.596 7939.773 7641.989 7353.911 7076.722 6800 6400 6000 5600 5200 4800 4400 4000 3600
0 0 0 0 0 0 0 0 0 0 0 0 0 0 0 0 0 0 0 0 0 0 0 0 0 0 0 0 0 0 0 0 0 0 0 0 0 0 400 565.6854 894.4272 1264.911 1649.242 2039.608 2433.105 2828.427 3224.903 3622.154 4019.95 4418.145 4816.638 5215.362 5556.978 5366.563 5200 5059.644 4947.727 4866.21 4816.638 4800 4816.638 4866.21 4947.727 5059.644 5200 5366.563 5556.978 5768.882 6000 6248.2 6511.528 6788.225 7076.722 7353.911 7641.989 7683.749 7375.636 7076.722 6788.225 6511.528 6248.2 6000 5600 5200 4800 4400 4000 3600
0 0 0 0 0 0 0 0 0 0 0 0 0 0 0 0 0 0 0 0 0 0 0 0 0 0 0 0 0 0 0 0 0 0 0 0 0 0 0 400 800 1200 1600 2000 2400 2800 3200 3600 4000 4400 4800 5200 5215.362 5011.986 4833.218 4681.88 4560.702 4472.136 4418.145 4400 4418.145 4472.136 4560.702 4681.88 4833.218 5011.986 5215.362 5440.588 5685.068 5946.428 6222.54 6511.528 6788.225 7076.722 7353.911 7440.43 7121.797 6811.754 6511.528 6222.54 5946.428 5685.068 5440.588 5200 4800 4400 4000 3600
0 0 0 0 0 0 0 0 0 0 0 0 0 0 0 0 0 0 0 0 0 0 0 0 0 0 0 0 0 0 0 0 0 0 0 0 0 0 0 400 800 1200 1600 2000 2400 2800 3200 3600 4000 4400 4800 5122.5 4882.622 4664.762 4472.136 4308.132 4176.123 4079.216 4019.95 4000 4019.95 4079.216 4176.123 4308.132 4472.136 4664.762 4882.622 5122.5 5381.45 5656.854 5946.428 6222.54 6511.528 6788.225 7076.722 7211.103 6881.86 6560.488 6248.2 5946.428 5656.854 5381.45 5122.5 4882.622 4664.762 4418.145 4019.95 3622.154
0 0 0 0 0 0 0 0 0 0 0 0 0 0 0 0 0 0 0 0 0 0 0 0 0 0 0 0 0 0 0 0 0 0 0 0 0 0 400 565.6854 894.4272 1264.911 1649.242 2039.608 2433.105 2828.427 3224.903 3622.154 4019.95 4418.145 4816.638 4816.638 4560.702 4326.662 4118.252 3939.543 3794.733 3687.818 3622.154 3600 3622.154 3687.818 3794.733 3939.543 4118.252 4326.662 4560.702 4816.638 5091.169 5381.45 5656.854 5946.428 6222.54 6511.528 6811.754 6997.142 6657.327 6324.555 6000 5685.068 5381.45 5091.169 4816.638 4560.702 4326.662 4118.252 3939.543 3687.818
0 0 0 0 0 0 0 0 0 0 0 0 0 0 0 0 0 0 0 0 0 0 0 0 0 0 0 0 0 0 0 0 0 0 0 0 0 0 400 800 1131.371 1442.22 1788.854 2154.066 2529.822 2912.044 3298.485 3687.818 4079.216 4472.136 4816.638 4525.483 4252.058 4000 3773.593 3577.709 3417.602 3298.485 3224.903 3200 3224.903 3298.485 3417.602 3577.709 3773.593 4000 4252.058 4525.483 4816.638 5091.169 5381.45 5656.854 5946.428 6248.2 6560.488 6800 6449.806 6105.735 5768.882 5440.588 5122.5 4816.638 4525.483 4252.058 4000 3773.593 3577.709 3394.113
0 0 0 0 0 0 0 0 0 0 0 0 0 0 0 0 0 0 0 0 0 0 0 0 0 0 0 0 0 0 0 0 0 0 0 0 0 0 400 800 1200 1600 2000 2332.381 2683.281 3046.309 3417.602 3794.733 4176.123 4560.702 4525.483 4252.058 3959.798 3687.818 3440.93 3224.903 3046.309 2912.044 2828.427 2800 2828.427 2912.044 3046.309 3224.903 3440.93 3687.818 3959.798 4252.058 4525.483 4816.638 5091.169 5381.45 5685.068 6000 6324.555 6621.178 6260.99 5905.929 5556.978 5215.362 4882.622 4560.702 4252.058 3959.798 3687.818 3440.93 3224.903 3046.309
0 0 0 0 0 0 0 0 0 0 0 0 0 0 0 0 0 0 0 0 0 0 0 0 0 0 0 0 0 0 0 0 0 0 0 0 0 0 400 800 1200 1600 2000 2400 2800 3200 3577.709 3939.543 4308.132 4525.483 4252.058 3959.798 3687.818 3394.113 3124.1 2884.441 2683.281 2529.822 2433.105 2400 2433.105 2529.822 2683.281 2884.441 3124.1 3394.113 3687.818 3959.798 4252.058 4525.483 4816.638 5122.5 5440.588 5768.882 6105.735 6449.806 6092.619 5727.128 5366.563 5011.986 4664.762 4326.662 4000 3687.818 3394.113 3124.1 2884.441 2683.281
0 0 0 0 0 0 0 0 0 0 0 0 0 0 0 0 0 0 0 0 0 0 0 0 0 0 0 0 0 0 0 0 0 0 0 0 0 0 400 800 1200 1600 2000 2400 2800 3200 3600 4000 4400 4252.058 3959.798 3687.818 3394.113 3124.1 2828.427 2561.25 2332.381 2154.066 2039.608 2000 2039.608 2154.066 2332.381 2561.25 2828.427 3124.1 3394.113 3687.818 3959.798 4252.058 4560.702 4882.622 5215.362 5556.978 5905.929 6260.99 5946.428 5571.355 5200 4833.218 4472.136 4118.252 3773.593 3440.93 3124.1 2828.427 2561.25 2332.381
0 0 0 0 0 0 0 0 0 0 0 0 0 0 0 0 0 0 0 0 0 0 0 0 0 0 0 0 0 0 0 0 0 0 0 0 0 0 400 800 1200 1600 2000 2400 2800 3200 3600 4000 4326.662 4000 3687.818 3394.113 3124.1 2828.427 2561.25 2262.742 2000 1788.854 1649.242 1600 1649.242 1788.854 2000 2262.742 2561.25 2828.427 3124.1 3394.113 3687.818 4000 4326.662 4664.762 5011.986 5366.563 5727.128 6092.619 5824.088 5440.588 5059.644 4681.88 4308.132 3939.543 3577.709 3224.903 2884.441 2561.25 2262.742 2000
0 0 0 0 0 0 0 0 0 0 0 0 0 0 0 0 0 0 0 0 0 0 0 0 0 0 0 0 0 0 0 0 0 0 0 0 0 0 400 800 1200 1600 2000 2400 2800 3200 3600 4000 4118.252 3773.593 3440.93 3124.1 2828.427 2561.25 2262.742 2000 1697.056 1442.22 1264.911 1200 1264.911 1442.22 1697.056 2000 2262.742 2561.25 2828.427 3124.1 3440.93 3773.593 4118.252 4472.136 4833.218 5200 5571.355 5946.428 5727.128 5336.666 4947.727 4560.702 4176.123 3794.733 3417.602 3046.309 2683.281 2332.381 2000 1697.056
0 0 0 0 0 0 0 0 0 0 0 0 0 0 0 0 0 0 0 0 0 0 0 0 0 0 0 0 0 0 0 0 0 0 0 0 0 400 565.6854 894.4272 1264.911 1649.242 2039.608 2433.105 2828.427 3224.903 3622.154 4019.95 3939.543 3577.709 3224.903 2884.441 2561.25 2262.742 2000 1697.056 1442.22 1131.371 894.4272 800 894.4272 1131.371 1442.22 1697.056 2000 2262.742 2561.25 2884.441 3224.903 3577.709 3939.543 4308.132 4681.88 5059.644 5440.588 5824.088 5656.854 5261.179 4866.21 4472.136 4079.216 3687.818 3298.485 2912.044 2529.822 2154.066 1788.854 1442.22
0 0 0 0 0 0 0 0 0 0 0 0 0 0 0 0 0 0 0 0 0 0 0 0 0 0 0 0 0 0 0 0 0 0 0 0 0 400 800 1131.371 1442.22 1788.854 2154.066 2529.822 2912.044 3298.485 3687.818 4079.216 3773.593 3417.602 3046.309 2683.281 2332.381 2000 1697.056 1442.22 1131.371 894.4272 565.6854 400 565.6854 894.4272 1131.371 1442.22 1697.056 2000 2332.381 2683.281 3046.309 3417.602 3794.733 4176.123 4560.702 4947.727 5336.666 5727.128 5614.268 5215.362 4816.638 4418.145 4019.95 3622.154 3224.903 2828.427 2433.105 2039.608 1649.242 1264.911
0 0 0 0 0 0 0 0 0 0 0 0 0 0 0 0 0 0 0 0 0 0 0 0 0 0 0 0 0 0 0 0 0 0 0 0 400 565.6854 894.4272 1264.911 1649.242 2000 2332.381 2683.281 3046.309 3417.602 3794.733 3939.543 3577.709 3224.903 2884.441 2529.822 2154.066 1788.854 1442.22 1131.371 894.4272 565.6854 400 0 400 565.6854 894.4272 1131.371 1442.22 1788.854 2154.066 2529.822 2912.044 3298.485 3687.818 4079.216 4472.136 4866.21 5261.179 5656.854 5600 5200 4800 4400 4000 3600 3200 2800 2400 2000 1600 1200
0 0 0 0 0 0 0 0 0 0 0 0 0 0 0 0 0 0 0 0 0 0 0 0 0 0 0 0 0 0 0 0 0 0 0 0 400 800 1131.371 1442.22 1788.854 2154.066 2529.822 2884.441 3224.903 3577.709 3939.543 3687.818 3394.113 3046.309 2683.281 2332.381 2000 1649.242 1264.911 894.4272 565.6854 400 0 0 0 400 565.6854 894.4272 1264.911 1649.242 2039.608 2433.105 2828.427 3224.903 3622.154 4019.95 4418.145 4816.638 5215.362 5614.268 5614.268 5215.362 4816.638 4418.145 4019.95 3622.154 3224.903 2828.427 2433.105 2039.608 1649.242 1264.911
0 0 0 0 0 0 0 0 0 0 0 0 0 0 0 0 0 0 0 0 0 0 0 0 0 0 0 0 0 0 0 0 0 0 0 0 400 800 1200 1600 2000 2332.381 2683.281 3046.309 3417.602 3773.593 3687.818 3394.113 3124.1 2828.427 2529.822 2154.066 1788.854 1442.22 1131.371 800 400 0 0 0 0 0 400 800 1200 1600 2000 2400 2800 3200 3600 4000 4400 4800 5200 5600 5656.854 5261.179 4866.21 4472.136 4079.216 3687.818 3298.485 2912.044 2529.822 2154.066 1788.854 1442.22
0 0 0 0 0 0 0 0 0 0 0 0 0 0 0 0 0 0 0 0 0 0 0 0 0 0 0 0 0 0 0 0 0 0 0 0 400 800 1200 1600 2000 2400 2800 3200 3577.709 3773.593 3440.93 3124.1 2828.427 2561.25 2262.742 2000 1649.242 1264.911 894.4272 565.6854 400 0 0 0 0 0 400 800 1200 1600 2000 2400 2800 3200 3600 4000 4400 4800 5200 5600 5727.128 5336.666 4947.727 4560.702 4176.123 3794.733 3417.602 3046.309 2683.281 2332.381 2000 1600
0 0 0 0 0 0 0 0 0 0 0 0 0 0 0 0 0 0 0 0 0 0 0 0 0 0 0 0 0 0 0 0 0 0 0 400 565.6854 894.4272 1264.911 1649.242 2039.608 2433.105 2828.427 3224.903 3622.154 3577.709 3224.903 2884.441 2561.25 2262.742 2000 1697.056 1442.22 1131.371 800 400 0 0 0 0 0 0 400 800 1200 1600 2000 2400 2800 3200 3600 4000 4400 4800 5200 5600 5824.088 5440.588 5059.644 4681.88 4308.132 3939.543 3577.709 3224.903 2828.427 2433.105 2039.608 1649.242
0 0 0 0 0 0 0 0 0 0 0 0 0 0 0 0 0 0 0 0 0 0 0 0 0 0 0 0 0 0 0 0 0 0 0 400 800 1131.371 1442.22 1788.854 2154.066 2529.822 2912.044 3298.485 3687.818 3417.602 3046.309 2683.281 2332.381 2000 1697.056 1442.22 1131.371 894.4272 565.6854 400 0 0 0 0 0 0 400 800 1200 1600 2000 2400 2800 3200 3600 4000 4400 4800 5200 5600 5946.428 5571.355 5200 4833.218 4472.136 4079.216 3687.818 3298.485 2912.044 2529.822 2154.066 1788.854
0 0 0 0 0 0 0 0 0 0 0 0 0 0 0 0 0 0 0 0 0 0 0 0 0 0 0 0 0 0 0 0 0 0 0 400 800 1200 1600 2000 2332.381 2683.281 3046.309 3417.602 3687.818 3298.485 2912.044 2529.822 2154.066 1788.854 1442.22 1131.371 894.4272 565.6854 400 0 0 0 0 0 0 0 400 800 1200 1600 2000 2400 2800 3200 3600 4000 4400 4800 5200 5600 6000 5727.128 5336.666 4947.727 4560.702 4176.123 3794.733 3417.602 3046.309 2683.281 2332.381 2000
0 0 0 0 0 0 0 0 0 0 0 0 0 0 0 0 0 0 0 0 0 0 0 0 0 0 0 0 0 0 0 0 0 0 0 400 800 1200 1600 2000 2400 2800 3200 3577.709 3622.154 3224.903 2828.427 2433.105 2039.608 1649.242 1264.911 894.4272 565.6854 400 0 0 0 0 0 0 0 400 565.6854 894.4272 1264.911 1649.242 2039.608 2433.105 2828.427 3224.903 3622.154 4019.95 4418.145 4816.638 5215.362 5614.268 6013.318 5824.088 5440.588 5059.644 4681.88 4308.132 3939.543 3577.709 3224.903 2884.441 2529.822 2154.066
0 0 0 0 0 0 0 0 0 0 0 0 0 0 0 0 0 0 0 0 0 0 0 0 0 0 0 0 0 0 0 0 0 0 0 400 800 1200 1600 2000 2400 2800 3200 3600 3577.709 3200 2800 2400 2000 1600 1200 800 400 0 0 0 0 0 0 0 0 400 800 1131.371 1442.22 1788.854 2154.066 2529.822 2912.044 3298.485 3687.818 4079.216 4472.136 4866.21 5261.179 5656.854 6053.098 5946.428 5571.355 5200 4833.218 4472.136 4118.252 3773.593 3417.602 3046.309 2683.281 2332.381
0 0 0 0 0 0 0 0 0 0 0 0 0 0 0 0 0 0 0 0 0 0 0 0 0 0 0 0 0 0 0 0 0 0 400 565.6854 894.4272 1264.911 1649.242 2039.608 2433.105 2828.427 3224.903 3622.154 3417.602 3046.309 2683.281 2332.381 2000 1600 1200 800 400 0 0 0 0 0 0 0 0 400 800 1200 1600 2000 2332.381 2683.281 3046.309 3417.602 3794.733 4176.123 4560.702 4947.727 5336.666 5727.128 6118.823 6092.619 5727.128 5366.563 5011.986 4664.762 4308.132 3939.543 3577.709 3224.903 2884.441 2561.25
0 0 0 0 0 0 0 0 0 0 0 0 0 0 0 0 0 0 0 0 0 0 0 0 0 0 0 0 0 0 0 0 0 0 400 800 1131.371 1442.22 1788.854 2154.066 2529.822 2912.044 3298.485 3577.709 3224.903 2884.441 2529.822 2154.066 1788.854 1442.22 1131.371 800 400 0 0 0 0 0 0 0 0 400 800 1200 1600 2000 2400 2800 3200 3577.709 3939.543 4308.132 4681.88 5059.644 5440.588 5824.088 6209.67 6260.99 5905.929 5556.978 5200 4833.218 4472.136 4118.252 3773.593 3440.93 3124.1 2828.427
0 0 0 0 0 0 0 0 0 0 0 0 0 0 0 0 0 0 0 0 0 0 0 0 0 0 0 0 0 0 0 0 0 0 400 800 1200 1600 2000 2332.381 2683.281 3046.309 3417.602 3417.602 3046.309 2683.281 2332.381 2000 1649.242 1264.911 894.4272 565.6854 400 0 0 0 0 0 0 0 0 400 800 1200 1600 2000 2400 2800 3200 3600 4000 4400 4800 5200 5571.355 5946.428 6324.555 6449.806 6092.619 5727.128 5366.563 5011.986 4664.762 4326.662 4000 3687.818 3394.113 3124.1
0 0 0 0 0 0 0 0 0 0 0 0 0 0 0 0 0 0 0 0 0 0 0 0 0 0 0 0 0 0 0 0 0 0 400 800 1200 1600 2000 2400 2800 3200 3577.709 3298.485 2912.044 2529.822 2154.066 1788.854 1442.22 1131.371 800 400 0 0 0 0 0 0 0 0 400 565.6854 894.4272 1264.911 1649.242 2039.608 2433.105 2828.427 3224.903 3622.154 4019.95 4418.145 4816.638 5215.362 5614.268 6013.318 6412.488 6621.178 6260.99 5905.929 5556.978 5215.362 4882.622 4560.702 4252.058 3959.798 3687.818 3440.93
0 0 0 0 0 0 0 0 0 0 0 0 0 0 0 0 0 0 0 0 0 0 0 0 0 0 0 0 0 0 0 0 0 0 400 800 1200 1600 2000 2400 2800 3200 3440.93 3124.1 2828.427 2433.105 2039.608 1649.242 1264.911 894.4272 565.6854 400 0 0 0 0 0 0 0 0 400 800 1131.371 1442.22 1788.854 2154.066 2529.822 2912.044 3298.485 3687.818 4079.216 4472.136 4866.21 5261.179 5656.854 6053.098 6449.806 6800 6449.806 6105.735 5768.882 5440.588 5122.5 4816.638 4525.483 4252.058 4000 3773.593
0 0 0 0 0 0 0 0 0 0 0 0 0 0 0 0 0 0 0 0 0 0 0 0 0 0 0 0 0 0 0 0 0 400 565.6854 894.4272 1264.911 1649.242 2039.608 2433.105 2828.427 3224.903 3224.903 2884.441 2561.25 2262.742 2000 1600 1200 800 400 0 0 0 0 0 0 0 0 0 400 800 1200 1600 2000 2332.381 2683.281 3046.309 3417.602 3794.733 4176.123 4560.702 4947.727 5336.666 5727.128 6118.823 6511.528 6905.071 6657.327 6324.555 6000 5685.068 5381.45 5091.169 4816.638 4560.702 4326.662 4118.252
0 0 0 0 0 0 0 0 0 0 0 0 0 0 0 0 0 0 0 0 0 0 0 0 0 0 0 0 0 0 0 0 0 400 800 1131.371 1442.22 1788.854 2154.066 2529.822 2912.044 3298.485 3046.309 2683.281 2332.381 2000 1697.056 1442.22 1131.371 800 400 0 0 0 0 0 0 0 0 0 400 800 1200 1600 2000 2400 2800 3200 3577.709 3939.543 4308.132 4681.88 5059.644 5440.588 5824.088 6209.67 6596.969 6985.7 6881.86 6560.488 6248.2 5946.428 5656.854 5381.45 5122.5 4882.622 4664.762 4472.136
0 0 0 0 0 0 0 0 0 0 0 0 0 0 0 0 0 0 0 0 0 0 0 0 0 0 0 0 0 0 0 0 0 400 800 1200 1600 2000 2332.381 2683.281 3046.309 3298.485 2912.044 2529.822 2154.066 1788.854 1442.22 1131.371 894.4272 565.6854 400 0 0 0 0 0 0 0 0 0 400 800 1200 1600 2000 2400 2800 3200 3600 4000 4400 4800 5200 5571.355 5946.428 6324.555 6705.222 7088.018 7121.797 6811.754 6511.528 6222.54 5946.428 5685.068 5440.588 5215.362 5011.986 4833.218
0 0 0 0 0 0 0 0 0 0 0 0 0 0 0 0 0 0 0 0 0 0 0 0 0 0 0 0 0 0 0 0 0 400 800 1200 1600 2000 2400 2800 3200 3224.903 2828.427 2433.105 2039.608 1649.242 1264.911 894.4272 565.6854 400 0 0 0 0 0 0 0 0 0 0 400 800 1200 1600 2000 2400 2800 3200 3600 4000 4400 4800 5200 5600 6000 6400 6800 7200 7375.636 7076.722 6788.225 6511.528 6248.2 6000 5768.882 5556.978 5366.563 5200
0 0 0 0 0 0 0 0 0 0 0 0 0 0 0 0 0 0 0 0 0 0 0 0 0 0 0 0 0 0 0 0 0 400 800 1200 1600 2000 2400 2800 3200 3200 2800 2400 2000 1600 1200 800 400 0 0 0 0 0 0 0 0 0 0 0 400 800 1200 1600 2000 2400 2800 3200 3600 4000 4400 4800 5200 5600 6000 6400 6800 7200 7600 7353.911 7076.722 6811.754 6560.488 6324.555 6105.735 5905.929 5727.128 5571.355
0 0 0 0 0 0 0 0 0 0 0 0 0 0 0 0 0 0 0 0 0 0 0 0 0 0 0 0 0 0 0 400 400 565.6854 894.4272 1264.911 1649.242 2039.608 2433.105 2828.427 3224.903 3200 2800 2400 2000 1600 1200 800 400 0 0 0 0 0 0 0 0 0 0 0 400 800 1200 1600 2000 2400 2800 3200 3600 4000 4400 4800 5200 5600 6000 6400 6800 7200 7600 7641.989 7375.636 7121.797 6881.86 6657.327 6449.806 6260.99 6092.619 5946.428
