cenop/data/Kattegat/disttocoast.asc
ncols 600
nrows 1000
xllcorner 529473
yllcorner 5972242
cellsize 400
NODATA_value -9999
[rows 117 to 155 of 1000, columns 88 to 175 of 600]
0 0 0 0 0 0 0 0 0 0 0 0 0 0 0 0 0 0 0 0 0 0 0 0 0 0 0 0 0 0 0 0 0 0 0 0 0 0 0 0 0 0 0 0 0 0 0 400 800 1131.371 1442.22 1788.854 2154.066 2529.822 2912.044 3298.485 3687.818 4079.216 4472.136 4866.21 5261.179 5656.854 6053.098 6449.806 6846.897 7244.308 7641.989 8039.9 8438.009 8836.289 9234.717 9616.652 10000 10384.6 10770.33 11157.06 11544.7 11933.15 12322.34 12712.2 13102.67 13493.7 13885.24 14277.25 14669.7 15057.22 15440.21 15824.03
0 0 0 0 0 0 0 0 0 0 0 0 0 0 0 0 0 0 0 0 0 0 0 0 0 0 0 0 0 0 0 0 0 0 0 0 0 0 0 0 0 0 0 0 0 0 0 400 565.6854 894.4272 1264.911 1649.242 2039.608 2433.105 2828.427 3224.903 3622.154 4019.95 4418.145 4816.638 5215.362 5614.268 6013.318 6412.488 6811.754 7211.103 7610.519 8009.994 8409.519 8809.086 9208.691 9608.33 10008 10407.69 10807.41 11207.14 11606.89 12006.67 12406.45 12806.25 13193.94 13582.34 13971.4 14361.06 14751.27 15141.99 15533.19 15924.82
400 0 0 0 0 0 0 0 0 0 0 0 0 0 0 0 0 0 0 0 0 0 0 0 0 0 0 0 0 0 0 0 0 0 0 0 0 0 0 0 0 0 0 0 0 0 0 0 400 800 1200 1600 2000 2400 2800 3200 3600 4000 4400 4800 5200 5600 6000 6400 6800 7200 7600 8000 8400 8800 9200 9600 10000 10400 10800 11200 11600 12000 12400 12800 13200 13600 14000 14400 14800 15200 15600 16000
565.6854 400 400 0 0 0 0 0 0 0 0 0 0 0 0 0 0 0 0 0 0 0 0 0 0 0 0 0 0 0 0 0 0 0 0 0 0 0 0 0 0 0 0 0 0 0 0 400 565.6854 894.4272 1264.911 1649.242 2039.608 2433.105 2828.427 3224.903 3622.154 4019.95 4418.145 4816.638 5215.362 5614.268 6013.318 6412.488 6811.754 7211.103 7610.519 8009.994 8409.519 8809.086 9208.691 9608.33 10008 10407.69 10807.41 11207.14 11606.89 12006.67 12406.45 12806.25 13206.06 13605.88 14005.71 14405.55 14805.4 15205.26 15605.13 16005
565.6854 800 565.6854 400 400 0 0 0 0 0 0 0 0 0 0 0 0 0 0 0 0 0 0 0 0 0 0 0 0 0 0 0 0 0 0 0 0 0 0 0 0 0 0 0 0 0 400 565.6854 894.4272 1131.371 1442.22 1788.854 2154.066 2529.822 2912.044 3298.485 3687.818 4079.216 4472.136 4866.21 5261.179 5656.854 6053.098 6449.806 6846.897 7244.308 7641.989 8039.9 8438.009 8836.289 9234.717 9633.275 10031.95 10430.72 10829.59 11228.54 11627.55 12026.64 12425.78 12824.98 13224.22 13623.51 14022.84 14422.21 14821.61 15221.04 15620.5 16019.99
400 800 894.4272 800 565.6854 400 0 0 0 0 0 0 0 0 0 0 0 0 0 0 0 0 0 0 0 0 0 0 0 0 0 0 0 0 0 0 0 0 0 0 0 0 0 0 0 0 400 800 1131.371 1442.22 1697.056 2000 2332.381 2683.281 3046.309 3417.602 3794.733 4176.123 4560.702 4947.727 5336.666 5727.128 6118.823 6511.528 6905.071 7299.315 7694.154 8089.5 8485.281 8881.441 9277.931 9674.709 10071.74 10469 10866.46 11264.1 11661.9 12059.85 12457.93 12856.13 13254.43 13652.84 14051.33 14449.91 14848.57 15247.29 15646.09 16044.94
400 400 565.6854 800 894.4272 565.6854 400 0 0 0 0 0 0 0 0 0 0 0 0 0 0 0 0 0 0 0 0 0 0 0 0 0 0 0 0 0 0 0 0 0 0 0 0 0 0 0 400 800 1200 1600 2000 2262.742 2561.25 2884.441 3224.903 3577.709 3939.543 4308.132 4681.88 5059.644 5440.588 5824.088 6209.67 6596.969 6985.7 7375.636 7766.595 8158.431 8551.023 8944.271 9338.094 9732.42 10127.19 10522.36 10917.88 11313.71 11709.83 12106.2 12502.8 12899.61 13296.62 13693.79 14091.13 14488.62 14886.24 15283.98 15681.84 16079.8
0 0 400 400 565.6854 894.4272 565.6854 400 400 0 0 0 0 0 0 0 0 0 0 0 0 0 0 0 0 0 0 0 0 0 0 0 0 0 0 0 0 0 0 0 0 0 0 0 0 0 400 800 1200 1600 2000 2400 2800 3124.1 3440.93 3773.593 4118.252 4472.136 4833.218 5200 5571.355 5946.428 6324.555 6705.222 7088.018 7472.617 7858.753 8246.211 8634.813 9024.411 9414.882 9806.12 10198.04 10590.56 10983.62 11377.17 11771.15 12165.53 12560.25 12955.31 13350.66 13746.27 14142.14 14538.23 14934.52 15331.01 15727.68 16124.52
0 0 0 0 400 565.6854 894.4272 800 565.6854 400 0 0 0 0 0 0 0 0 0 0 0 0 0 0 0 0 0 0 0 0 0 0 0 0 0 0 0 0 0 0 0 0 0 0 0 0 400 800 1200 1600 2000 2400 2800 3200 3600 4000 4326.662 4664.762 5011.986 5366.563 5727.128 6092.619 6462.198 6835.203 7211.103 7589.466 7969.943 8352.245 8736.132 9121.403 9507.892 9895.453 10283.97 10673.33 11063.45 11454.26 11845.67 12237.65 12630.12 13023.06 13416.41 13810.14 14204.22 14598.63 14993.33 15388.31 15783.54 16179
0 0 0 0 0 400 565.6854 894.4272 894.4272 565.6854 400 0 0 0 0 0 0 0 0 0 0 0 0 0 0 0 0 0 0 0 0 0 0 0 0 0 0 0 0 0 0 0 0 0 0 400 565.6854 894.4272 1264.911 1649.242 2039.608 2433.105 2828.427 3224.903 3622.154 4019.95 4418.145 4816.638 5215.362 5556.978 5905.929 6260.99 6621.178 6985.7 7353.911 7725.283 8099.383 8475.848 8854.378 9234.717 9616.652 10000 10384.6 10770.33 11157.06 11544.7 11933.15 12322.34 12712.2 13102.67 13493.7 13885.24 14277.25 14669.7 15062.54 15455.74 15849.29 16243.15
0 0 0 0 0 0 400 565.6854 894.4272 894.4272 565.6854 400 0 0 0 0 0 0 0 0 0 0 0 0 0 0 0 0 0 0 0 0 0 0 0 0 0 0 0 0 0 0 0 0 0 400 800 1131.371 1442.22 1788.854 2154.066 2529.822 2912.044 3298.485 3687.818 4079.216 4472.136 4866.21 5261.179 5656.854 6053.098 6449.806 6800 7155.417 7515.318 7879.086 8246.211 8616.264 8988.882 9363.76 9740.637 10119.29 10499.52 10881.18 11264.1 11648.18 12033.29 12419.34 12806.25 13193.94 13582.34 13971.4 14361.06 14751.27 15141.99 15533.19 15924.82 16316.86
0 0 0 0 0 0 0 400 565.6854 894.4272 894.4272 565.6854 400 0 0 0 0 0 0 0 0 0 0 0 0 0 0 0 0 0 0 0 0 0 0 0 0 0 0 0 0 0 0 0 0 400 800 1200 1600 2000 2332.381 2683.281 3046.309 3417.602 3794.733 4176.123 4560.702 4947.727 5336.666 5727.128 6118.823 6511.528 6905.071 7299.315 7694.154 8049.845 8409.519 8772.685 9138.928 9507.892 9879.271 10252.8 10628.26 11005.45 11384.2 11764.35 12145.78 12528.37 12912.01 13296.62 13682.11 14068.4 14455.45 14843.18 15231.55 15620.5 16010 16400
0 0 0 0 0 0 0 0 400 565.6854 894.4272 894.4272 565.6854 400 0 0 0 0 0 0 0 0 0 0 0 0 0 0 0 0 0 0 0 0 0 0 0 0 0 0 0 0 0 0 400 565.6854 894.4272 1264.911 1649.242 2039.608 2433.105 2828.427 3224.903 3577.709 3939.543 4308.132 4681.88 5059.644 5440.588 5824.088 6209.67 6596.969 6985.7 7375.636 7766.595 8158.431 8551.023 8944.271 9303.763 9666.437 10031.95 10400 10770.33 11142.71 11516.94 11892.86 12270.29 12649.11 13029.2 13410.44 13792.75 14176.04 14560.22 14945.23 15331.01 15717.51 16104.66 16492.42
0 0 0 0 0 0 0 0 0 400 800 1131.371 894.4272 565.6854 400 0 0 0 0 0 0 0 0 0 0 0 0 0 0 0 0 0 0 0 0 0 0 0 0 0 0 0 0 0 400 800 1131.371 1442.22 1788.854 2154.066 2529.822 2912.044 3298.485 3687.818 4079.216 4472.136 4833.218 5200 5571.355 5946.428 6324.555 6705.222 7088.018 7472.617 7858.753 8246.211 8634.813 9024.411 9414.882 9806.12 10198.04 10560.3 10925.2 11292.48 11661.9 12033.29 12406.45 12781.24 13157.51 13535.14 13914.02 14294.05 14675.15 15057.22 15440.21 15824.03 16208.64 16593.97
0 0 0 0 0 0 0 0 0 400 565.6854 800 894.4272 894.4272 565.6854 400 0 0 0 0 0 0 0 0 0 0 0 0 0 0 0 0 0 0 0 0 0 0 0 0 0 0 0 0 400 800 1200 1600 2000 2332.381 2683.281 3046.309 3417.602 3794.733 4176.123 4560.702 4947.727 5336.666 5727.128 6092.619 6462.198 6835.203 7211.103 7589.466 7969.943 8352.245 8736.132 9121.403 9507.892 9895.453 10283.97 10673.33 11063.45 11454.26 11818.63 12185.24 12553.88 12924.4 13296.62 13670.41 14045.64 14422.21 14800 15178.93 15558.92 15939.89 16321.76 16704.49
0 0 0 0 0 0 0 0 0 0 400 400 565.6854 894.4272 894.4272 565.6854 400 0 0 0 0 0 0 0 0 0 0 0 0 0 0 0 0 0 0 0 0 0 0 0 0 0 0 400 565.6854 894.4272 1264.911 1649.242 2039.608 2433.105 2828.427 3224.903 3577.709 3939.543 4308.132 4681.88 5059.644 5440.588 5824.088 6209.67 6596.969 6985.7 7353.911 7725.283 8099.383 8475.848 8854.378 9234.717 9616.652 10000 10384.6 10770.33 11157.06 11544.7 11933.15 12322.34 12712.2 13078.23 13446.19 13815.93 14187.32 14560.22 14934.52 15310.13 15686.94 16064.87 16443.84 16823.79
0 0 0 0 0 0 0 0 0 0 0 0 400 565.6854 800 894.4272 565.6854 400 0 0 0 0 0 0 0 0 0 0 0 0 0 0 0 0 0 0 0 0 0 0 0 0 0 400 800 1131.371 1442.22 1788.854 2154.066 2529.822 2912.044 3298.485 3687.818 4079.216 4472.136 4833.218 5200 5571.355 5946.428 6324.555 6705.222 7088.018 7472.617 7858.753 8246.211 8616.264 8988.882 9363.76 9740.637 10119.29 10499.52 10881.18 11264.1 11648.18 12033.29 12419.34 12806.25 13193.94 13582.34 13971.4 14338.76 14707.82 15078.46 15450.57 15824.03 16198.77 16574.68 16951.7
0 0 0 0 0 0 0 0 0 0 0 0 0 400 400 565.6854 894.4272 565.6854 400 0 0 0 0 0 0 0 0 0 0 0 0 0 0 0 0 0 0 0 0 0 0 0 400 565.6854 894.4272 1264.911 1649.242 2000 2332.381 2683.281 3046.309 3417.602 3794.733 4176.123 4560.702 4947.727 5336.666 5727.128 6092.619 6462.198 6835.203 7211.103 7589.466 7969.943 8352.245 8736.132 9121.403 9507.892 9879.271 10252.8 10628.26 11005.45 11384.2 11764.35 12145.78 12528.37 12912.01 13296.62 13682.11 14068.4 14455.45 14843.18 15231.55 15600 15969.97 16341.36 16714.07 17088.01
0 0 0 0 0 0 0 0 0 0 0 0 0 0 0 400 565.6854 894.4272 565.6854 400 0 0 0 0 0 0 0 0 0 0 0 0 0 0 0 0 0 0 0 0 0 0 400 800 1131.371 1442.22 1788.854 2154.066 2529.822 2884.441 3224.903 3577.709 3939.543 4308.132 4681.88 5059.644 5440.588 5824.088 6209.67 6596.969 6985.7 7353.911 7725.283 8099.383 8475.848 8854.378 9234.717 9616.652 10000 10384.6 10770.33 11142.71 11516.94 11892.86 12270.29 12649.11 13029.2 13410.44 13792.75 14176.04 14560.22 14945.23 15331.01 15717.51 16104.66 16492.42 16861.79 17232.53
0 0 0 0 0 0 0 0 0 0 0 0 0 0 0 0 400 565.6854 800 565.6854 400 400 0 0 0 0 0 0 0 0 0 0 0 0 0 0 0 0 0 0 0 0 400 800 1200 1600 2000 2332.381 2683.281 3046.309 3417.602 3773.593 4118.252 4472.136 4833.218 5200 5571.355 5946.428 6324.555 6705.222 7088.018 7472.617 7858.753 8246.211 8616.264 8988.882 9363.76 9740.637 10119.29 10499.52 10881.18 11264.1 11648.18 12033.29 12406.45 12781.24 13157.51 13535.14 13914.02 14294.05 14675.15 15057.22 15440.21 15824.03 16208.64 16593.97 16979.99 17366.63
0 0 0 0 0 0 0 0 0 0 0 0 0 0 0 0 0 400 400 565.6854 800 565.6854 400 0 0 0 0 0 0 0 0 0 400 400 400 400 400 400 400 0 0 400 565.6854 894.4272 1264.911 1649.242 2039.608 2433.105 2828.427 3224.903 3577.709 3939.543 4308.132 4664.762 5011.986 5366.563 5727.128 6092.619 6462.198 6835.203 7211.103 7589.466 7969.943 8352.245 8736.132 9121.403 9507.892 9879.271 10252.8 10628.26 11005.45 11384.2 11764.35 12145.78 12528.37 12912.01 13296.62 13670.41 14045.64 14422.21 14800 15178.93 15558.92 15939.89 16321.76 16704.49 17088.01 17472.26
0 0 0 0 0 0 0 0 0 0 0 0 0 0 0 0 0 0 0 400 400 565.6854 565.6854 400 400 0 0 0 0 0 400 400 565.6854 800 800 800 800 800 565.6854 400 400 565.6854 894.4272 1131.371 1442.22 1788.854 2154.066 2529.822 2912.044 3298.485 3687.818 4079.216 4472.136 4833.218 5200 5556.978 5905.929 6260.99 6621.178 6985.7 7353.911 7725.283 8099.383 8475.848 8854.378 9234.717 9616.652 10000 10384.6 10770.33 11142.71 11516.94 11892.86 12270.29 12649.11 13029.2 13410.44 13792.75 14176.04 14560.22 14934.52 15310.13 15686.94 16064.87 16443.84 16823.79 17204.65 17586.36
0 0 0 0 0 0 0 0 0 0 0 0 0 0 0 0 0 0 0 0 0 400 400 400 565.6854 400 400 400 400 400 400 400 400 400 400 400 565.6854 894.4272 894.4272 800 800 894.4272 1131.371 1442.22 1697.056 2000 2332.381 2683.281 3046.309 3417.602 3794.733 4176.123 4560.702 4947.727 5336.666 5727.128 6092.619 6449.806 6800 7155.417 7515.318 7879.086 8246.211 8616.264 8988.882 9363.76 9740.637 10119.29 10499.52 10881.18 11264.1 11648.18 12033.29 12406.45 12781.24 13157.51 13535.14 13914.02 14294.05 14675.15 15057.22 15440.21 15824.03 16198.77 16574.68 16951.7 17329.74 17708.76
0 0 0 0 0 0 0 0 0 0 0 0 0 0 0 0 0 0 0 0 0 0 0 0 400 400 400 400 400 0 0 0 0 0 0 0 400 800 1200 1200 1200 1264.911 1442.22 1697.056 2000 2262.742 2561.25 2884.441 3224.903 3577.709 3939.543 4308.132 4681.88 5059.644 5440.588 5824.088 6209.67 6596.969 6985.7 7343.024 7694.154 8049.845 8409.519 8772.685 9138.928 9507.892 9879.271 10252.8 10628.26 11005.45 11384.2 11764.35 12145.78 12528.37 12912.01 13296.62 13670.41 14045.64 14422.21 14800 15178.93 15558.92 15939.89 16321.76 16704.49 17088.01 17463.1 17839.28
0 0 0 0 0 0 0 0 0 0 0 0 0 0 0 0 0 0 0 0 0 0 0 0 0 0 0 0 0 0 0 0 0 0 0 0 400 800 1200 1600 1600 1649.242 1788.854 2000 2262.742 2561.25 2828.427 3124.1 3440.93 3773.593 4118.252 4472.136 4833.218 5200 5571.355 5946.428 6324.555 6705.222 7088.018 7472.617 7858.753 8236.504 8588.364 8944.271 9303.763 9666.437 10031.95 10400 10770.33 11142.71 11516.94 11892.86 12270.29 12649.11 13029.2 13410.44 13792.75 14176.04 14560.22 14934.52 15310.13 15686.94 16064.87 16443.84 16823.79 17204.65 17586.36 17968.86
0 0 0 0 0 0 0 0 0 0 0 0 0 0 0 0 0 0 0 0 0 0 0 0 0 0 0 0 0 0 0 0 0 0 0 0 400 800 1200 1600 2000 2039.608 2154.066 2332.381 2561.25 2828.427 3124.1 3394.113 3687.818 4000 4326.662 4664.762 5011.986 5366.563 5727.128 6092.619 6462.198 6835.203 7211.103 7589.466 7969.943 8352.245 8736.132 9121.403 9482.615 9838.699 10198.04 10560.3 10925.2 11292.48 11661.9 12033.29 12406.45 12781.24 13157.51 13535.14 13914.02 14294.05 14675.15 15057.22 15440.21 15824.03 16198.77 16574.68 16951.7 17329.74 17708.76 18088.67
0 0 0 0 0 0 0 0 0 0 0 0 0 0 0 0 0 0 0 0 0 0 0 0 0 0 0 0 0 0 0 0 0 0 0 0 400 800 1200 1600 2000 2400 2529.822 2683.281 2884.441 3124.1 3394.113 3687.818 3959.798 4252.058 4560.702 4882.622 5215.362 5556.978 5905.929 6260.99 6621.178 6985.7 7353.911 7725.283 8099.383 8475.848 8854.378 9234.717 9616.652 10000 10376.9 10733.13 11092.34 11454.26 11818.63 12185.24 12553.88 12924.4 13296.62 13670.41 14045.64 14422.21 14800 15178.93 15558.92 15939.89 16321.76 16704.49 17088.01 17463.1 17839.28 18216.48
0 0 0 0 0 0 0 0 0 0 0 0 0 0 0 0 0 0 0 0 0 0 0 0 0 0 0 0 0 0 0 0 0 0 0 400 565.6854 894.4272 1264.911 1649.242 2039.608 2433.105 2828.427 3046.309 3224.903 3440.93 3687.818 3959.798 4252.058 4525.483 4816.638 5122.5 5440.588 5768.882 6105.735 6449.806 6800 7155.417 7515.318 7879.086 8246.211 8616.264 8988.882 9363.76 9740.637 10119.29 10499.52 10881.18 11264.1 11627.55 11986.66 12348.28 12712.2 13078.23 13446.19 13815.93 14187.32 14560.22 14934.52 15310.13 15686.94 16064.87 16443.84 16823.79 17204.65 17586.36 17968.86 18352.11
0 0 0 0 0 0 0 0 0 0 0 0 0 0 0 0 0 0 0 0 0 0 0 0 0 0 0 0 0 0 0 0 0 0 400 565.6854 894.4272 1131.371 1442.22 1788.854 2154.066 2529.822 2912.044 3298.485 3577.709 3773.593 4000 4252.058 4525.483 4816.638 5091.169 5381.45 5685.068 6000 6324.555 6657.327 6997.142 7343.024 7694.154 8049.845 8409.519 8772.685 9138.928 9507.892 9879.271 10252.8 10628.26 11005.45 11384.2 11764.35 12145.78 12521.98 12880.99 13242.36 13605.88 13971.4 14338.76 14707.82 15078.46 15450.57 15824.03 16198.77 16574.68 16951.7 17329.74 17708.76 18088.67 18469.43
0 0 0 0 0 0 0 0 0 0 0 0 0 0 0 0 0 0 0 0 0 0 0 0 0 0 0 0 0 0 0 0 0 400 565.6854 894.4272 1131.371 1442.22 1697.056 2000 2332.381 2683.281 3046.309 3417.602 3794.733 4118.252 4326.662 4560.702 4816.638 5091.169 5381.45 5656.854 5946.428 6248.2 6560.488 6881.86 7211.103 7547.185 7889.233 8236.504 8588.364 8944.271 9303.763 9666.437 10031.95 10400 10770.33 11142.71 11516.94 11892.86 12270.29 12649.11 13029.2 13410.44 13775.34 14136.48 14499.66 14864.72 15231.55 15600 15969.97 16341.36 16714.07 17088.01 17463.1 17839.28 18216.48 18594.62
0 0 0 0 0 0 0 0 0 0 0 0 0 0 0 0 0 0 0 0 0 0 0 0 0 0 0 0 0 0 0 0 0 400 565.6854 894.4272 1264.911 1649.242 2000 2262.742 2561.25 2884.441 3224.903 3577.709 3939.543 4308.132 4664.762 4882.622 5122.5 5381.45 5656.854 5946.428 6222.54 6511.528 6811.754 7121.797 7440.43 7766.595 8099.383 8438.009 8781.8 9130.17 9482.615 9838.699 10198.04 10560.3 10925.2 11292.48 11661.9 12033.29 12406.45 12781.24 13157.51 13535.14 13914.02 14294.05 14669.7 15030.64 15393.5 15758.17 16124.52 16492.42 16861.79 17232.53 17604.54 17977.76 18352.11 18727.52
0 0 0 0 0 0 0 0 0 0 0 0 0 0 0 0 0 0 0 0 0 0 0 0 0 0 0 0 0 0 0 0 0 0 400 800 1200 1600 2000 2400 2800 3124.1 3440.93 3773.593 4118.252 4472.136 4833.218 5200 5440.588 5685.068 5946.428 6222.54 6511.528 6788.225 7076.722 7375.636 7683.749 8000 8323.461 8653.323 8988.882 9329.523 9674.709 10023.97 10376.9 10733.13 11092.34 11454.26 11818.63 12185.24 12553.88 12924.4 13296.62 13670.41 14045.64 14422.21 14800 15178.93 15558.92 15924.82 16287.42 16651.73 17017.64 17385.05 17753.87 18124.02 18495.4 18867.96
0 0 0 0 0 0 0 0 0 0 0 0 0 0 0 0 0 0 0 0 0 0 0 0 0 0 0 0 0 0 0 0 0 0 400 800 1200 1600 2000 2400 2800 3200 3600 4000 4326.662 4664.762 5011.986 5366.563 5727.128 6000 6248.2 6511.528 6788.225 7076.722 7353.911 7641.989 7939.773 8246.211 8560.374 8881.441 9208.691 9541.488 9879.271 10221.55 10567.88 10917.88 11271.2 11627.55 11986.66 12348.28 12712.2 13078.23 13446.19 13815.93 14187.32 14560.22 14934.52 15310.13 15686.94 16064.87 16443.84 16819.04 17181.38 17545.37 17910.89 18277.86 18646.18 19015.78
0 0 0 0 0 0 0 0 0 0 0 0 0 0 0 0 0 0 0 0 0 0 0 0 0 0 0 0 0 0 0 0 0 400 565.6854 894.4272 1264.911 1649.242 2039.608 2433.105 2828.427 3224.903 3622.154 4019.95 4418.145 4816.638 5215.362 5556.978 5905.929 6260.99 6560.488 6811.754 7076.722 7353.911 7641.989 7919.596 8207.313 8504.116 8809.086 9121.403 9440.339 9765.244 10095.54 10430.72 10770.33 11113.96 11461.24 11811.86 12165.53 12521.98 12880.99 13242.36 13605.88 13971.4 14338.76 14707.82 15078.46 15450.57 15824.03 16198.77 16574.68 16951.7 17329.74 17708.76 18075.4 18439.09 18804.25 19170.81
0 0 0 0 0 0 0 0 0 0 0 0 0 0 0 0 0 0 0 0 0 0 0 0 0 0 0 0 0 0 0 0 400 565.6854 894.4272 1131.371 1442.22 1788.854 2154.066 2529.822 2912.044 3298.485 3687.818 4079.216 4472.136 4866.21 5261.179 5656.854 6053.098 6449.806 6800 7121.797 7375.636 7641.989 7919.596 8207.313 8485.281 8772.685 9068.627 9372.3 9682.975 10000 10322.79 10650.82 10983.62 11320.78 11661.9 12006.67 12354.76 12705.9 13059.86 13416.41 13775.34 14136.48 14499.66 14864.72 15231.55 15600 15969.97 16341.36 16714.07 17088.01 17463.1 17839.28 18216.48 18594.62 18969.45 19332.87
0 0 0 0 0 0 0 0 0 0 0 0 0 0 0 0 0 0 0 0 0 0 0 0 0 0 0 0 0 0 0 0 400 800 1131.371 1442.22 1697.056 2000 2332.381 2683.281 3046.309 3417.602 3794.733 4176.123 4560.702 4947.727 5336.666 5727.128 6118.823 6511.528 6905.071 7299.315 7683.749 7939.773 8207.313 8485.281 8772.685 9050.967 9338.094 9633.275 9935.794 10245 10560.3 10881.18 11207.14 11537.76 11872.66 12211.47 12553.88 12899.61 13248.4 13600 13954.21 14310.83 14669.7 15030.64 15393.5 15758.17 16124.52 16492.42 16861.79 17232.53 17604.54 17977.76 18352.11 18727.52 19103.93 19481.27
0 0 0 0 0 0 0 0 0 0 0 0 0 0 0 0 0 0 0 0 0 0 0 0 0 0 0 0 0 0 0 0 400 800 1200 1600 2000 2262.742 2561.25 2884.441 3224.903 3577.709 3939.543 4308.132 4681.88 5059.644 5440.588 5824.088 6209.67 6596.969 6985.7 7375.636 7766.595 8158.431 8504.116 8772.685 9050.967 9338.094 9616.652 9903.535 10198.04 10499.52 10807.41 11121.15 11440.28 11764.35 12092.97 12425.78 12762.45 13102.67 13446.19 13792.75 14142.14 14494.14 14848.57 15205.26 15564.06 15924.82 16287.42 16651.73 17017.64 17385.05 17753.87 18124.02 18495.4 18867.96 19241.62 19616.32
0 0 0 0 0 0 0 0 0 0 0 0 0 0 0 0 0 0 0 0 0 0 0 0 0 0 0 0 0 0 0 0 400 800 1200 1600 2000 2400 2800 3124.1 3440.93 3773.593 4118.252 4472.136 4833.218 5200 5571.355 5946.428 6324.555 6705.222 7088.018 7472.617 7858.753 8246.211 8634.813 9024.411 9338.094 9616.652 9903.535 10182.34 10469 10762.9 11063.45 11370.14 11682.47 12000 12322.34 12649.11 12979.98 13314.65 13652.84 13994.28 14338.76 14686.05 15035.96 15388.31 15742.93 16099.69 16458.43 16819.04 17181.38 17545.37 17910.89 18277.86 18646.18 19015.78 19386.59 19758.54
0 0 0 0 0 0 0 0 0 0 0 0 0 0 0 0 0 0 0 0 0 0 0 0 0 0 0 0 0 0 0 0 400 800 1200 1600 2000 2400 2800 3200 3600 4000 4326.662 4664.762 5011.986 5366.563 5727.128 6092.619 6462.198 6835.203 7211.103 7589.466 7969.943 8352.245 8736.132 9121.403 9507.892 9895.453 10182.34 10469 10748.02 11034.49 11327.84 11627.55 11933.15 12244.18 12560.25 12880.99 13206.06 13535.14 13867.95 14204.22 14543.73 14886.24 15231.55 15579.47 15929.85 16282.51 16637.31 16994.12 17352.81 17713.27 18075.4 18439.09 18804.25 19170.81 19538.68 19907.79
