cenop/data/Kattegat/disttocoast.asc
ncols 600
nrows 1000
xllcorner 529473
yllcorner 5972242
cellsize 400
NODATA_value -9999
[rows 663 to 701 of 1000, columns 352 to 439 of 600]
565.6854 894.4272 800 800 800 894.4272 1131.371 1200 1200 1264.911 1442.22 1131.371 894.4272 565.6854 400 0 0 0 400 400 400 0 0 0 0 0 0 0 0 0 0 0 0 0 0 0 0 0 0 0 0 0 0 0 0 0 0 0 0 0 0 0 0 0 0 0 0 0 0 0 0 0 0 0 0 0 0 0 0 0 0 0 0 400 800 1200 1264.911 1200 1264.911 1442.22 1697.056 2000 2000 1697.056 1442.22 1131.371 894.4272 800
400 565.6854 400 400 400 565.6854 800 800 800 894.4272 1131.371 1200 1131.371 894.4272 565.6854 400 400 400 565.6854 800 565.6854 400 400 0 0 0 0 0 0 0 0 0 0 0 0 0 0 0 0 0 0 0 0 0 0 0 0 0 0 0 0 0 0 0 0 0 0 0 0 0 0 0 0 0 0 0 0 0 0 0 0 0 0 400 800 1131.371 1442.22 1600 1649.242 1788.854 2000 2000 1697.056 1442.22 1131.371 894.4272 565.6854 400
565.6854 400 0 0 0 400 400 400 400 565.6854 800 800 800 800 894.4272 800 800 800 894.4272 1131.371 894.4272 800 400 0 0 0 0 0 0 0 0 0 0 0 0 0 0 0 0 0 0 0 0 0 0 0 0 0 0 0 0 0 0 0 0 0 0 0 0 0 0 0 0 0 0 0 0 0 0 0 0 0 0 400 565.6854 894.4272 1264.911 1649.242 2000 2154.066 2000 1697.056 1442.22 1131.371 894.4272 565.6854 400 0
894.4272 565.6854 400 400 0 0 0 0 0 400 400 400 400 400 565.6854 800 894.4272 1131.371 1264.911 1442.22 1200 800 400 0 0 0 0 0 0 0 0 0 0 0 0 0 0 0 0 0 0 0 0 0 0 0 0 0 0 0 0 0 0 0 0 0 0 0 0 0 0 0 0 0 0 0 0 0 0 0 0 0 0 0 400 800 1200 1442.22 1697.056 2000 1697.056 1442.22 1131.371 894.4272 565.6854 400 0 0
1131.371 894.4272 800 565.6854 400 0 0 0 0 0 0 0 0 0 400 400 565.6854 800 894.4272 1131.371 1200 894.4272 565.6854 400 0 0 0 0 0 0 0 0 0 0 0 0 0 0 0 0 0 0 0 0 0 0 0 0 0 0 0 0 0 0 0 0 0 0 0 0 0 0 0 0 0 0 0 0 0 0 0 0 0 0 400 800 894.4272 1131.371 1442.22 1788.854 1442.22 1131.371 894.4272 565.6854 400 0 0 0
1442.22 1264.911 1131.371 894.4272 565.6854 400 400 400 0 0 0 0 0 0 0 0 400 400 565.6854 800 800 894.4272 894.4272 565.6854 400 0 0 0 0 0 0 0 0 0 0 0 0 0 0 0 0 0 0 0 0 0 0 0 0 0 0 0 0 0 0 0 0 0 0 0 0 0 0 0 0 0 0 0 0 0 0 0 0 0 400 400 565.6854 894.4272 1264.911 1649.242 1264.911 894.4272 565.6854 400 0 0 0 0
1788.854 1649.242 1442.22 1131.371 894.4272 800 800 565.6854 400 400 0 0 0 0 0 0 0 0 400 400 400 565.6854 800 894.4272 565.6854 400 0 0 0 0 0 0 0 0 0 0 0 0 0 0 0 0 0 0 0 0 0 0 0 0 0 0 0 0 0 0 0 0 0 0 0 0 0 0 0 0 0 0 0 0 0 0 0 0 0 0 400 800 1200 1600 1200 800 400 0 0 0 0 0
2154.066 2000 1697.056 1442.22 1264.911 1200 1131.371 894.4272 800 565.6854 400 400 400 400 0 0 0 0 0 0 0 400 400 565.6854 800 400 0 0 0 0 0 0 0 0 0 0 0 0 0 0 0 0 0 0 0 0 0 0 0 0 0 0 0 0 0 0 0 0 0 0 0 0 0 0 0 0 0 0 0 0 0 0 0 0 0 0 400 800 1200 1600 1200 800 400 0 0 0 0 0
2529.822 2262.742 2000 1788.854 1649.242 1600 1442.22 1264.911 1131.371 894.4272 800 800 800 565.6854 400 400 400 0 0 0 0 0 0 400 400 565.6854 400 0 0 0 0 0 0 0 0 0 0 0 0 0 0 0 0 0 0 0 0 0 0 0 0 0 0 0 0 0 0 0 0 0 0 0 0 0 0 0 0 0 0 0 0 0 0 0 0 0 400 800 1131.371 1442.22 1264.911 894.4272 565.6854 400 400 400 0 0
2828.427 2561.25 2332.381 2154.066 2039.608 2000 1788.854 1649.242 1442.22 1264.911 1200 1200 1131.371 894.4272 800 800 565.6854 400 400 400 0 0 0 0 0 400 0 0 0 0 0 0 0 0 0 0 0 0 0 0 0 0 0 0 0 0 0 0 0 0 0 0 0 0 0 0 0 0 0 0 0 0 0 0 0 0 0 0 0 0 0 0 0 0 0 0 400 565.6854 894.4272 1264.911 1442.22 1131.371 894.4272 800 800 565.6854 400 400
3124.1 2884.441 2683.281 2529.822 2433.105 2332.381 2154.066 2000 1788.854 1649.242 1600 1600 1442.22 1264.911 1200 1131.371 894.4272 800 800 565.6854 400 400 0 0 0 0 0 0 0 0 0 0 0 0 0 0 0 0 0 0 0 0 0 0 0 0 0 0 0 0 0 0 0 0 0 0 0 0 0 0 0 0 0 0 0 0 0 0 0 0 0 0 0 0 0 0 0 400 800 1131.371 1442.22 1442.22 1264.911 1200 1131.371 894.4272 800 800
3440.93 3224.903 3046.309 2912.044 2828.427 2683.281 2529.822 2332.381 2154.066 2039.608 2000 2000 1788.854 1649.242 1600 1442.22 1264.911 1200 1131.371 894.4272 800 565.6854 400 400 0 0 0 0 0 0 0 0 0 0 0 0 0 0 0 0 0 0 0 0 0 0 0 0 0 0 0 0 0 0 0 0 0 0 0 0 0 0 0 0 0 0 0 0 0 0 0 0 0 0 0 0 0 400 565.6854 894.4272 1131.371 1442.22 1649.242 1600 1442.22 1264.911 1200 1200
3773.593 3577.709 3417.602 3298.485 3224.903 3046.309 2884.441 2683.281 2529.822 2433.105 2400 2332.381 2154.066 2039.608 2000 1788.854 1649.242 1600 1442.22 1264.911 1131.371 894.4272 800 565.6854 400 0 0 0 0 0 0 0 0 0 0 0 0 0 0 0 0 0 0 0 0 0 0 0 0 0 0 0 0 0 0 0 0 0 0 0 0 0 0 0 0 0 0 0 0 0 0 0 0 0 0 0 0 0 400 565.6854 894.4272 1264.911 1649.242 2000 1788.854 1649.242 1600 1600
4118.252 3939.543 3794.733 3687.818 3577.709 3417.602 3224.903 3046.309 2912.044 2828.427 2800 2683.281 2529.822 2433.105 2332.381 2154.066 2039.608 2000 1788.854 1649.242 1442.22 1264.911 1131.371 894.4272 565.6854 400 0 0 0 0 0 0 0 0 0 0 0 0 0 0 0 0 0 0 0 0 0 0 0 0 0 0 0 0 0 0 0 0 0 0 0 0 0 0 0 0 0 0 0 0 0 0 0 0 0 0 0 0 0 400 800 1131.371 1442.22 1788.854 2154.066 2039.608 2000 2000
4472.136 4308.132 4176.123 4079.216 3939.543 3773.593 3577.709 3417.602 3298.485 3224.903 3200 3046.309 2912.044 2828.427 2683.281 2529.822 2433.105 2332.381 2154.066 2000 1788.854 1649.242 1442.22 1131.371 800 400 0 0 0 0 0 0 0 0 0 0 0 0 0 0 0 0 0 0 0 0 0 0 0 0 0 0 0 0 0 0 0 0 0 0 0 0 0 0 0 0 0 0 0 0 0 0 0 0 0 0 0 0 0 400 565.6854 894.4272 1264.911 1649.242 2000 2332.381 2400 2400
4833.218 4681.88 4560.702 4472.136 4308.132 4118.252 3939.543 3794.733 3687.818 3622.154 3577.709 3417.602 3298.485 3224.903 3046.309 2912.044 2828.427 2683.281 2529.822 2332.381 2154.066 2000 1649.242 1264.911 894.4272 565.6854 400 400 0 0 0 0 0 0 0 0 0 0 0 0 0 0 0 0 0 0 0 0 0 0 0 0 0 0 0 0 0 0 0 0 0 0 0 0 0 0 0 0 0 0 0 0 0 0 0 0 0 0 0 0 400 800 1131.371 1442.22 1788.854 2154.066 2529.822 2800
5200 5059.644 4947.727 4833.218 4664.762 4472.136 4308.132 4176.123 4079.216 4019.95 3939.543 3794.733 3687.818 3577.709 3417.602 3298.485 3224.903 3046.309 2884.441 2683.281 2529.822 2154.066 1788.854 1442.22 1131.371 894.4272 800 565.6854 400 400 0 0 0 0 0 0 0 0 0 0 0 0 0 0 0 0 0 0 0 0 0 0 0 0 0 0 0 0 0 0 0 0 0 0 0 0 0 0 0 0 0 0 0 0 0 0 0 0 0 0 400 565.6854 894.4272 1264.911 1649.242 2039.608 2433.105 2828.427
5571.355 5440.588 5336.666 5200 5011.986 4833.218 4681.88 4560.702 4472.136 4418.145 4308.132 4176.123 4079.216 3939.543 3794.733 3687.818 3577.709 3417.602 3224.903 3046.309 2683.281 2332.381 2000 1697.056 1442.22 1264.911 1131.371 894.4272 800 565.6854 400 0 0 0 0 0 0 0 0 0 0 0 0 0 0 0 0 0 0 0 0 0 0 0 0 0 0 0 0 0 0 0 0 0 0 0 0 0 0 0 0 0 0 0 0 0 0 0 0 0 0 400 800 1200 1600 2000 2400 2800
5946.428 5824.088 5727.128 5556.978 5366.563 5200 5059.644 4947.727 4866.21 4816.638 4681.88 4560.702 4472.136 4308.132 4176.123 4079.216 3939.543 3773.593 3577.709 3224.903 2884.441 2561.25 2262.742 2000 1788.854 1649.242 1442.22 1264.911 1131.371 894.4272 565.6854 400 0 0 0 0 0 0 0 0 0 0 0 0 0 0 0 0 0 0 0 0 0 0 0 0 0 0 0 0 0 0 0 0 0 0 0 0 0 0 0 0 0 0 0 0 0 0 0 0 0 400 800 1200 1600 2000 2332.381 2529.822
6324.555 6209.67 6105.735 5905.929 5727.128 5571.355 5440.588 5336.666 5261.179 5200 5059.644 4947.727 4833.218 4681.88 4560.702 4472.136 4308.132 4118.252 3773.593 3440.93 3124.1 2828.427 2561.25 2332.381 2154.066 2000 1788.854 1649.242 1442.22 1131.371 894.4272 565.6854 400 0 0 0 0 0 0 400 0 0 0 0 0 0 0 0 0 0 0 0 0 0 0 0 0 0 0 0 0 0 0 0 0 0 0 0 0 0 0 0 0 0 0 0 0 0 0 0 0 400 800 1200 1600 1788.854 2000 2154.066
6705.222 6596.969 6449.806 6260.99 6092.619 5946.428 5824.088 5727.128 5556.978 5366.563 5200 5059.644 4947.727 4866.21 4816.638 4800 4664.762 4326.662 4000 3687.818 3394.113 3124.1 2884.441 2683.281 2529.822 2332.381 2154.066 2000 1697.056 1442.22 1131.371 894.4272 565.6854 400 400 400 0 0 0 0 0 400 400 0 0 0 0 0 0 0 0 0 0 0 0 0 0 0 0 0 0 0 0 0 0 0 0 0 0 0 0 0 0 0 0 0 0 400 400 400 400 565.6854 894.4272 1200 1264.911 1442.22 1649.242 1788.854
7076.722 6788.225 6511.528 6248.2 6000 5768.882 5556.978 5366.563 5200 5011.986 4833.218 4681.88 4560.702 4472.136 4418.145 4400 4400 4418.145 4252.058 3959.798 3687.818 3440.93 3224.903 3046.309 2884.441 2683.281 2529.822 2262.742 2000 1697.056 1442.22 1131.371 894.4272 565.6854 400 400 400 0 0 0 0 400 565.6854 400 400 400 400 0 0 0 0 0 0 0 0 0 0 0 0 0 0 0 0 0 0 0 0 0 0 0 0 0 400 400 400 400 400 565.6854 800 800 800 800 800 800 894.4272 1131.371 1264.911 1442.22
6788.225 6511.528 6222.54 5946.428 5685.068 5440.588 5215.362 5011.986 4833.218 4664.762 4472.136 4308.132 4176.123 4079.216 4019.95 4000 4000 4019.95 4079.216 4176.123 4000 3773.593 3577.709 3417.602 3224.903 3046.309 2828.427 2561.25 2262.742 2000 1600 1200 800 400 0 0 0 400 0 400 400 565.6854 894.4272 800 800 800 400 0 0 0 0 0 0 0 0 0 0 0 0 0 0 0 0 0 0 0 0 0 0 0 0 400 400 400 565.6854 800 800 894.4272 1131.371 894.4272 565.6854 400 400 400 565.6854 800 894.4272 1131.371
6511.528 6222.54 5946.428 5656.854 5381.45 5122.5 4882.622 4664.762 4472.136 4308.132 4118.252 3939.543 3794.733 3687.818 3622.154 3600 3600 3622.154 3687.818 3794.733 3687.818 3440.93 3224.903 3046.309 2912.044 2828.427 2800 2828.427 2433.105 2039.608 1649.242 1264.911 894.4272 565.6854 400 0 0 400 400 565.6854 800 894.4272 1131.371 1200 1200 894.4272 565.6854 400 0 0 0 0 0 0 0 0 0 0 0 0 0 0 0 0 0 0 0 0 0 0 0 400 0 0 400 800 1200 1264.911 1200 800 400 0 0 0 400 400 565.6854 894.4272
6248.2 5946.428 5656.854 5381.45 5091.169 4816.638 4560.702 4326.662 4118.252 3939.543 3773.593 3577.709 3417.602 3298.485 3224.903 3200 3200 3224.903 3298.485 3417.602 3394.113 3124.1 2884.441 2683.281 2529.822 2433.105 2400 2433.105 2529.822 2154.066 1788.854 1442.22 1131.371 800 400 0 0 400 565.6854 894.4272 1131.371 1264.911 1442.22 1600 1442.22 1131.371 800 400 0 0 0 0 0 0 0 0 0 0 0 0 0 0 0 0 0 0 0 0 0 0 400 400 0 0 400 800 1200 1442.22 1200 800 400 0 0 0 0 0 400 565.6854
6000 5685.068 5381.45 5091.169 4816.638 4525.483 4252.058 4000 3773.593 3577.709 3417.602 3224.903 3046.309 2912.044 2828.427 2800 2800 2828.427 2912.044 3046.309 3124.1 2828.427 2561.25 2332.381 2154.066 2039.608 2000 2039.608 2154.066 2332.381 2000 1649.242 1264.911 894.4272 565.6854 400 0 0 400 800 1200 1600 1788.854 2000 1649.242 1264.911 894.4272 565.6854 400 0 0 0 0 0 0 0 0 0 0 0 0 0 0 0 0 0 0 0 0 400 565.6854 400 0 400 565.6854 894.4272 1264.911 1131.371 894.4272 800 565.6854 400 0 0 0 0 0 400
5768.882 5440.588 5122.5 4816.638 4525.483 4252.058 3959.798 3687.818 3440.93 3224.903 3046.309 2884.441 2683.281 2529.822 2433.105 2400 2400 2433.105 2529.822 2683.281 2884.441 2561.25 2262.742 2000 1788.854 1649.242 1600 1649.242 1788.854 2000 2154.066 1788.854 1442.22 1131.371 894.4272 565.6854 400 0 400 800 1200 1600 2000 2154.066 1788.854 1442.22 1131.371 894.4272 565.6854 400 0 0 0 0 0 0 0 0 0 0 0 0 0 0 0 0 0 0 400 565.6854 400 0 0 400 800 1131.371 894.4272 800 565.6854 400 400 565.6854 400 0 0 0 0 400
5556.978 5215.362 4882.622 4560.702 4252.058 3959.798 3687.818 3394.113 3124.1 2884.441 2683.281 2529.822 2332.381 2154.066 2039.608 2000 2000 2039.608 2154.066 2332.381 2529.822 2332.381 2000 1697.056 1442.22 1264.911 1200 1264.911 1442.22 1697.056 2000 2000 1697.056 1442.22 1131.371 894.4272 565.6854 400 565.6854 894.4272 1264.911 1649.242 2039.608 2332.381 2000 1697.056 1442.22 1131.371 894.4272 565.6854 400 400 0 0 0 0 0 0 0 0 0 0 0 0 0 0 0 400 565.6854 894.4272 565.6854 400 400 565.6854 894.4272 894.4272 565.6854 400 400 0 0 400 400 400 0 0 0 400
5366.563 5011.986 4664.762 4326.662 4000 3687.818 3394.113 3124.1 2828.427 2561.25 2332.381 2154.066 2000 1788.854 1649.242 1600 1600 1649.242 1788.854 2000 2154.066 2154.066 1788.854 1442.22 1131.371 894.4272 800 894.4272 1131.371 1442.22 1697.056 2000 2000 1697.056 1442.22 1131.371 894.4272 800 894.4272 1131.371 1442.22 1788.854 2154.066 2529.822 2262.742 2000 1697.056 1442.22 1131.371 894.4272 800 565.6854 400 400 0 0 0 0 0 0 0 0 0 0 0 0 400 565.6854 894.4272 800 800 800 800 894.4272 894.4272 565.6854 400 0 0 0 0 0 0 0 0 0 0 0
5091.169 4816.638 4472.136 4118.252 3773.593 3440.93 3124.1 2828.427 2561.25 2262.742 2000 1788.854 1649.242 1442.22 1264.911 1200 1200 1264.911 1442.22 1649.242 1788.854 2000 1649.242 1264.911 894.4272 565.6854 400 565.6854 894.4272 1131.371 1442.22 1649.242 1788.854 2000 1697.056 1442.22 1264.911 1200 1264.911 1442.22 1697.056 2000 2332.381 2683.281 2561.25 2262.742 2000 1697.056 1442.22 1264.911 1131.371 894.4272 800 565.6854 400 400 0 0 0 0 0 0 0 0 400 400 565.6854 894.4272 565.6854 400 400 565.6854 894.4272 894.4272 565.6854 400 0 0 0 0 0 0 0 0 0 0 0 0
4816.638 4525.483 4252.058 3939.543 3577.709 3224.903 2884.441 2561.25 2262.742 2000 1697.056 1442.22 1264.911 1131.371 894.4272 800 800 894.4272 1131.371 1264.911 1442.22 1697.056 1600 1200 800 400 0 400 565.6854 894.4272 1131.371 1264.911 1442.22 1649.242 1788.854 1788.854 1649.242 1600 1649.242 1788.854 2000 2262.742 2561.25 2884.441 2828.427 2561.25 2262.742 2000 1788.854 1649.242 1442.22 1131.371 894.4272 800 800 565.6854 400 400 400 400 400 400 400 400 565.6854 800 800 565.6854 400 0 0 400 800 565.6854 400 0 0 0 0 0 0 0 0 0 0 0 0 0
4560.702 4252.058 3959.798 3687.818 3417.602 3046.309 2683.281 2332.381 2000 1697.056 1442.22 1131.371 894.4272 800 565.6854 400 400 565.6854 800 894.4272 1131.371 1442.22 1600 1200 800 400 0 0 400 565.6854 800 894.4272 1131.371 1264.911 1442.22 1697.056 2000 2000 2039.608 2154.066 2332.381 2561.25 2828.427 2800 2683.281 2529.822 2433.105 2154.066 1788.854 1442.22 1131.371 894.4272 565.6854 400 565.6854 894.4272 800 800 800 800 800 800 800 800 565.6854 400 400 400 0 0 400 565.6854 800 400 0 0 0 0 0 0 0 0 0 0 0 0 0 0
4326.662 4000 3687.818 3394.113 3124.1 2884.441 2529.822 2154.066 1788.854 1442.22 1131.371 894.4272 565.6854 400 400 0 0 400 400 565.6854 894.4272 1131.371 1442.22 1264.911 894.4272 565.6854 400 0 0 400 400 565.6854 800 894.4272 1131.371 1442.22 1697.056 2000 2262.742 2529.822 2683.281 2529.822 2433.105 2400 2332.381 2154.066 2039.608 2000 1649.242 1264.911 894.4272 565.6854 400 0 400 800 1200 1200 1200 1200 1200 1200 1200 800 400 0 0 0 0 400 565.6854 894.4272 800 400 0 0 0 0 0 0 0 0 0 0 0 0 0 0
4118.252 3773.593 3440.93 3124.1 2828.427 2561.25 2332.381 2039.608 1649.242 1264.911 894.4272 565.6854 400 0 0 0 0 0 0 400 565.6854 894.4272 1131.371 1442.22 1131.371 800 400 0 0 0 0 400 400 565.6854 894.4272 1131.371 1442.22 1697.056 2000 2332.381 2332.381 2154.066 2039.608 2000 2000 1788.854 1649.242 1600 1600 1200 800 400 0 0 400 800 1200 1600 1600 1600 1600 1600 1200 800 400 0 0 400 400 565.6854 894.4272 1131.371 894.4272 565.6854 400 0 0 0 0 0 0 0 0 0 0 0 0 0
3939.543 3577.709 3224.903 2884.441 2561.25 2262.742 2000 1788.854 1600 1200 800 400 0 0 0 0 0 0 0 0 400 565.6854 894.4272 1131.371 1131.371 800 400 0 0 0 0 0 0 400 565.6854 894.4272 1131.371 1442.22 1788.854 2154.066 2000 1788.854 1649.242 1600 1600 1442.22 1264.911 1200 1200 1200 800 400 0 0 400 800 1131.371 1442.22 1264.911 1200 1200 1200 1200 894.4272 565.6854 400 400 565.6854 800 894.4272 1131.371 1442.22 1131.371 894.4272 565.6854 400 400 0 0 0 0 0 0 0 0 0 0 0
3773.593 3417.602 3046.309 2683.281 2332.381 2000 1697.056 1442.22 1264.911 1200 800 400 0 0 0 0 0 0 0 0 0 400 565.6854 894.4272 894.4272 565.6854 400 0 0 0 0 0 0 0 400 565.6854 894.4272 1264.911 1649.242 2000 1697.056 1442.22 1264.911 1200 1200 1131.371 894.4272 800 800 800 894.4272 565.6854 400 400 400 565.6854 894.4272 1131.371 894.4272 800 800 800 800 800 800 800 800 894.4272 1131.371 1264.911 1442.22 1697.056 1442.22 1131.371 894.4272 565.6854 400 0 0 0 0 0 0 0 0 0 0 0
3577.709 3224.903 2884.441 2529.822 2154.066 1788.854 1442.22 1131.371 894.4272 800 800 565.6854 400 0 0 0 0 0 0 0 0 0 400 800 565.6854 400 0 0 0 0 0 0 0 0 0 400 800 1200 1600 1788.854 1442.22 1131.371 894.4272 800 800 800 565.6854 400 400 400 565.6854 894.4272 800 400 0 400 565.6854 894.4272 565.6854 400 400 400 400 400 400 400 565.6854 894.4272 1131.371 1442.22 1697.056 1442.22 1131.371 894.4272 565.6854 400 0 0 0 0 0 0 0 0 0 0 0 0
3417.602 3046.309 2683.281 2332.381 2000 1649.242 1264.911 894.4272 565.6854 400 400 400 400 0 0 0 0 0 0 0 0 0 400 565.6854 400 0 0 0 0 0 0 0 0 0 400 565.6854 894.4272 1131.371 1442.22 1649.242 1264.911 894.4272 565.6854 400 400 400 400 0 0 0 400 565.6854 800 400 0 0 400 565.6854 400 0 0 0 0 0 0 0 400 565.6854 894.4272 1131.371 1442.22 1131.371 894.4272 565.6854 400 0 0 0 0 0 0 0 0 0 0 0 0 0
3298.485 2912.044 2529.822 2154.066 1788.854 1442.22 1131.371 800 400 0 0 0 0 0 0 0 0 0 0 0 0 0 0 400 400 0 0 0 0 0 0 0 0 0 0 400 565.6854 894.4272 1131.371 1442.22 1200 800 400 0 0 0 0 0 0 0 0 400 565.6854 400 0 0 0 400 0 0 0 0 0 0 0 0 0 400 565.6854 894.4272 1131.371 894.4272 565.6854 400 0 0 0 0 0 0 0 0 0 0 0 0 0 0
