cenop/data/Kattegat/disttocoast.asc
ncols 600
nrows 1000
xllcorner 529473
yllcorner 5972242
cellsize 400
NODATA_value -9999
[rows 468 to 506 of 1000, columns 176 to 263 of 600]
0 0 0 0 0 0 0 0 400 800 1200 1600 2000 2400 2800 3200 3600 4000 4400 4800 5200 5600 6000 6400 6800 7200 7600 8000 8400 8772.685 8485.281 8207.313 7939.773 7683.749 7440.43 7211.103 6997.142 6800 6621.178 6449.806 6260.99 6092.619 5946.428 5824.088 5727.128 5571.355 5440.588 5336.666 5261.179 5215.362 5200 5200 5200 5200 5200 5200 5200 5200 5200 5200 5200 5200 5200 5215.362 5261.179 5336.666 5440.588 5571.355 5727.128 5905.929 6092.619 6260.99 6248.2 6000 5768.882 5556.978 5366.563 5200 5011.986 4833.218 4681.88 4560.702 4472.136 4418.145 4400 4400 4400 4308.132
0 0 0 0 0 0 0 400 565.6854 894.4272 1264.911 1649.242 2039.608 2433.105 2828.427 3224.903 3622.154 4019.95 4418.145 4816.638 5215.362 5614.268 6013.318 6412.488 6811.754 7211.103 7610.519 8009.994 8409.519 8504.116 8207.313 7919.596 7641.989 7375.636 7121.797 6881.86 6657.327 6449.806 6260.99 6092.619 5905.929 5727.128 5571.355 5440.588 5336.666 5200 5059.644 4947.727 4866.21 4816.638 4800 4800 4800 4800 4800 4800 4800 4800 4800 4800 4800 4800 4800 4816.638 4866.21 4947.727 5059.644 5200 5366.563 5556.978 5727.128 5905.929 5946.428 5685.068 5440.588 5215.362 5011.986 4833.218 4664.762 4472.136 4308.132 4176.123 4079.216 4019.95 4000 4000 4000 3939.543
0 0 0 0 0 0 0 400 800 1131.371 1442.22 1788.854 2154.066 2529.822 2912.044 3298.485 3687.818 4079.216 4472.136 4866.21 5261.179 5656.854 6053.098 6449.806 6846.897 7244.308 7641.989 8039.9 8438.009 8246.211 7939.773 7641.989 7353.911 7076.722 6811.754 6560.488 6324.555 6105.735 5905.929 5727.128 5556.978 5366.563 5200 5059.644 4947.727 4833.218 4681.88 4560.702 4472.136 4418.145 4400 4400 4400 4400 4400 4400 4400 4400 4400 4400 4400 4400 4400 4418.145 4472.136 4560.702 4681.88 4833.218 5011.986 5200 5366.563 5556.978 5656.854 5381.45 5122.5 4882.622 4664.762 4472.136 4308.132 4118.252 3939.543 3794.733 3687.818 3622.154 3600 3600 3600 3577.709
0 0 0 0 0 0 0 400 800 1200 1600 2000 2332.381 2683.281 3046.309 3417.602 3794.733 4176.123 4560.702 4947.727 5336.666 5727.128 6118.823 6511.528 6905.071 7299.315 7694.154 8089.5 8323.461 8000 7683.749 7375.636 7076.722 6788.225 6511.528 6248.2 6000 5768.882 5556.978 5366.563 5200 5011.986 4833.218 4681.88 4560.702 4472.136 4308.132 4176.123 4079.216 4019.95 4000 4000 4000 4000 4000 4000 4000 4000 4000 4000 4000 4000 4000 4019.95 4079.216 4176.123 4308.132 4472.136 4664.762 4833.218 5011.986 5215.362 5261.179 5091.169 4816.638 4560.702 4326.662 4118.252 3939.543 3773.593 3577.709 3417.602 3298.485 3224.903 3200 3200 3200 3200
0 0 0 0 0 0 0 400 800 1200 1600 2000 2400 2800 3200 3577.709 3939.543 4308.132 4681.88 5059.644 5440.588 5824.088 6209.67 6596.969 6985.7 7375.636 7766.595 8158.431 8099.383 7766.595 7440.43 7121.797 6811.754 6511.528 6222.54 5946.428 5685.068 5440.588 5215.362 5011.986 4833.218 4664.762 4472.136 4308.132 4176.123 4079.216 3939.543 3794.733 3687.818 3622.154 3600 3600 3600 3600 3600 3600 3600 3600 3600 3600 3600 3600 3600 3622.154 3687.818 3794.733 3939.543 4118.252 4308.132 4472.136 4664.762 4866.21 4866.21 4816.638 4525.483 4252.058 4000 3773.593 3577.709 3417.602 3224.903 3046.309 2912.044 2828.427 2800 2800 2800 2800
0 0 0 0 0 0 400 565.6854 894.4272 1264.911 1649.242 2039.608 2433.105 2828.427 3224.903 3622.154 4019.95 4418.145 4816.638 5200 5571.355 5946.428 6324.555 6705.222 7088.018 7472.617 7858.753 8236.504 7889.233 7547.185 7211.103 6881.86 6560.488 6248.2 5946.428 5656.854 5381.45 5122.5 4882.622 4664.762 4472.136 4308.132 4118.252 3939.543 3794.733 3687.818 3577.709 3417.602 3298.485 3224.903 3200 3200 3200 3200 3200 3200 3200 3200 3200 3200 3200 3200 3200 3224.903 3298.485 3417.602 3577.709 3773.593 3939.543 4118.252 4326.662 4472.136 4472.136 4418.145 4252.058 3959.798 3687.818 3440.93 3224.903 3046.309 2884.441 2683.281 2529.822 2433.105 2400 2400 2400 2400
0 0 0 0 0 400 565.6854 894.4272 1131.371 1442.22 1788.854 2154.066 2529.822 2912.044 3298.485 3687.818 4079.216 4472.136 4866.21 5261.179 5656.854 6053.098 6449.806 6835.203 7211.103 7589.466 7969.943 8049.845 7694.154 7343.024 6997.142 6657.327 6324.555 6000 5685.068 5381.45 5091.169 4816.638 4560.702 4326.662 4118.252 3939.543 3773.593 3577.709 3417.602 3298.485 3224.903 3046.309 2912.044 2828.427 2800 2800 2800 2800 2800 2800 2800 2800 2800 2800 2800 2800 2800 2828.427 2912.044 3046.309 3224.903 3417.602 3577.709 3773.593 4000 4079.216 4079.216 4019.95 3939.543 3687.818 3394.113 3124.1 2884.441 2683.281 2529.822 2332.381 2154.066 2039.608 2000 2000 2000 2000
0 0 0 0 0 400 800 1131.371 1442.22 1697.056 2000 2332.381 2683.281 3046.309 3417.602 3794.733 4176.123 4560.702 4947.727 5336.666 5727.128 6118.823 6511.528 6905.071 7299.315 7694.154 8089.5 7879.086 7515.318 7155.417 6800 6449.806 6105.735 5768.882 5440.588 5122.5 4816.638 4525.483 4252.058 4000 3773.593 3577.709 3417.602 3224.903 3046.309 2912.044 2828.427 2683.281 2529.822 2433.105 2400 2400 2400 2400 2400 2400 2400 2400 2400 2400 2400 2400 2400 2433.105 2529.822 2683.281 2884.441 3046.309 3224.903 3440.93 3622.154 3687.818 3687.818 3622.154 3577.709 3394.113 3124.1 2828.427 2561.25 2332.381 2154.066 2000 1788.854 1649.242 1600 1600 1600 1600
0 0 0 0 0 400 800 1200 1600 2000 2262.742 2561.25 2884.441 3224.903 3577.709 3939.543 4308.132 4681.88 5059.644 5440.588 5824.088 6209.67 6596.969 6985.7 7375.636 7766.595 8099.383 7725.283 7353.911 6985.7 6621.178 6260.99 5905.929 5556.978 5215.362 4882.622 4560.702 4252.058 3959.798 3687.818 3440.93 3224.903 3046.309 2884.441 2683.281 2529.822 2433.105 2332.381 2154.066 2039.608 2000 2000 2000 2000 2000 2000 2000 2000 2000 2000 2000 2000 2000 2039.608 2154.066 2332.381 2529.822 2683.281 2884.441 3124.1 3224.903 3298.485 3298.485 3224.903 3200 3046.309 2828.427 2561.25 2262.742 2000 1788.854 1649.242 1442.22 1264.911 1200 1200 1200 1200
400 400 0 0 0 400 800 1200 1600 2000 2400 2800 3124.1 3440.93 3773.593 4118.252 4472.136 4833.218 5200 5571.355 5946.428 6324.555 6705.222 7088.018 7472.617 7858.753 7969.943 7589.466 7211.103 6835.203 6462.198 6092.619 5727.128 5366.563 5011.986 4664.762 4326.662 4000 3687.818 3394.113 3124.1 2884.441 2683.281 2529.822 2332.381 2154.066 2039.608 2000 1788.854 1649.242 1600 1600 1600 1600 1600 1600 1600 1600 1600 1600 1600 1600 1600 1649.242 1788.854 2000 2154.066 2332.381 2561.25 2800 2828.427 2912.044 2912.044 2828.427 2800 2683.281 2529.822 2262.742 2000 1697.056 1442.22 1264.911 1131.371 894.4272 800 800 800 800
800 565.6854 400 400 400 565.6854 894.4272 1264.911 1649.242 2039.608 2433.105 2828.427 3224.903 3622.154 4000 4326.662 4664.762 5011.986 5366.563 5727.128 6092.619 6462.198 6835.203 7211.103 7589.466 7969.943 7858.753 7472.617 7088.018 6705.222 6324.555 5946.428 5571.355 5200 4833.218 4472.136 4118.252 3773.593 3440.93 3124.1 2828.427 2561.25 2332.381 2154.066 2000 1788.854 1649.242 1600 1442.22 1264.911 1200 1200 1200 1200 1200 1200 1200 1200 1200 1200 1200 1200 1200 1264.911 1442.22 1649.242 1788.854 2000 2262.742 2400 2433.105 2529.822 2529.822 2433.105 2400 2332.381 2154.066 2000 1697.056 1442.22 1131.371 894.4272 800 565.6854 400 400 400 400
1131.371 894.4272 800 800 800 894.4272 1131.371 1442.22 1788.854 2154.066 2529.822 2912.044 3298.485 3687.818 4079.216 4472.136 4866.21 5215.362 5556.978 5905.929 6260.99 6621.178 6985.7 7353.911 7725.283 8099.383 7766.595 7375.636 6985.7 6596.969 6209.67 5824.088 5440.588 5059.644 4681.88 4308.132 3939.543 3577.709 3224.903 2884.441 2561.25 2262.742 2000 1788.854 1649.242 1442.22 1264.911 1200 1131.371 894.4272 800 800 800 800 800 800 800 800 800 800 800 800 800 894.4272 1131.371 1264.911 1442.22 1697.056 2000 2000 2039.608 2154.066 2154.066 2039.608 2000 2000 1788.854 1649.242 1442.22 1131.371 894.4272 565.6854 400 400 0 0 0 0
1442.22 1264.911 1200 1200 1200 1264.911 1442.22 1697.056 2000 2332.381 2683.281 3046.309 3417.602 3794.733 4176.123 4560.702 4947.727 5336.666 5727.128 6105.735 6449.806 6800 7155.417 7515.318 7879.086 8089.5 7694.154 7299.315 6905.071 6511.528 6118.823 5727.128 5336.666 4947.727 4560.702 4176.123 3794.733 3417.602 3046.309 2683.281 2332.381 2000 1697.056 1442.22 1264.911 1131.371 894.4272 800 800 565.6854 400 400 400 400 400 400 400 400 400 400 400 400 400 565.6854 800 894.4272 1131.371 1442.22 1600 1600 1649.242 1788.854 1788.854 1649.242 1600 1600 1442.22 1264.911 1131.371 894.4272 565.6854 400 0 0 0 0 0 0
1788.854 1649.242 1600 1600 1600 1649.242 1788.854 2000 2262.742 2561.25 2884.441 3224.903 3577.709 3939.543 4308.132 4681.88 5059.644 5440.588 5824.088 6209.67 6596.969 6985.7 7343.024 7694.154 8049.845 8039.9 7641.989 7244.308 6846.897 6449.806 6053.098 5656.854 5261.179 4866.21 4472.136 4079.216 3687.818 3298.485 2912.044 2529.822 2154.066 1788.854 1442.22 1131.371 894.4272 800 565.6854 400 400 400 0 0 0 0 0 0 0 0 0 0 0 0 0 400 400 565.6854 894.4272 1131.371 1200 1200 1264.911 1442.22 1442.22 1264.911 1200 1200 1131.371 894.4272 800 565.6854 400 0 0 0 0 0 0 0
2154.066 2039.608 2000 2000 2000 2039.608 2154.066 2332.381 2561.25 2828.427 3124.1 3440.93 3773.593 4118.252 4472.136 4833.218 5200 5571.355 5946.428 6324.555 6705.222 7088.018 7472.617 7858.753 8236.504 8009.994 7610.519 7211.103 6811.754 6412.488 6013.318 5614.268 5215.362 4816.638 4418.145 4019.95 3622.154 3224.903 2828.427 2433.105 2039.608 1649.242 1264.911 894.4272 565.6854 400 400 0 0 0 0 0 0 0 0 0 0 0 0 0 0 0 0 0 0 400 565.6854 800 800 800 894.4272 1131.371 1131.371 894.4272 800 800 800 565.6854 400 400 0 0 0 0 0 0 0 0
2529.822 2433.105 2400 2400 2400 2433.105 2529.822 2683.281 2884.441 3124.1 3394.113 3687.818 4000 4326.662 4664.762 5011.986 5366.563 5727.128 6092.619 6462.198 6835.203 7211.103 7589.466 7969.943 8352.245 8000 7600 7200 6800 6400 6000 5600 5200 4800 4400 4000 3600 3200 2800 2400 2000 1600 1200 800 400 0 0 0 0 0 0 0 0 0 0 0 0 0 0 0 0 0 0 0 0 0 400 400 400 400 565.6854 800 800 565.6854 400 400 400 400 0 0 0 0 0 0 0 0 0 0
2912.044 2828.427 2800 2800 2800 2828.427 2912.044 3046.309 3224.903 3440.93 3687.818 3959.798 4252.058 4560.702 4882.622 5215.362 5556.978 5905.929 6260.99 6621.178 6985.7 7353.911 7725.283 8099.383 8409.519 8009.994 7610.519 7211.103 6811.754 6412.488 6013.318 5614.268 5215.362 4816.638 4418.145 4019.95 3622.154 3224.903 2828.427 2433.105 2039.608 1649.242 1264.911 894.4272 565.6854 400 0 0 0 0 0 0 0 0 0 0 0 0 0 0 0 0 0 0 0 0 0 0 0 0 400 400 400 400 0 0 0 0 0 0 0 0 0 0 0 0 0 0
3298.485 3224.903 3200 3200 3200 3224.903 3298.485 3417.602 3577.709 3773.593 4000 4252.058 4525.483 4816.638 5122.5 5440.588 5768.882 6105.735 6449.806 6800 7155.417 7515.318 7879.086 8246.211 8438.009 8039.9 7641.989 7244.308 6846.897 6449.806 6053.098 5656.854 5261.179 4866.21 4472.136 4079.216 3687.818 3298.485 2912.044 2529.822 2154.066 1788.854 1442.22 1131.371 894.4272 565.6854 400 400 0 0 0 0 0 0 0 0 0 0 0 0 0 0 0 0 0 0 0 0 0 0 0 0 0 0 0 0 0 0 0 0 0 0 0 0 0 0 0 0
3687.818 3622.154 3600 3600 3600 3622.154 3687.818 3794.733 3939.543 4118.252 4326.662 4560.702 4816.638 5091.169 5381.45 5685.068 6000 6324.555 6657.327 6997.142 7343.024 7694.154 8049.845 8409.519 8485.281 8089.5 7694.154 7299.315 6905.071 6511.528 6118.823 5727.128 5336.666 4947.727 4560.702 4176.123 3794.733 3417.602 3046.309 2683.281 2332.381 2000 1697.056 1442.22 1131.371 894.4272 800 565.6854 400 400 0 0 0 0 0 0 0 400 400 400 400 0 0 0 0 0 0 0 0 0 0 0 0 0 0 0 0 0 0 0 0 0 0 0 0 0 0 0
4079.216 4019.95 4000 4000 4000 4019.95 4079.216 4176.123 4308.132 4472.136 4664.762 4882.622 5122.5 5381.45 5656.854 5946.428 6248.2 6560.488 6881.86 7211.103 7547.185 7889.233 8236.504 8588.364 8551.023 8158.431 7766.595 7375.636 6985.7 6596.969 6209.67 5824.088 5440.588 5059.644 4681.88 4308.132 3939.543 3577.709 3224.903 2884.441 2561.25 2262.742 2000 1697.056 1442.22 1264.911 1131.371 894.4272 800 565.6854 400 400 400 400 400 400 400 565.6854 800 800 565.6854 400 400 0 0 0 0 0 0 0 0 0 0 0 0 0 0 0 0 0 0 0 0 0 0 0 0 0
4472.136 4418.145 4400 4400 4400 4418.145 4472.136 4560.702 4681.88 4833.218 5011.986 5215.362 5440.588 5685.068 5946.428 6222.54 6511.528 6811.754 7121.797 7440.43 7766.595 8099.383 8438.009 8781.8 8634.813 8246.211 7858.753 7472.617 7088.018 6705.222 6324.555 5946.428 5571.355 5200 4833.218 4472.136 4118.252 3773.593 3440.93 3124.1 2828.427 2561.25 2262.742 2000 1788.854 1649.242 1442.22 1264.911 1131.371 894.4272 800 800 800 800 800 800 800 894.4272 1131.371 1131.371 894.4272 800 565.6854 400 0 0 0 0 0 0 0 0 0 0 0 0 0 0 0 0 0 0 0 0 0 0 0 0
4866.21 4816.638 4800 4800 4800 4816.638 4866.21 4947.727 5059.644 5200 5366.563 5556.978 5768.882 6000 6248.2 6511.528 6788.225 7076.722 7375.636 7683.749 8000 8323.461 8653.323 8988.882 8736.132 8352.245 7969.943 7589.466 7211.103 6835.203 6462.198 6092.619 5727.128 5366.563 5011.986 4664.762 4326.662 4000 3687.818 3394.113 3124.1 2828.427 2561.25 2332.381 2154.066 2000 1788.854 1649.242 1442.22 1264.911 1200 1200 1200 1200 1200 1200 1200 1264.911 1442.22 1442.22 1264.911 1131.371 800 400 0 0 0 0 0 0 0 0 0 0 0 0 0 0 0 0 0 0 0 0 0 0 0 0
5261.179 5215.362 5200 5200 5200 5215.362 5261.179 5336.666 5440.588 5571.355 5727.128 5905.929 6105.735 6324.555 6560.488 6811.754 7076.722 7353.911 7641.989 7939.773 8246.211 8560.374 8881.441 9208.691 8854.378 8475.848 8099.383 7725.283 7353.911 6985.7 6621.178 6260.99 5905.929 5556.978 5215.362 4882.622 4560.702 4252.058 3959.798 3687.818 3394.113 3124.1 2884.441 2683.281 2529.822 2332.381 2154.066 2000 1788.854 1649.242 1600 1600 1600 1600 1600 1600 1600 1649.242 1788.854 1788.854 1649.242 1264.911 894.4272 565.6854 400 0 0 0 0 0 0 0 0 0 0 0 0 0 0 0 0 0 0 0 0 0 0 0
5656.854 5614.268 5600 5600 5600 5614.268 5656.854 5727.128 5824.088 5946.428 6092.619 6260.99 6449.806 6657.327 6881.86 7121.797 7375.636 7641.989 7919.596 8207.313 8504.116 8809.086 9121.403 9363.76 8988.882 8616.264 8246.211 7879.086 7515.318 7155.417 6800 6449.806 6105.735 5768.882 5440.588 5122.5 4816.638 4525.483 4252.058 3959.798 3687.818 3440.93 3224.903 3046.309 2884.441 2683.281 2529.822 2332.381 2154.066 2039.608 2000 2000 2000 2000 2000 2000 2000 2039.608 2154.066 2154.066 1788.854 1442.22 1131.371 894.4272 565.6854 400 0 0 0 0 0 0 0 0 0 0 0 0 0 0 0 0 0 0 0 0 0 0
6053.098 6013.318 6000 6000 6000 6013.318 6053.098 6118.823 6209.67 6324.555 6462.198 6621.178 6800 6997.142 7211.103 7440.43 7683.749 7939.773 8207.313 8485.281 8772.685 9068.627 9372.3 9507.892 9138.928 8772.685 8409.519 8049.845 7694.154 7343.024 6997.142 6657.327 6324.555 6000 5685.068 5381.45 5091.169 4816.638 4525.483 4252.058 4000 3773.593 3577.709 3417.602 3224.903 3046.309 2884.441 2683.281 2529.822 2433.105 2400 2400 2400 2400 2400 2400 2400 2433.105 2529.822 2332.381 2000 1697.056 1442.22 1131.371 894.4272 565.6854 400 0 0 0 0 0 0 0 0 0 0 0 0 0 0 0 0 0 0 0 0 0
6449.806 6412.488 6400 6400 6400 6412.488 6449.806 6511.528 6596.969 6705.222 6835.203 6985.7 7155.417 7343.024 7547.185 7766.595 8000 8246.211 8504.116 8772.685 9050.967 9338.094 9633.275 9666.437 9303.763 8944.271 8588.364 8236.504 7889.233 7547.185 7211.103 6881.86 6560.488 6248.2 5946.428 5656.854 5381.45 5091.169 4816.638 4560.702 4326.662 4118.252 3939.543 3773.593 3577.709 3417.602 3224.903 3046.309 2912.044 2828.427 2800 2800 2800 2800 2800 2800 2800 2828.427 2884.441 2561.25 2262.742 2000 1697.056 1442.22 1131.371 800 400 0 0 0 0 0 0 0 0 0 0 0 0 0 0 0 0 0 0 0 0 0
6846.897 6811.754 6800 6800 6800 6811.754 6846.897 6905.071 6985.7 7088.018 7211.103 7353.911 7515.318 7694.154 7889.233 8099.383 8323.461 8560.374 8809.086 9068.627 9338.094 9616.652 9903.535 9838.699 9482.615 9130.17 8781.8 8438.009 8099.383 7766.595 7440.43 7121.797 6811.754 6511.528 6222.54 5946.428 5656.854 5381.45 5122.5 4882.622 4664.762 4472.136 4308.132 4118.252 3939.543 3773.593 3577.709 3417.602 3298.485 3224.903 3200 3200 3200 3200 3200 3200 3200 3200 3124.1 2828.427 2561.25 2262.742 2000 1649.242 1264.911 894.4272 565.6854 400 0 0 0 0 0 0 0 0 0 0 0 0 0 0 0 0 0 0 0 0
7244.308 7211.103 7200 7200 7200 7211.103 7244.308 7299.315 7375.636 7472.617 7589.466 7725.283 7879.086 8049.845 8236.504 8438.009 8653.323 8881.441 9121.403 9372.3 9633.275 9903.535 10182.34 10023.97 9674.709 9329.523 8988.882 8653.323 8323.461 8000 7683.749 7375.636 7076.722 6788.225 6511.528 6222.54 5946.428 5685.068 5440.588 5215.362 5011.986 4833.218 4664.762 4472.136 4308.132 4118.252 3939.543 3794.733 3687.818 3440.93 3224.903 3046.309 2912.044 2828.427 2800 2800 2800 2800 2800 2828.427 2828.427 2529.822 2154.066 1788.854 1442.22 1131.371 894.4272 565.6854 400 400 0 0 0 0 0 0 0 0 0 0 0 0 0 0 0 0 0 0
7641.989 7610.519 7600 7600 7600 7610.519 7641.989 7694.154 7766.595 7858.753 7969.943 8099.383 8246.211 8409.519 8588.364 8781.8 8988.882 9208.691 9440.339 9682.975 9935.794 10198.04 10469 10221.55 9879.271 9541.488 9208.691 8881.441 8560.374 8246.211 7939.773 7641.989 7353.911 7076.722 6788.225 6511.528 6248.2 6000 5768.882 5556.978 5366.563 5200 5011.986 4833.218 4664.762 4326.662 4000 3687.818 3394.113 3124.1 2884.441 2683.281 2529.822 2433.105 2400 2400 2400 2400 2400 2433.105 2529.822 2683.281 2332.381 2000 1697.056 1442.22 1131.371 894.4272 800 565.6854 400 0 0 0 0 0 0 0 0 0 0 0 0 0 0 0 0 0
8039.9 8009.994 8000 8000 8000 8009.994 8039.9 8089.5 8158.431 8246.211 8352.245 8475.848 8616.264 8772.685 8944.271 9130.17 9329.523 9541.488 9765.244 10000 10245 10499.52 10762.9 10430.72 10095.54 9765.244 9440.339 9121.403 8809.086 8504.116 8207.313 7919.596 7641.989 7353.911 7076.722 6811.754 6560.488 6324.555 6105.735 5905.929 5727.128 5556.978 5200 4833.218 4472.136 4118.252 3773.593 3440.93 3124.1 2828.427 2561.25 2332.381 2154.066 2039.608 2000 2000 2000 2000 2000 2039.608 2154.066 2332.381 2400 2262.742 2000 1697.056 1442.22 1264.911 1131.371 894.4272 565.6854 400 0 0 0 0 0 0 0 0 0 0 0 0 0 0 0 0
8400 8400 8400 8400 8400 8400 8409.519 8438.009 8485.281 8551.023 8634.813 8736.132 8854.378 8988.882 9138.928 9303.763 9482.615 9674.709 9879.271 10095.54 10322.79 10560.3 10807.41 10650.82 10322.79 10000 9682.975 9372.3 9068.627 8772.685 8485.281 8207.313 7919.596 7641.989 7375.636 7121.797 6881.86 6657.327 6449.806 6209.67 5824.088 5440.588 5059.644 4681.88 4308.132 3939.543 3577.709 3224.903 2884.441 2561.25 2262.742 2000 1788.854 1649.242 1600 1600 1600 1600 1600 1649.242 1788.854 2000 2000 2000 2000 2000 1788.854 1649.242 1442.22 1131.371 894.4272 565.6854 400 400 0 0 0 0 0 0 0 0 0 0 0 0 0 0
8000 8000 8009.994 8039.9 8009.994 8000 8009.994 8039.9 8089.5 8158.431 8246.211 8352.245 8475.848 8616.264 8772.685 8944.271 9130.17 9329.523 9541.488 9765.244 10000 10245 10499.52 10762.9 10560.3 10245 9935.794 9633.275 9338.094 9050.967 8772.685 8485.281 8207.313 7939.773 7683.749 7440.43 7211.103 6905.071 6511.528 6118.823 5727.128 5336.666 4947.727 4560.702 4176.123 3794.733 3417.602 3046.309 2683.281 2332.381 2000 1697.056 1442.22 1264.911 1200 1200 1200 1200 1200 1264.911 1442.22 1600 1600 1600 1600 1600 1600 1600 1600 1442.22 1131.371 894.4272 800 565.6854 400 0 400 0 0 0 0 0 0 0 0 0 0 0
7600 7600 7610.519 7641.989 7610.519 7600 7610.519 7641.989 7694.154 7766.595 7858.753 7969.943 8099.383 8246.211 8409.519 8588.364 8781.8 8988.882 9208.691 9440.339 9682.975 9935.794 10198.04 10469 10748.02 10499.52 10198.04 9903.535 9616.652 9338.094 9050.967 8772.685 8504.116 8246.211 8000 7641.989 7244.308 6846.897 6449.806 6053.098 5656.854 5261.179 4866.21 4472.136 4079.216 3687.818 3298.485 2912.044 2529.822 2154.066 1788.854 1442.22 1131.371 894.4272 800 800 800 800 800 894.4272 1131.371 1200 1200 1200 1200 1200 1200 1200 1200 1264.911 1442.22 1264.911 1131.371 894.4272 565.6854 400 565.6854 400 400 400 0 0 0 0 0 0 0 0
7200 7200 7211.103 7244.308 7211.103 7200 7211.103 7244.308 7299.315 7375.636 7472.617 7589.466 7725.283 7879.086 8049.845 8236.504 8438.009 8653.323 8881.441 9121.403 9372.3 9633.275 9903.535 10182.34 10469 10748.02 10469 10182.34 9903.535 9616.652 9338.094 9068.627 8809.086 8409.519 8009.994 7610.519 7211.103 6811.754 6412.488 6013.318 5614.268 5215.362 4816.638 4418.145 4019.95 3622.154 3224.903 2828.427 2433.105 2039.608 1649.242 1264.911 894.4272 565.6854 400 400 400 400 400 565.6854 800 800 800 800 800 800 800 800 800 894.4272 1131.371 1200 1200 1131.371 894.4272 800 894.4272 800 400 0 0 0 0 0 0 0 0 0
6800 6800 6811.754 6846.897 6811.754 6800 6811.754 6846.897 6905.071 6985.7 7088.018 7211.103 7353.911 7515.318 7694.154 7889.233 8099.383 8323.461 8560.374 8809.086 9068.627 9338.094 9616.652 9903.535 10182.34 10469 10748.02 10469 10182.34 9903.535 9600 9200 8800 8400 8000 7600 7200 6800 6400 6000 5600 5200 4800 4400 4000 3600 3200 2800 2400 2000 1600 1200 800 400 0 0 0 0 0 400 400 400 400 400 400 400 400 400 400 565.6854 800 800 800 800 894.4272 894.4272 565.6854 400 565.6854 400 400 0 0 0 0 0 0 0
6400 6400 6412.488 6449.806 6412.488 6400 6412.488 6449.806 6511.528 6596.969 6705.222 6835.203 6985.7 7155.417 7343.024 7547.185 7766.595 8000 8246.211 8504.116 8772.685 9050.967 9338.094 9616.652 9903.535 10198.04 10499.52 10748.02 10400 10000 9600 9200 8800 8400 8000 7600 7200 6800 6400 6000 5600 5200 4800 4400 4000 3600 3200 2800 2400 2000 1600 1200 800 400 0 0 0 0 0 0 0 0 0 0 0 0 0 0 0 400 400 400 400 400 565.6854 565.6854 400 0 400 400 0 0 0 0 0 0 0 0
6000 6000 6013.318 6053.098 6013.318 6000 6013.318 6053.098 6118.823 6209.67 6324.555 6462.198 6621.178 6800 6997.142 7211.103 7440.43 7683.749 7939.773 8207.313 8485.281 8772.685 9050.967 9338.094 9633.275 9935.794 10245 10560.3 10400 10000 9600 9200 8800 8400 8000 7600 7200 6800 6400 6000 5600 5200 4800 4400 4000 3600 3200 2800 2400 2000 1600 1200 800 400 0 0 0 0 0 0 0 0 0 0 0 0 0 0 0 0 0 0 0 0 400 400 0 0 0 0 0 0 0 0 0 0 0 0
5600 5600 5614.268 5656.854 5614.268 5600 5614.268 5656.854 5727.128 5824.088 5946.428 6092.619 6260.99 6449.806 6657.327 6881.86 7121.797 7375.636 7641.989 7919.596 8207.313 8485.281 8772.685 9068.627 9372.3 9682.975 10000 10322.79 10407.69 10008 9608.33 9208.691 8809.086 8409.519 8009.994 7610.519 7211.103 6811.754 6412.488 6013.318 5614.268 5215.362 4816.638 4418.145 4019.95 3622.154 3224.903 2828.427 2433.105 2039.608 1649.242 1264.911 894.4272 565.6854 400 400 0 0 0 0 0 0 0 0 0 0 0 0 0 0 0 0 0 0 0 0 0 0 0 0 0 0 0 0 0 0 0 0
5200 5200 5215.362 5261.179 5215.362 5200 5215.362 5261.179 5336.666 5440.588 5571.355 5727.128 5905.929 6105.735 6324.555 6560.488 6811.754 7076.722 7353.911 7641.989 7919.596 8207.313 8504.116 8809.086 9121.403 9440.339 9765.244 10095.54 10430.72 10031.95 9633.275 9234.717 8836.289 8438.009 8039.9 7641.989 7244.308 6846.897 6449.806 6053.098 5656.854 5261.179 4866.21 4472.136 4079.216 3687.818 3298.485 2912.044 2529.822 2154.066 1788.854 1442.22 1131.371 894.4272 800 565.6854 400 400 400 400 400 400 400 400 0 0 0 0 0 0 0 0 0 0 0 0 0 0 0 0 0 0 0 0 0 0 0 0
