tick	day	month	year	population	births	deaths	deaths_starvation	deaths_old_age	deaths_bycatch
48	1	1	1	2000	0	0	0	0	0
96	2	1	1	2000	0	0	0	0	0
144	3	1	1	2000	0	0	0	0	0
192	4	1	1	2000	0	0	0	0	0
240	5	1	1	2000	0	0	0	0	0
288	6	1	1	1999	0	1	0	0	0
336	7	1	1	1998	0	2	0	0	0
384	8	1	1	1998	0	2	0	0	0
432	9	1	1	1998	0	2	0	0	0
480	10	1	1	1998	0	2	0	0	0
528	11	1	1	1998	0	2	0	0	0
576	12	1	1	1998	0	2	0	0	0
624	13	1	1	1998	0	2	0	0	0
672	14	1	1	1998	0	2	0	0	0
720	15	1	1	1998	0	2	0	0	0
768	16	1	1	1998	0	2	0	0	0
816	17	1	1	1998	0	2	0	0	0
864	18	1	1	1998	0	2	0	0	0
912	19	1	1	1998	0	2	0	0	0
960	20	1	1	1998	0	2	0	0	0
1008	21	1	1	1998	0	2	0	0	0
1056	22	1	1	1998	0	2	0	0	0
1104	23	1	1	1998	0	2	0	0	0
1152	24	1	1	1998	0	2	0	0	0
1200	25	1	1	1998	0	2	0	0	0
1248	26	1	1	1998	0	2	0	0	0
1296	27	1	1	1997	0	3	0	0	0
1344	28	1	1	1997	0	3	0	0	0
1392	29	1	1	1997	0	3	0	0	0
1440	30	2	1	1997	0	0	0	0	0
1488	31	2	1	1997	0	0	0	0	0
1536	32	2	1	1997	0	0	0	0	0
1584	33	2	1	1997	0	0	0	0	0
1632	34	2	1	1997	0	0	0	0	0
1680	35	2	1	1997	0	0	0	0	0
1728	36	2	1	1997	0	0	0	0	0
1776	37	2	1	1997	0	0	0	0	0
1824	38	2	1	1997	0	0	0	0	0
1872	39	2	1	1997	0	0	0	0	0
1920	40	2	1	1997	0	0	0	0	0
1968	41	2	1	1997	0	0	0	0	0
2016	42	2	1	1997	0	0	0	0	0
2064	43	2	1	1997	0	0	0	0	0
2112	44	2	1	1997	0	0	0	0	0
2160	45	2	1	1997	0	0	0	0	0
2208	46	2	1	1997	0	0	0	0	0
2256	47	2	1	1997	0	0	0	0	0
2304	48	2	1	1997	0	0	0	0	0
2352	49	2	1	1997	0	0	0	0	0
2400	50	2	1	1997	0	0	0	0	0
2448	51	2	1	1997	0	0	0	0	0
2496	52	2	1	1997	0	0	0	0	0
2544	53	2	1	1997	0	0	0	0	0
2592	54	2	1	1997	0	0	0	0	0
2640	55	2	1	1997	0	0	0	0	0
2688	56	2	1	1997	0	0	0	0	0
2736	57	2	1	1997	0	0	0	0	0
2784	58	2	1	1997	0	0	0	0	0
2832	59	2	1	1997	0	0	0	0	0
2880	60	3	1	1997	0	0	0	0	0
2928	61	3	1	1997	0	0	0	0	0
2976	62	3	1	1997	0	0	0	0	0
3024	63	3	1	1997	0	0	0	0	0
3072	64	3	1	1997	0	0	0	0	0
3120	65	3	1	1997	0	0	0	0	0
3168	66	3	1	1997	0	0	0	0	0
3216	67	3	1	1997	0	0	0	0	0
3264	68	3	1	1997	0	0	0	0	0
3312	69	3	1	1997	0	0	0	0	0
3360	70	3	1	1997	0	0	0	0	0
3408	71	3	1	1997	0	0	0	0	0
3456	72	3	1	1997	0	0	0	0	0
3504	73	3	1	1997	0	0	0	0	0
3552	74	3	1	1997	0	0	0	0	0
3600	75	3	1	1997	0	0	0	0	0
3648	76	3	1	1997	0	0	0	0	0
3696	77	3	1	1997	0	0	0	0	0
3744	78	3	1	1997	0	0	0	0	0
3792	79	3	1	1997	0	0	0	0	0
3840	80	3	1	1997	0	0	0	0	0
3888	81	3	1	1997	0	0	0	0	0
3936	82	3	1	1997	0	0	0	0	0
3984	83	3	1	1997	0	0	0	0	0
4032	84	3	1	1997	0	0	0	0	0
4080	85	3	1	1997	0	0	0	0	0
4128	86	3	1	1997	0	0	0	0	0
4176	87	3	1	1997	0	0	0	0	0
4224	88	3	1	1997	0	0	0	0	0
4272	89	3	1	1997	0	0	0	0	0
4320	90	4	1	1997	0	0	0	0	0
4368	91	4	1	1997	0	0	0	0	0
4416	92	4	1	1997	0	0	0	0	0
4464	93	4	1	1997	0	0	0	0	0
4512	94	4	1	1997	0	0	0	0	0
4560	95	4	1	1997	0	0	0	0	0
4608	96	4	1	1997	0	0	0	0	0
4656	97	4	1	1997	0	0	0	0	0
4704	98	4	1	1997	0	0	0	0	0
4752	99	4	1	1997	0	0	0	0	0
4800	100	4	1	1997	0	0	0	0	0
4848	101	4	1	1997	0	0	0	0	0
4896	102	4	1	1997	0	0	0	0	0
4944	103	4	1	1997	0	0	0	0	0
4992	104	4	1	1997	0	0	0	0	0
5040	105	4	1	1997	0	0	0	0	0
5088	106	4	1	1997	0	0	0	0	0
5136	107	4	1	1997	0	0	0	0	0
5184	108	4	1	1997	0	0	0	0	0
5232	109	4	1	1997	0	0	0	0	0
5280	110	4	1	1997	0	0	0	0	0
5328	111	4	1	1997	0	0	0	0	0
5376	112	4	1	1997	0	0	0	0	0
5424	113	4	1	1997	0	0	0	0	0
5472	114	4	1	1997	0	0	0	0	0
5520	115	4	1	1997	0	0	0	0	0
5568	116	4	1	1997	0	0	0	0	0
5616	117	4	1	1997	0	0	0	0	0
5664	118	4	1	1997	0	0	0	0	0
5712	119	4	1	1997	0	0	0	0	0
5760	120	5	1	1997	0	0	0	0	0
5808	121	5	1	1996	0	1	0	0	0
5856	122	5	1	1996	0	1	0	0	0
5904	123	5	1	1996	0	1	0	0	0
5952	124	5	1	1996	0	1	0	0	0
6000	125	5	1	1996	0	1	0	0	0
6048	126	5	1	1996	0	1	0	0	0
6096	127	5	1	1996	0	1	0	0	0
6144	128	5	1	1996	0	1	0	0	0
6192	129	5	1	1996	0	1	0	0	0
6240	130	5	1	1996	0	1	0	0	0
6288	131	5	1	1996	0	1	0	0	0
6336	132	5	1	1996	0	1	0	0	0
6384	133	5	1	1996	0	1	0	0	0
6432	134	5	1	1996	0	1	0	0	0
6480	135	5	1	1996	0	1	0	0	0
6528	136	5	1	1996	0	1	0	0	0
6576	137	5	1	1995	0	2	0	0	0
6624	138	5	1	1995	0	2	0	0	0
6672	139	5	1	1995	0	2	0	0	0
6720	140	5	1	1995	0	2	0	0	0
6768	141	5	1	1995	0	2	0	0	0
6816	142	5	1	1995	0	2	0	0	0
6864	143	5	1	1995	0	2	0	0	0
6912	144	5	1	1995	0	2	0	0	0
6960	145	5	1	1995	0	2	0	0	0
7008	146	5	1	1995	0	2	0	0	0
7056	147	5	1	1995	0	2	0	0	0
7104	148	5	1	1995	0	2	0	0	0
7152	149	5	1	1995	0	2	0	0	0
7200	150	6	1	1995	0	0	0	0	0
7248	151	6	1	1995	0	0	0	0	0
7296	152	6	1	1995	0	0	0	0	0
7344	153	6	1	1995	0	0	0	0	0
7392	154	6	1	1995	0	0	0	0	0
7440	155	6	1	1995	0	0	0	0	0
7488	156	6	1	1995	0	0	0	0	0
7536	157	6	1	1994	0	1	0	0	0
7584	158	6	1	1994	0	1	0	0	0
7632	159	6	1	1994	0	1	0	0	0
7680	160	6	1	1994	0	1	0	0	0
7728	161	6	1	1994	0	1	0	0	0
7776	162	6	1	1994	0	1	0	0	0
7824	163	6	1	1994	0	1	0	0	0
7872	164	6	1	1994	0	1	0	0	0
7920	165	6	1	1993	0	2	0	0	0
7968	166	6	1	1993	0	2	0	0	0
8016	167	6	1	1993	0	2	0	0	0
8064	168	6	1	1993	0	2	0	0	0
8112	169	6	1	1993	0	2	0	0	0
8160	170	6	1	1993	0	2	0	0	0
8208	171	6	1	1993	0	2	0	0	0
8256	172	6	1	1993	0	2	0	0	0
8304	173	6	1	1993	0	2	0	0	0
8352	174	6	1	1993	0	2	0	0	0
8400	175	6	1	1993	0	2	0	0	0
8448	176	6	1	1993	0	2	0	0	0
8496	177	6	1	1993	0	2	0	0	0
8544	178	6	1	1993	0	2	0	0	0
8592	179	6	1	1993	0	2	0	0	0
8640	180	7	1	1993	0	0	0	0	0
8688	181	7	1	1993	0	0	0	0	0
8736	182	7	1	1993	0	0	0	0	0
8784	183	7	1	1993	0	0	0	0	0
8832	184	7	1	1993	0	0	0	0	0
8880	185	7	1	1993	0	0	0	0	0
8928	186	7	1	1992	0	1	0	0	0
8976	187	7	1	1992	0	1	0	0	0
9024	188	7	1	1992	0	1	0	0	0
9072	189	7	1	1992	0	1	0	0	0
9120	190	7	1	1992	0	1	0	0	0
9168	191	7	1	1992	0	1	0	0	0
9216	192	7	1	1992	0	1	0	0	0
9264	193	7	1	1992	0	1	0	0	0
9312	194	7	1	1992	0	1	0	0	0
9360	195	7	1	1992	0	1	0	0	0
9408	196	7	1	1992	0	1	0	0	0
9456	197	7	1	1992	0	1	0	0	0
9504	198	7	1	1992	0	1	0	0	0
9552	199	7	1	1992	0	1	0	0	0
9600	200	7	1	1992	0	1	0	0	0
9648	201	7	1	1992	0	1	0	0	0
9696	202	7	1	1992	0	1	0	0	0
9744	203	7	1	1992	0	1	0	0	0
9792	204	7	1	1992	0	1	0	0	0
9840	205	7	1	1992	0	1	0	0	0
9888	206	7	1	1992	0	1	0	0	0
9936	207	7	1	1992	0	1	0	0	0
9984	208	7	1	1992	0	1	0	0	0
10032	209	7	1	1992	0	1	0	0	0
10080	210	8	1	1992	0	0	0	0	0
10128	211	8	1	1992	0	0	0	0	0
10176	212	8	1	1992	0	0	0	0	0
10224	213	8	1	1992	0	0	0	0	0
10272	214	8	1	1992	0	0	0	0	0
10320	215	8	1	1992	0	0	0	0	0
10368	216	8	1	1992	0	0	0	0	0
10416	217	8	1	1992	0	0	0	0	0
10464	218	8	1	1992	0	0	0	0	0
10512	219	8	1	1992	0	0	0	0	0
10560	220	8	1	1992	0	0	0	0	0
10608	221	8	1	1992	0	0	0	0	0
10656	222	8	1	1992	0	0	0	0	0
10704	223	8	1	1992	0	0	0	0	0
10752	224	8	1	1992	0	0	0	0	0
10800	225	8	1	1992	0	0	0	0	0
10848	226	8	1	1992	0	0	0	0	0
10896	227	8	1	1992	0	0	0	0	0
10944	228	8	1	1992	0	0	0	0	0
10992	229	8	1	1992	0	0	0	0	0
11040	230	8	1	1992	0	0	0	0	0
11088	231	8	1	1992	0	0	0	0	0
11136	232	8	1	1992	0	0	0	0	0
11184	233	8	1	1992	0	0	0	0	0
11232	234	8	1	1992	0	0	0	0	0
11280	235	8	1	1992	0	0	0	0	0
11328	236	8	1	1992	0	0	0	0	0
11376	237	8	1	1992	0	0	0	0	0
11424	238	8	1	1992	0	0	0	0	0
11472	239	8	1	1992	0	0	0	0	0
11520	240	9	1	1992	0	0	0	0	0
11568	241	9	1	1992	0	0	0	0	0
11616	242	9	1	1992	0	0	0	0	0
11664	243	9	1	1992	0	0	0	0	0
11712	244	9	1	1992	0	0	0	0	0
11760	245	9	1	1992	0	0	0	0	0
11808	246	9	1	1992	0	0	0	0	0
11856	247	9	1	1992	0	0	0	0	0
11904	248	9	1	1992	0	0	0	0	0
11952	249	9	1	1992	0	0	0	0	0
12000	250	9	1	1992	0	0	0	0	0
12048	251	9	1	1992	0	0	0	0	0
12096	252	9	1	1992	0	0	0	0	0
12144	253	9	1	1992	0	0	0	0	0
12192	254	9	1	1992	0	0	0	0	0
12240	255	9	1	1992	0	0	0	0	0
12288	256	9	1	1992	0	0	0	0	0
12336	257	9	1	1992	0	0	0	0	0
12384	258	9	1	1992	0	0	0	0	0
12432	259	9	1	1992	0	0	0	0	0
12480	260	9	1	1992	0	0	0	0	0
12528	261	9	1	1992	0	0	0	0	0
12576	262	9	1	1992	0	0	0	0	0
12624	263	9	1	1992	0	0	0	0	0
12672	264	9	1	1992	0	0	0	0	0
12720	265	9	1	1992	0	0	0	0	0
12768	266	9	1	1992	0	0	0	0	0
12816	267	9	1	1992	0	0	0	0	0
12864	268	9	1	1992	0	0	0	0	0
12912	269	9	1	1992	0	0	0	0	0
12960	270	10	1	1992	0	0	0	0	0
13008	271	10	1	1992	0	0	0	0	0
13056	272	10	1	1992	0	0	0	0	0
13104	273	10	1	1992	0	0	0	0	0
13152	274	10	1	1992	0	0	0	0	0
13200	275	10	1	1992	0	0	0	0	0
13248	276	10	1	1992	0	0	0	0	0
13296	277	10	1	1992	0	0	0	0	0
13344	278	10	1	1992	0	0	0	0	0
13392	279	10	1	1992	0	0	0	0	0
13440	280	10	1	1992	0	0	0	0	0
13488	281	10	1	1992	0	0	0	0	0
13536	282	10	1	1992	0	0	0	0	0
13584	283	10	1	1992	0	0	0	0	0
13632	284	10	1	1992	0	0	0	0	0
13680	285	10	1	1992	0	0	0	0	0
13728	286	10	1	1992	0	0	0	0	0
13776	287	10	1	1992	0	0	0	0	0
13824	288	10	1	1992	0	0	0	0	0
13872	289	10	1	1992	0	0	0	0	0
13920	290	10	1	1992	0	0	0	0	0
13968	291	10	1	1992	0	0	0	0	0
14016	292	10	1	1992	0	0	0	0	0
14064	293	10	1	1992	0	0	0	0	0
14112	294	10	1	1992	0	0	0	0	0
14160	295	10	1	1992	0	0	0	0	0
14208	296	10	1	1992	0	0	0	0	0
14256	297	10	1	1992	0	0	0	0	0
14304	298	10	1	1992	0	0	0	0	0
14352	299	10	1	1992	0	0	0	0	0
14400	300	11	1	1991	0	0	0	0	0
14448	301	11	1	1991	0	0	0	0	0
14496	302	11	1	1991	0	0	0	0	0
14544	303	11	1	1991	0	0	0	0	0
14592	304	11	1	1991	0	0	0	0	0
14640	305	11	1	1991	0	0	0	0	0
14688	306	11	1	1991	0	0	0	0	0
14736	307	11	1	1991	0	0	0	0	0
14784	308	11	1	1991	0	0	0	0	0
14832	309	11	1	1991	0	0	0	0	0
14880	310	11	1	1991	0	0	0	0	0
14928	311	11	1	1991	0	0	0	0	0
14976	312	11	1	1991	0	0	0	0	0
15024	313	11	1	1991	0	0	0	0	0
15072	314	11	1	1991	0	0	0	0	0
15120	315	11	1	1991	0	0	0	0	0
15168	316	11	1	1991	0	0	0	0	0
15216	317	11	1	1991	0	0	0	0	0
15264	318	11	1	1991	0	0	0	0	0
15312	319	11	1	1991	0	0	0	0	0
15360	320	11	1	1991	0	0	0	0	0
15408	321	11	1	1991	0	0	0	0	0
15456	322	11	1	1991	0	0	0	0	0
15504	323	11	1	1991	0	0	0	0	0
15552	324	11	1	1991	0	0	0	0	0
15600	325	11	1	1991	0	0	0	0	0
15648	326	11	1	1991	0	0	0	0	0
15696	327	11	1	1991	0	0	0	0	0
15744	328	11	1	1991	0	0	0	0	0
15792	329	11	1	1991	0	0	0	0	0
15840	330	12	1	1991	0	0	0	0	0
15888	331	12	1	1991	0	0	0	0	0
15936	332	12	1	1991	0	0	0	0	0
15984	333	12	1	1991	0	0	0	0	0
16032	334	12	1	1991	0	0	0	0	0
16080	335	12	1	1991	0	0	0	0	0
16128	336	12	1	1991	0	0	0	0	0
16176	337	12	1	1991	0	0	0	0	0
16224	338	12	1	1991	0	0	0	0	0
16272	339	12	1	1991	0	0	0	0	0
16320	340	12	1	1991	0	0	0	0	0
16368	341	12	1	1991	0	0	0	0	0
16416	342	12	1	1991	0	0	0	0	0
16464	343	12	1	1991	0	0	0	0	0
16512	344	12	1	1991	0	0	0	0	0
16560	345	12	1	1991	0	0	0	0	0
16608	346	12	1	1991	0	0	0	0	0
16656	347	12	1	1991	0	0	0	0	0
16704	348	12	1	1991	0	0	0	0	0
16752	349	12	1	1991	0	0	0	0	0
16800	350	12	1	1991	0	0	0	0	0
16848	351	12	1	1991	0	0	0	0	0
16896	352	12	1	1991	0	0	0	0	0
16944	353	12	1	1991	0	0	0	0	0
16992	354	12	1	1992	1	0	0	0	0
17040	355	12	1	1992	1	0	0	0	0
17088	356	12	1	1992	1	0	0	0	0
17136	357	12	1	1992	1	0	0	0	0
17184	358	12	1	1992	1	0	0	0	0
17232	359	12	1	1992	1	0	0	0	0
17280	360	1	2	1992	0	0	0	0	0
17328	361	1	2	1992	0	0	0	0	0
17376	362	1	2	1992	0	0	0	0	0
17424	363	1	2	1992	0	0	0	0	0
17472	364	1	2	1992	0	0	0	0	0
17520	365	1	2	1992	0	0	0	0	0
17568	366	1	2	1992	0	0	0	0	0
17616	367	1	2	1992	0	0	0	0	0
17664	368	1	2	1992	0	0	0	0	0
17712	369	1	2	1992	0	0	0	0	0
17760	370	1	2	1992	0	0	0	0	0
17808	371	1	2	1992	0	0	0	0	0
17856	372	1	2	1992	0	0	0	0	0
17904	373	1	2	1992	0	0	0	0	0
17952	374	1	2	1992	0	0	0	0	0
18000	375	1	2	1992	0	0	0	0	0
18048	376	1	2	1992	0	0	0	0	0
18096	377	1	2	1993	1	0	0	0	0
18144	378	1	2	1994	2	0	0	0	0
18192	379	1	2	1994	2	0	0	0	0
18240	380	1	2	1997	5	0	0	0	0
18288	381	1	2	1997	5	0	0	0	0
18336	382	1	2	1998	6	0	0	0	0
18384	383	1	2	2000	8	0	0	0	0
18432	384	1	2	2000	8	0	0	0	0
18480	385	1	2	2000	8	0	0	0	0
18528	386	1	2	2000	8	0	0	0	0
18576	387	1	2	2000	8	0	0	0	0
18624	388	1	2	2000	8	0	0	0	0
18672	389	1	2	2000	8	0	0	0	0
18720	390	2	2	2000	0	0	0	0	0
18768	391	2	2	2000	0	0	0	0	0
18816	392	2	2	2000	0	0	0	0	0
18864	393	2	2	2000	0	0	0	0	0
18912	394	2	2	2000	0	0	0	0	0
18960	395	2	2	2000	0	0	0	0	0
19008	396	2	2	2000	0	0	0	0	0
19056	397	2	2	2000	0	0	0	0	0
19104	398	2	2	2000	0	0	0	0	0
19152	399	2	2	2000	1	1	0	0	0
19200	400	2	2	2000	1	1	0	0	0
19248	401	2	2	2000	1	1	0	0	0
19296	402	2	2	2000	1	1	0	0	0
19344	403	2	2	2000	1	1	0	0	0
19392	404	2	2	2000	1	1	0	0	0
19440	405	2	2	2000	1	1	0	0	0
19488	406	2	2	2000	1	1	0	0	0
19536	407	2	2	2000	1	1	0	0	0
19584	408	2	2	2000	1	1	0	0	0
19632	409	2	2	2000	1	1	0	0	0
19680	410	2	2	2000	1	1	0	0	0
19728	411	2	2	2000	1	1	0	0	0
19776	412	2	2	2000	1	1	0	0	0
19824	413	2	2	2000	1	1	0	0	0
19872	414	2	2	2000	1	1	0	0	0
19920	415	2	2	2000	1	1	0	0	0
19968	416	2	2	2000	1	1	0	0	0
20016	417	2	2	2000	1	1	0	0	0
20064	418	2	2	2000	1	1	0	0	0
20112	419	2	2	2000	1	1	0	0	0
20160	420	3	2	2000	0	0	0	0	0
20208	421	3	2	2000	0	0	0	0	0
20256	422	3	2	2000	0	0	0	0	0
20304	423	3	2	2000	0	0	0	0	0
20352	424	3	2	2000	0	0	0	0	0
20400	425	3	2	2000	0	0	0	0	0
20448	426	3	2	2000	0	0	0	0	0
20496	427	3	2	2000	0	0	0	0	0
20544	428	3	2	2000	0	0	0	0	0
20592	429	3	2	2000	0	0	0	0	0
20640	430	3	2	2000	0	0	0	0	0
20688	431	3	2	2000	0	0	0	0	0
20736	432	3	2	2000	0	0	0	0	0
20784	433	3	2	2000	0	0	0	0	0
20832	434	3	2	2000	0	0	0	0	0
20880	435	3	2	2000	0	0	0	0	0
20928	436	3	2	2000	0	0	0	0	0
20976	437	3	2	2000	0	0	0	0	0
21024	438	3	2	2000	0	0	0	0	0
21072	439	3	2	2000	0	0	0	0	0
21120	440	3	2	2000	0	0	0	0	0
21168	441	3	2	2000	1	1	0	0	0
21216	442	3	2	2000	1	1	0	0	0
21264	443	3	2	2000	1	1	0	0	0
21312	444	3	2	2000	1	1	0	0	0
21360	445	3	2	2000	1	1	0	0	0
21408	446	3	2	2000	1	1	0	0	0
21456	447	3	2	2000	1	1	0	0	0
21504	448	3	2	2000	1	1	0	0	0
21552	449	3	2	2000	1	1	0	0	0
21600	450	4	2	2000	0	0	0	0	0
21648	451	4	2	2000	0	0	0	0	0
21696	452	4	2	2000	0	0	0	0	0
21744	453	4	2	2000	0	0	0	0	0
21792	454	4	2	2000	0	0	0	0	0
21840	455	4	2	2000	0	0	0	0	0
21888	456	4	2	2000	0	0	0	0	0
21936	457	4	2	2000	0	0	0	0	0
21984	458	4	2	2000	0	0	0	0	0
22032	459	4	2	2000	0	0	0	0	0
22080	460	4	2	2000	0	0	0	0	0
22128	461	4	2	2000	0	0	0	0	0
22176	462	4	2	2000	0	0	0	0	0
22224	463	4	2	2000	0	0	0	0	0
22272	464	4	2	2000	0	0	0	0	0
22320	465	4	2	2000	0	0	0	0	0
22368	466	4	2	2000	0	0	0	0	0
22416	467	4	2	2000	0	0	0	0	0
22464	468	4	2	2000	0	0	0	0	0
22512	469	4	2	2000	0	0	0	0	0
22560	470	4	2	2000	0	0	0	0	0
22608	471	4	2	2000	0	0	0	0	0
22656	472	4	2	2000	0	0	0	0	0
22704	473	4	2	2000	0	0	0	0	0
22752	474	4	2	2000	0	0	0	0	0
22800	475	4	2	2000	0	0	0	0	0
22848	476	4	2	2000	0	0	0	0	0
22896	477	4	2	2000	0	0	0	0	0
22944	478	4	2	2000	0	0	0	0	0
22992	479	4	2	2000	0	0	0	0	0
23040	480	5	2	2000	0	0	0	0	0
23088	481	5	2	2000	0	0	0	0	0
23136	482	5	2	2000	0	0	0	0	0
23184	483	5	2	2000	0	0	0	0	0
23232	484	5	2	2000	0	0	0	0	0
23280	485	5	2	2000	0	0	0	0	0
23328	486	5	2	2000	0	0	0	0	0
23376	487	5	2	2000	0	0	0	0	0
23424	488	5	2	2000	0	0	0	0	0
23472	489	5	2	2000	0	0	0	0	0
23520	490	5	2	2000	0	0	0	0	0
23568	491	5	2	2000	0	0	0	0	0
23616	492	5	2	2000	0	0	0	0	0
23664	493	5	2	2000	0	0	0	0	0
23712	494	5	2	2000	0	0	0	0	0
23760	495	5	2	2000	0	0	0	0	0
23808	496	5	2	2000	0	0	0	0	0
23856	497	5	2	2000	0	0	0	0	0
23904	498	5	2	2000	0	0	0	0	0
23952	499	5	2	2000	0	0	0	0	0
24000	500	5	2	2000	0	0	0	0	0
24048	501	5	2	2000	0	0	0	0	0
24096	502	5	2	2000	0	0	0	0	0
24144	503	5	2	2000	0	0	0	0	0
24192	504	5	2	2000	0	0	0	0	0
24240	505	5	2	2000	0	0	0	0	0
24288	506	5	2	2000	0	0	0	0	0
24336	507	5	2	2000	0	0	0	0	0
24384	508	5	2	2000	0	0	0	0	0
24432	509	5	2	2000	0	0	0	0	0
24480	510	6	2	2000	0	0	0	0	0
24528	511	6	2	2000	0	0	0	0	0
24576	512	6	2	2000	0	0	0	0	0
24624	513	6	2	2000	0	0	0	0	0
24672	514	6	2	2000	0	0	0	0	0
24720	515	6	2	2000	0	0	0	0	0
24768	516	6	2	2000	0	0	0	0	0
24816	517	6	2	2000	0	0	0	0	0
24864	518	6	2	2000	0	0	0	0	0
24912	519	6	2	2000	0	0	0	0	0
24960	520	6	2	2000	0	0	0	0	0
25008	521	6	2	2000	0	0	0	0	0
25056	522	6	2	2000	0	0	0	0	0
25104	523	6	2	2000	0	0	0	0	0
25152	524	6	2	2000	0	0	0	0	0
25200	525	6	2	2000	0	0	0	0	0
25248	526	6	2	2000	0	0	0	0	0
25296	527	6	2	2000	0	0	0	0	0
25344	528	6	2	2000	0	0	0	0	0
25392	529	6	2	2000	0	0	0	0	0
25440	530	6	2	2000	0	0	0	0	0
25488	531	6	2	2000	0	0	0	0	0
25536	532	6	2	2000	0	0	0	0	0
25584	533	6	2	2000	0	0	0	0	0
25632	534	6	2	2000	0	0	0	0	0
25680	535	6	2	2000	0	0	0	0	0
25728	536	6	2	2000	0	0	0	0	0
25776	537	6	2	2000	0	0	0	0	0
25824	538	6	2	2000	0	0	0	0	0
25872	539	6	2	2000	0	0	0	0	0
25920	540	7	2	2000	0	0	0	0	0
25968	541	7	2	2000	0	0	0	0	0
26016	542	7	2	2000	0	0	0	0	0
26064	543	7	2	2000	0	0	0	0	0
26112	544	7	2	2000	0	0	0	0	0
26160	545	7	2	2000	0	0	0	0	0
26208	546	7	2	2000	0	0	0	0	0
26256	547	7	2	2000	0	0	0	0	0
26304	548	7	2	2000	0	0	0	0	0
26352	549	7	2	2000	0	0	0	0	0
26400	550	7	2	2000	0	0	0	0	0
26448	551	7	2	2000	0	0	0	0	0
26496	552	7	2	2000	0	0	0	0	0
26544	553	7	2	2000	0	0	0	0	0
26592	554	7	2	2000	0	0	0	0	0
26640	555	7	2	2000	0	0	0	0	0
26688	556	7	2	2000	0	0	0	0	0
26736	557	7	2	2000	0	0	0	0	0
26784	558	7	2	2000	0	0	0	0	0
26832	559	7	2	2000	0	0	0	0	0
26880	560	7	2	2000	0	0	0	0	0
26928	561	7	2	2000	0	0	0	0	0
26976	562	7	2	2000	0	0	0	0	0
27024	563	7	2	2000	0	0	0	0	0
27072	564	7	2	2000	0	0	0	0	0
27120	565	7	2	2000	0	0	0	0	0
27168	566	7	2	2000	0	0	0	0	0
27216	567	7	2	2000	0	0	0	0	0
27264	568	7	2	2000	0	0	0	0	0
27312	569	7	2	2000	0	0	0	0	0
27360	570	8	2	2000	0	0	0	0	0
27408	571	8	2	2000	0	0	0	0	0
27456	572	8	2	1999	0	1	0	0	0
27504	573	8	2	1999	0	1	0	0	0
27552	574	8	2	1999	0	1	0	0	0
27600	575	8	2	1999	0	1	0	0	0
27648	576	8	2	1999	0	1	0	0	0
27696	577	8	2	1999	0	1	0	0	0
27744	578	8	2	1999	0	1	0	0	0
27792	579	8	2	1999	0	1	0	0	0
27840	580	8	2	1999	0	1	0	0	0
27888	581	8	2	1999	0	1	0	0	0
27936	582	8	2	1999	0	1	0	0	0
27984	583	8	2	1999	0	1	0	0	0
28032	584	8	2	1999	0	1	0	0	0
28080	585	8	2	1999	0	1	0	0	0
28128	586	8	2	1999	0	1	0	0	0
28176	587	8	2	1999	0	1	0	0	0
28224	588	8	2	1999	0	1	0	0	0
28272	589	8	2	1999	0	1	0	0	0
28320	590	8	2	1999	0	1	0	0	0
28368	591	8	2	1999	0	1	0	0	0
28416	592	8	2	1999	0	1	0	0	0
28464	593	8	2	1999	0	1	0	0	0
28512	594	8	2	1999	0	1	0	0	0
28560	595	8	2	1999	0	1	0	0	0
28608	596	8	2	1999	0	1	0	0	0
28656	597	8	2	1999	0	1	0	0	0
28704	598	8	2	1999	0	1	0	0	0
28752	599	8	2	1999	0	1	0	0	0
28800	600	9	2	1999	0	0	0	0	0
28848	601	9	2	1999	0	0	0	0	0
28896	602	9	2	1999	0	0	0	0	0
28944	603	9	2	1999	0	0	0	0	0
28992	604	9	2	1999	0	0	0	0	0
29040	605	9	2	1999	0	0	0	0	0
29088	606	9	2	1999	0	0	0	0	0
29136	607	9	2	1999	0	0	0	0	0
29184	608	9	2	1999	0	0	0	0	0
29232	609	9	2	1999	0	0	0	0	0
29280	610	9	2	1999	0	0	0	0	0
29328	611	9	2	1999	0	0	0	0	0
29376	612	9	2	1999	0	0	0	0	0
29424	613	9	2	1999	0	0	0	0	0
29472	614	9	2	1999	0	0	0	0	0
29520	615	9	2	1999	0	0	0	0	0
29568	616	9	2	1999	0	0	0	0	0
29616	617	9	2	1999	0	0	0	0	0
29664	618	9	2	1999	0	0	0	0	0
29712	619	9	2	1999	0	0	0	0	0
29760	620	9	2	1999	0	0	0	0	0
29808	621	9	2	1999	0	0	0	0	0
29856	622	9	2	1999	0	0	0	0	0
29904	623	9	2	1999	0	0	0	0	0
29952	624	9	2	1999	0	0	0	0	0
30000	625	9	2	1999	0	0	0	0	0
30048	626	9	2	1999	0	0	0	0	0
30096	627	9	2	1999	0	0	0	0	0
30144	628	9	2	1999	0	0	0	0	0
30192	629	9	2	1999	0	0	0	0	0
30240	630	10	2	1999	0	0	0	0	0
30288	631	10	2	1999	0	0	0	0	0
30336	632	10	2	1999	0	0	0	0	0
30384	633	10	2	1999	0	0	0	0	0
30432	634	10	2	1999	0	0	0	0	0
30480	635	10	2	1999	0	0	0	0	0
30528	636	10	2	1999	0	0	0	0	0
30576	637	10	2	1999	0	0	0	0	0
30624	638	10	2	1999	0	0	0	0	0
30672	639	10	2	1999	0	0	0	0	0
30720	640	10	2	1999	0	0	0	0	0
30768	641	10	2	1999	0	0	0	0	0
30816	642	10	2	1999	0	0	0	0	0
30864	643	10	2	1999	0	0	0	0	0
30912	644	10	2	1999	0	0	0	0	0
30960	645	10	2	1999	0	0	0	0	0
31008	646	10	2	1999	0	0	0	0	0
31056	647	10	2	1999	0	0	0	0	0
31104	648	10	2	1999	0	0	0	0	0
31152	649	10	2	1999	0	0	0	0	0
31200	650	10	2	1999	0	0	0	0	0
31248	651	10	2	1999	0	0	0	0	0
31296	652	10	2	1999	0	0	0	0	0
31344	653	10	2	1999	0	0	0	0	0
31392	654	10	2	1999	0	0	0	0	0
31440	655	10	2	1999	0	0	0	0	0
31488	656	10	2	1999	0	0	0	0	0
31536	657	10	2	1999	0	0	0	0	0
31584	658	10	2	1999	0	0	0	0	0
31632	659	10	2	1999	0	0	0	0	0
31680	660	11	2	1999	0	0	0	0	0
31728	661	11	2	1999	0	0	0	0	0
31776	662	11	2	1999	0	0	0	0	0
31824	663	11	2	1999	0	0	0	0	0
31872	664	11	2	1999	0	0	0	0	0
31920	665	11	2	1999	0	0	0	0	0
31968	666	11	2	1999	0	0	0	0	0
32016	667	11	2	1999	0	0	0	0	0
32064	668	11	2	1999	0	0	0	0	0
32112	669	11	2	1999	0	0	0	0	0
32160	670	11	2	1999	0	0	0	0	0
32208	671	11	2	1999	0	0	0	0	0
32256	672	11	2	1999	0	0	0	0	0
32304	673	11	2	1999	0	0	0	0	0
32352	674	11	2	1999	0	0	0	0	0
32400	675	11	2	1999	0	0	0	0	0
32448	676	11	2	1999	0	0	0	0	0
32496	677	11	2	1999	0	0	0	0	0
32544	678	11	2	1999	0	0	0	0	0
32592	679	11	2	1999	0	0	0	0	0
32640	680	11	2	1999	0	0	0	0	0
32688	681	11	2	1999	0	0	0	0	0
32736	682	11	2	1999	0	0	0	0	0
32784	683	11	2	1999	0	0	0	0	0
32832	684	11	2	1999	0	0	0	0	0
32880	685	11	2	1999	0	0	0	0	0
32928	686	11	2	1999	0	0	0	0	0
32976	687	11	2	1999	0	0	0	0	0
33024	688	11	2	1999	0	0	0	0	0
33072	689	11	2	1999	0	0	0	0	0
33120	690	12	2	1999	0	0	0	0	0
33168	691	12	2	1999	0	0	0	0	0
33216	692	12	2	1999	0	0	0	0	0
33264	693	12	2	1999	0	0	0	0	0
33312	694	12	2	1999	0	0	0	0	0
33360	695	12	2	1999	0	0	0	0	0
33408	696	12	2	1999	0	0	0	0	0
33456	697	12	2	1999	0	0	0	0	0
33504	698	12	2	1999	0	0	0	0	0
33552	699	12	2	1999	0	0	0	0	0
33600	700	12	2	1999	0	0	0	0	0
33648	701	12	2	1999	0	0	0	0	0
33696	702	12	2	1999	0	0	0	0	0
33744	703	12	2	1999	0	0	0	0	0
33792	704	12	2	1999	0	0	0	0	0
33840	705	12	2	2000	1	0	0	0	0
33888	706	12	2	2000	1	0	0	0	0
33936	707	12	2	2000	1	0	0	0	0
33984	708	12	2	2000	1	0	0	0	0
34032	709	12	2	2000	1	0	0	0	0
34080	710	12	2	2000	1	0	0	0	0
34128	711	12	2	2000	1	0	0	0	0
34176	712	12	2	2000	1	0	0	0	0
34224	713	12	2	2000	1	0	0	0	0
34272	714	12	2	2000	1	0	0	0	0
34320	715	12	2	2000	1	0	0	0	0
34368	716	12	2	2000	1	0	0	0	0
34416	717	12	2	2000	1	0	0	0	0
34464	718	12	2	2000	1	0	0	0	0
34512	719	12	2	2000	1	0	0	0	0
34560	720	1	3	2000	0	0	0	0	0
