cenop/data/DanTysk/bathy.asc
ncols 400
nrows 400
xllcorner 4061336
yllcorner 3483818
cellsize 400
NODATA_value -9999
[rows 300 to 319 of 400, columns 138 to 183 of 400]
39.561929238522 39.7088832794159 39.8427099869208 39.9505304482166 40.2470055167454 40.1446133512183 39.9283904663665 39.2903770072036 38.5871771088535 37.5715676610339 36.9049964983369 36.1032206324672 35.0058300257395 33.6637629697819 33.4413134423132 33.3791107537065 33.8016826095011 33.8681640556591 33.410928003612 33.0526378375458 32.7479386883688 32.3370913477037 32.1767153528519 31.9463390928576 32.0698954983018 32.5440954850107 33.2065875060726 32.8679210246596 32.2605502057336 31.897625040535 31.5414223693312 31.5349937639958 31.35099452723 30.9674641202436 31.7505193284609 32.1456357818258 32.7375689684607 32.7191034688356 32.6887134234407 32.3218918079063 32.349929278176 31.987535695654 31.8175144722725 31.1570674818916 31.4523335590339 30.3346683997685
39.9146974353742 39.6600310449888 39.6880614456012 39.7795236393369 39.8447232495319 40.2032810306829 40.1586021666016 39.7373294963684 39.0910840346944 38.2756455716279 37.479463740728 36.552568705944 35.4164027487987 34.5080600441973 33.5355003818512 33.1393170285458 33.938912642356 34.150835516195 33.8033336192239 33.3039884817694 32.9502459271568 32.3353047305559 31.9461453329151 31.5881455601028 31.8801434681792 32.2549904128507 32.9164468763523 33.1452545272101 32.5156502672317 32.0595731811302 31.5465726262911 31.2418488069917 31.066617325309 31.0304242138823 31.9376200543714 32.4466968295544 32.7380437728787 32.9748343104824 32.8869548890748 32.9632619082271 32.7316949774815 32.1781406597445 31.9404519171934 31.1309697394992 30.736511842525 30.0348950230719
39.8487325575851 39.7866062038229 39.6811413907685 39.6850902551649 39.7718831747225 39.716834609676 39.6621174550011 40.2255553349185 39.632511363938 39.0313803628823 37.8496129114106 36.7047686813165 35.3883008941549 34.8083116907998 34.1921237093748 34.0443447343995 34.0435294322419 34.7639163960187 34.6767587836148 33.432820717618 33.1677030592888 32.10817009861 31.5818458073207 31.728495698539 31.8670160481942 31.7966947300574 32.2257301129774 32.6370533307432 32.4656718341724 32.5950954962483 31.7627647099358 31.2086081148069 30.9019656675877 31.4294199760885 31.9365850470257 32.5174349772689 32.8649319904614 33.2927384156492 33.0686040080697 33.2337465679219 33.1700896128728 32.6166277904977 32.0543799047347 30.9766524686578 30.8233617767191 29.9098756962277
39.8278519851615 39.7095147583311 39.7197019438777 39.6441610724634 39.7084644057397 39.6341561612791 39.5706765970288 39.5432562915952 40.0541347304869 40.6739223860978 38.5540948876157 37.2597336812915 36.1243991059102 34.4536874767746 34.1957377662755 33.9872037727967 34.5651186672946 34.9286899794912 37.536503986904 34.9117877108787 33.5013759980135 32.6317518308797 32.3113811115636 31.7767903202717 31.8373727594454 31.7331902188372 31.5217664603208 31.6824565052868 32.0456258307061 32.3970880368349 31.7338255420119 31.3186691283906 30.9817735131938 31.3522591047953 31.502262051547 31.942251979175 32.5482645717159 33.5192980193641 33.5650297942068 33.1660028980998 33.5141770895666 32.8193370515886 32.1736591600534 31.5504226337585 31.1504920597867 29.856590188355
39.9613296174639 39.7103068271914 39.5747595880317 39.3472890960749 39.5561194455035 39.5639667113914 39.4973815919966 39.4937438092014 39.5538142776041 39.3520228044981 38.3402104689144 37.3250962374833 36.72080385838 35.6997294991705 35.0581461873294 34.6804864433513 34.8268690920366 34.9618692548096 35.7293965699184 34.8428520955466 32.9019558487586 32.9872861320013 32.5270189582697 31.5672965225786 31.9734775795412 32.0197057462785 31.7487457799192 31.7833458309615 32.2784661463468 31.9554407964913 31.6228055261497 31.2636482672895 30.9901952577396 31.1259821940752 31.2559853652442 31.7559133553873 32.1360431636202 32.7724026796279 33.9117931245114 33.5220676751243 33.2027039167628 32.9483958386004 32.0970703065338 32.2150611179669 30.946357362652 29.9159038456645
40.1350671270001 39.826807313081 39.6280896486353 38.9909356542414 39.2492875734097 39.0859269562056 39.3043319489109 39.6064942184144 39.8943152366231 39.2694794202287 38.6468653627311 38.0082316964977 37.7394371877081 36.4581538292627 35.7228955228386 35.2303564628626 35.2084472712584 35.2899560592239 34.9796755933021 34.598160277605 33.5415318735562 33.6496981257871 32.7835597580404 32.0813478042859 32.2506228677518 32.2402027512673 32.255202804295 32.279157019444 32.3285137786945 31.8061196434068 31.6692471564467 31.2720661792461 30.7662054163266 30.4743471126604 30.9010027548381 31.5040056381936 31.73923817131 32.3031839995323 33.1718680219436 33.7730250051088 33.3624590483224 33.5047856863382 32.5180501550451 31.926228396108 30.8972396376554 29.8437900582165
40.3248767608906 39.9978972437884 39.8268610876772 39.2551907173522 38.8509219135765 38.0350853776508 38.97786619682 39.3474417709589 39.7872911151717 39.8143332871989 39.1868208230087 38.5650223362026 37.9612051825206 36.5693277621998 35.9305911471112 35.4445903167841 35.4059458909803 35.1786042570536 34.5363696883284 34.5024707959683 34.0818009606668 33.8564498180837 33.0126381663776 32.5468736952738 32.5819871639565 32.6657659331137 32.3673254575838 32.3660263052173 32.0802741416862 31.666152952586 31.6611348580524 31.4178171523113 30.670519215596 30.0984749134639 30.4405838230164 30.6744246028789 31.3331425598313 31.9202066750394 32.5561609468333 33.3705752381605 33.5529138237096 34.248303264543 32.9949841197044 31.9013479621532 30.9006600361736 29.5692654195327
40.3494631009157 40.1070560659327 40.1429252746952 39.6855730531991 39.1468290729421 38.2350164373254 38.3437255332889 38.5146549895356 39.5905186601391 40.1360459131813 40.462746662404 39.5321331252226 38.070171347046 36.8379044248837 36.1024769096249 35.752219104698 35.4620289771125 35.0398543712573 34.5117332838437 34.5366204347196 34.2169637974588 33.9270111173218 33.3396461654651 32.9666711877112 32.9249033477982 32.9632448517075 32.2653617077511 32.1533869025168 31.5458674493778 31.6050685365545 31.5999876380094 31.568980475057 30.79258228694 30.322142652456 30.1510405362891 29.9114136360412 30.9018442644776 31.4494919119595 32.1881860685557 32.8777679875878 33.2592635349603 33.9896093501162 33.6693240299554 32.126892195707 31.1267466416199 29.829710155665
40.2630959907799 40.0870876185805 40.1943156801789 39.8730212009687 40.2091225203242 39.4741879582247 38.3127292191851 38.3239814142307 39.8163122754776 40.2966002952001 41.1290115462812 40.0596669827358 38.3980107847382 37.3680813338466 36.4310077091744 36.0241465204163 35.2748708376418 34.908579762665 34.7928676502306 34.658539802113 34.2949592022978 34.3869979801689 33.8055213915183 33.4273605921211 33.2046679049127 32.9497913626066 32.2439784988418 31.9542143347868 31.115697483354 31.5366035556741 31.5200134744256 31.6905063000343 31.1838908691176 30.7764947740565 30.1423588139578 29.7756074315329 30.5238292202762 30.9214449187917 31.7377136151249 32.5211228350939 32.6176729041499 33.1052327918343 33.8259121726255 32.3194753339628 31.5140331688866 30.5878466711576
40.2326891309341 39.9547025945338 39.6772039464826 39.8212427656924 40.8785279455904 39.8001817506091 39.6939652113182 39.758725153628 40.2469749342778 40.6277245851129 39.6880271459004 38.9338836662842 38.4089663736566 37.5082617942961 36.6733851761004 35.863096504789 34.9405009970891 34.596157690502 34.9116020763564 34.8463569314735 34.6715199743109 35.163340753519 34.28625355326 33.8421478657247 33.3714416794804 32.844392812487 32.311478207868 31.8691569611918 31.2511999985398 31.3182481364302 31.4611772831169 31.9901411269084 31.8156284463806 30.9350054641963 30.240284288783 30.0801847436444 30.2808634635716 30.5493356342014 31.0413429533281 32.0790603456135 32.3010368367797 33.0264058088074 32.8160878819321 32.5052000150656 31.8390238902657 31.1132858267349
39.9857008256818 39.77981428864 39.4276442133137 39.4793202411871 39.3731590647071 39.7521866197626 40.1142053197079 39.890298465227 39.9314067946648 39.7535250876102 39.6788246093149 38.6799113585647 37.9537764454537 37.2874031520101 36.650682836798 36.1550581725232 35.7140373483118 35.3013637237813 34.9480665601873 34.9120173210913 35.0553781006706 35.1271844799348 34.6307471834284 34.1849208903778 33.5671632374509 32.9670857586718 32.2167287724216 31.7539825530146 31.7049095514192 31.3756997313957 31.5877877502567 32.8335463746624 32.286428869864 31.2697566379488 30.2122009702724 29.9675553062908 30.0321135442804 30.5217922841829 30.5395754161676 32.0098131789175 32.6363120907506 33.067794166918 32.8779975822243 33.0599604189371 32.3082679104529 31.586146915991
40.0187878049494 39.8707523351121 39.3339256942747 39.0946393307287 38.7638326231605 39.7506670714397 40.0865590027165 39.9114458836088 40.0101790135261 39.682098625573 39.1362453482108 37.1254076353507 36.9820777810708 37.2389737625993 36.7938145596861 37.1567150409367 36.141493998962 35.6101902562104 35.2879359256324 35.41735358109 36.4482551123202 35.6535849093816 34.8457838025671 34.433919752402 33.9016581049498 33.1496339588663 32.4318219032315 31.9504317633555 31.8187696499998 31.1459958855053 31.7470926712394 32.7454599535317 32.2148368722317 31.1827209061124 30.605317746783 30.2984965817281 29.8498591395069 30.3957955507864 31.043403599729 31.9907400253961 32.736412413015 33.350283796328 33.0476010037478 33.955791163869 32.9137561168655 32.065572694922
40.0384548899948 39.9016925429414 39.6701627672434 39.5731312148071 39.676449329214 39.8840988326033 39.9882282124371 39.8763464648075 39.7856690703275 39.5118813049026 38.9158855974152 38.0686890589777 37.634420800198 37.0501401551063 37.0597992895464 36.9417757736244 36.2540929178131 35.1374780825052 34.7871436042009 35.4403327088078 35.9783748251588 35.8374083318328 35.0022102240941 34.6817088811762 34.0826628301817 33.0109612381609 32.6825911143538 32.1476496323331 31.9038200175428 31.2229575222041 32.041009956183 32.2382577280063 31.9801122298247 31.0829281412825 31.0239936129932 30.6609184744122 30.500385305812 30.4615115248488 30.9883821537726 31.5025100162822 32.2351072600047 32.8619093157277 32.8545875404799 33.2359159652113 33.8612588988452 32.431623951962
39.9811466231123 39.8984200676807 39.8601909367392 39.850801441171 39.9996045905309 40.0528271009583 40.1333778178269 39.9516382250121 39.7625973136966 39.3979823827993 38.9931918172097 38.5799880051006 38.0860515732331 37.4903585658527 37.4594459189294 37.0329376081629 36.4701623800269 35.5461551848441 35.0641809701396 34.8858139012544 35.3851460470476 35.5326023771025 35.4385358665806 35.2301488206704 34.8343706591593 33.2579106632325 32.8466914260533 31.8481819736519 31.6787066753405 31.6646566030691 32.1654330229195 32.1396942277324 31.6510671535932 31.246162116126 31.3285799224252 30.914279757859 30.734491089759 30.5698602801216 31.0181151023603 31.0964059798799 31.841017130144 32.5122031401371 32.5512841330332 32.6238379995869 33.2635395070633 32.7273828393203
39.9549780824476 39.8995434932748 39.9181555667976 39.9363264794247 40.0463532561065 40.1483001349608 40.2321449213473 40.2703702765774 39.9421563382474 39.4231167196439 39.082041147063 39.2410754243808 38.0979626856512 37.5000501684886 37.7024218388688 37.239306045444 37.4156463544384 36.4155312498433 35.552785718516 34.6112972067504 34.7752756900176 34.92798530151 35.5143371737828 35.4078469986418 35.2212398341035 33.7324962250462 33.0706389030014 31.8578090156214 31.4022898323349 31.928701296628 32.3468102679553 32.0889536020559 31.4365595173901 31.1500440208717 31.1969822878369 30.9429375727433 30.6024484427317 30.5277122954314 31.0912659444213 31.2419926360989 31.7890623119371 32.4179156632272 32.6238689435721 32.4902380256798 32.3105594604586 33.0420725283184
39.9541027482402 39.8967810739486 39.9245382288453 39.9645974929468 40.1061049347099 40.2015358936658 40.2120555047933 40.4391426639446 40.046988540714 39.4685804636685 39.0761874923639 39.6265825251976 38.2327866114159 37.5912896816221 37.9288066889803 37.50189649445 38.0837660692153 36.9657422888356 35.8320493662496 34.87029483112 34.5478933776502 34.5262805342988 35.0784050541453 35.2191273516368 35.0674545256775 34.1246557636339 33.3953572504858 32.4449561341269 31.5104439385725 31.9580539564916 32.5196578426896 31.7820230380547 31.394219329108 30.8563300670602 30.8625257316536 30.9242777228006 30.6810815510448 30.4702713913174 31.0957350715612 31.6401161431545 31.9970860359098 32.4808105937526 33.0572989307609 32.6069156321143 32.1613378108934 33.1846847560147
39.8825439373126 39.8551499112474 39.8974064448639 39.9566373128108 40.0739124153448 40.2358803105103 40.2262186097019 40.1990610579494 39.9753974784484 39.4734548568383 39.0871883197925 39.0875316828499 38.8116119702887 38.6121184975531 38.3731295819587 37.968552634189 37.588829456885 36.9460360302629 36.0001385894169 35.1844675642504 34.7878385030017 34.6678085447716 34.73633242636 35.3907450095911 35.1845777422567 34.3516325325166 33.7392993390552 33.1482276927734 32.0923302619271 32.0319482247339 32.3883585095497 31.3567508939633 31.349117036867 30.8164197975786 30.8057981867968 31.1241832482884 31.2862705975994 30.702763962987 31.0647721481208 31.7156553047182 32.1248396728477 32.5100551722429 33.2614100974624 32.6532783369772 32.649310035645 33.0002613917872
39.7238137059101 39.7711362891878 39.8432246604641 39.9055677120376 39.9894151819342 40.0742811385954 40.2863772561913 40.2620400992766 40.1613568891987 39.7284127938427 39.2730230990393 39.2183930869831 39.1791498212497 39.1505361342155 38.7112466931129 38.3744526360479 37.7412303897535 36.9225700583242 36.1488562922359 35.0579068481382 34.2116184873879 35.0319397966161 35.3014316542832 36.4422132095438 36.2817747247607 34.6563424629385 34.0460213211294 33.4543469988673 32.5238279212707 32.1234025812627 31.9011451582034 31.2650972845792 31.0374295820251 31.024926860924 31.0629687032467 31.5232769987752 31.892621207977 31.2774311367113 31.1509654474653 31.5432840995001 31.7399764720574 32.2231959110726 32.5668099979239 32.591741158377 32.3699053808884 32.8376032269504
39.6580244219457 39.7109892223896 39.76508467828 39.8444339338179 39.9148960045115 39.9698433183088 40.0854386701871 40.0942421159028 40.3050755065471 39.9287989817784 39.7560206812369 39.6761206140043 40.8484024797172 40.2140686113425 39.0695230143674 38.5492010539326 38.3779832383789 37.1684565167834 36.3118221387659 35.5976620284979 35.1526879871258 35.6027676506688 35.6374455368153 36.2104654962436 35.9561527707854 34.7546477946521 34.3000007491224 33.7027316234356 32.7574729880444 32.3235322672978 31.5736709971888 31.5705028765972 31.1913850290695 31.2272707036403 31.6985474335604 31.9646650847346 32.2266131363768 31.5385762332541 31.1563015595913 31.4817517794051 31.5337128155059 31.8472704951784 32.5418255267521 32.6342752185676 32.3007062229121 32.7749115227066
39.5710628896648 39.6422481408154 39.7033057409757 39.768601286088 39.8508963331624 39.9170773817914 40.0055823059162 40.0440504937564 40.1404004560905 40.1716468823691 40.0010652994402 39.649005400542 40.1549630457753 40.0591328519396 39.3884090713286 38.8033846743407 38.1742122160186 37.227724732269 36.4593581831326 35.8607839377699 35.6125216512812 35.7430078999051 35.8087198959378 36.3401449354423 36.130788145925 34.964221554695 34.423568180305 33.6619116276905 33.3309126749216 32.561729080273 31.7718390295829 31.9184617485278 31.8443520188555 31.8677628403223 32.0835778128374 32.1677710264349 32.236500102615 31.6465723052071 30.9686069581334 31.3585759063651 31.5063704887413 31.69578750834 31.8953967949291 32.3035506460551 32.5121101333509 32.9155593589719
