cenop/data/DanTysk/bathy.asc
ncols 400
nrows 400
xllcorner 4061336
yllcorner 3483818
cellsize 400
NODATA_value -9999
[rows 380 to 399 of 400, columns 138 to 183 of 400]
37.4946176383916 37.4265058171705 37.4015190551344 37.3829549204172 37.3467313366409 37.3400047676017 37.3160219069052 37.3238832005579 37.3245117239359 37.2991320529568 37.2915195805406 37.2873542941553 37.2820253922048 37.2533445905573 37.2517646572109 37.2467329220243 37.2609086701475 37.2498876430161 37.2352565876881 37.2487839645426 37.2649280844671 37.2807276550412 37.2812577919224 37.2756746563393 37.2587393645335 37.2385126887151 37.2406718142924 37.268639716803 37.2737111750518 37.281587220477 37.2803292504117 37.3074115391157 37.326420109409 37.3492647940719 37.3877605056622 37.4286250141649 37.4528898494929 37.4803103005339 37.4992454833328 37.5348993311 37.5377983694489 37.626437389546 37.7081416799178 37.8152486107687 37.9669468304644 38.0991314489605
37.4254310685208 37.4181278489948 37.4005756254523 37.3733619022838 37.3526502196734 37.3518572407194 37.3186498069158 37.3273295128235 37.3339321458442 37.2968487318483 37.2880372614235 37.2787476924751 37.2691381005451 37.2287111143835 37.2545842191647 37.2428652293927 37.2388127767207 37.234062042116 37.2134086526122 37.2413116429465 37.2635764839419 37.26648060545 37.2645005106332 37.2743033128752 37.2407494232382 37.2359947625857 37.2366992279632 37.2624240564657 37.2761123895784 37.2906205561636 37.2994470164319 37.3092277170863 37.3329669689214 37.3558064242879 37.392239436339 37.4176873730306 37.4475568138621 37.484424047768 37.506439801157 37.547958691413 37.5522281650776 37.6371603130559 37.7075212348432 37.7855360740126 37.9109604884192 38.0960623838428
37.4376504431919 37.4310754086037 37.4000639268168 37.3572540093116 37.3401921814382 37.36867176678 37.3247015045288 37.3158594832354 37.3016792611757 37.2909589832037 37.2974372806859 37.2787081764756 37.2673201105511 37.2504088540171 37.2748751162749 37.2414185801884 37.2206516360421 37.2299569924852 37.2312805733738 37.2484593203106 37.2856970198172 37.2603531988145 37.2494037155585 37.2518429667392 37.2339634243605 37.2293985154764 37.2260058437113 37.2503156800874 37.2754418837313 37.2931021362932 37.304757118545 37.3106053626118 37.3465618278604 37.3754365263376 37.4029711585363 37.4182751954234 37.4326884410104 37.4667041637033 37.5031976135656 37.552465733037 37.5340586632275 37.6394440937694 37.7354768940772 37.7901378300786 37.8410326464841 38.0586490293174
37.4516866712793 37.4355714725678 37.391496731383 37.369609227403 37.3456872246868 37.3368172480345 37.3130377829695 37.3067391387258 37.2941428286474 37.2874962261625 37.2799337986728 37.2749729294023 37.2974848454512 37.2539749136842 37.2477576017892 37.2305911140593 37.2202527596006 37.2294458706072 37.2512808348764 37.2336864252982 37.2504091531806 37.2400022654532 37.2405831964886 37.2416055854129 37.2173937265028 37.2234339910392 37.2279501190309 37.2245261901861 37.2760329292354 37.2946671374325 37.3132889581 37.3233946281112 37.3440228777888 37.3992887669503 37.4198457939058 37.4282672114447 37.4321198957331 37.4526745489391 37.4761494400164 37.5118181266179 37.5638794664189 37.6458030892845 37.7626724959649 37.7687170923169 37.8574753690186 38.0282397596515
37.4010294215248 37.3897237735835 37.3856917925101 37.369636418396 37.3373221997501 37.3251335327291 37.3108266029526 37.2981277255314 37.2932540115702 37.2763033885111 37.2617787730065 37.2608527304136 37.2597266441672 37.2760279559818 37.2708000057703 37.2260984739423 37.2060609720213 37.209217073475 37.2167530028202 37.2122004420903 37.2217179120444 37.2241031890823 37.2285109758952 37.2282568700728 37.2125421753499 37.2215122771866 37.2253172147799 37.2357429322542 37.2832635434373 37.3068914296325 37.311717235355 37.3427187705624 37.3566423438308 37.4200628013702 37.4391782482007 37.4501023108006 37.4590838014429 37.4498708495299 37.4659433215067 37.4920079374155 37.5436406519292 37.6110907996124 37.6816630355349 37.7572743316699 37.7694428492016 37.993979707646
37.3802944855463 37.3683468625219 37.3563834050643 37.347114404067 37.318380854333 37.3105706751224 37.3041556163758 37.2923217595484 37.28584999196 37.2581741052155 37.2225460890928 37.2438290702399 37.236775634211 37.2398797573024 37.2348088994012 37.2083101754657 37.19099119822 37.1881607926929 37.1894880435027 37.1934608031848 37.2042026599371 37.2096430721307 37.2119577912859 37.2131814034538 37.2134212627404 37.2248934520724 37.2413998472058 37.2628928357847 37.2970159167434 37.3233946844948 37.327074867907 37.3621515697747 37.3836137017336 37.4196554591438 37.4486203086731 37.4648044245091 37.4770394866809 37.4691548469485 37.4700039423071 37.5060918806619 37.5306886584752 37.5924065430542 37.6299921417622 37.7076077511521 37.7916677981748 37.9685748361175
37.3545748311402 37.3569922018854 37.3275508711661 37.3327767718632 37.3177040644534 37.3089742801265 37.2998500061453 37.2902369434998 37.2851745949231 37.2599724554572 37.2303155774796 37.2139560161702 37.2008523171974 37.170644047918 37.1983371861239 37.1855576859209 37.1743907081031 37.1535532610474 37.1508994447499 37.1821952682348 37.1906439441309 37.197148799504 37.1963490682293 37.1816114008032 37.2133103083451 37.2316603569307 37.2567575439947 37.2848769667154 37.3378381396734 37.3461500414876 37.3760088417863 37.3852850348196 37.4051953363324 37.416506932662 37.4525341869301 37.4684746272808 37.4815316877767 37.4821002129977 37.4686035532167 37.5154857012864 37.5386458178415 37.5730819174062 37.5895798778307 37.6357616271789 37.7954052325957 37.9441017487772
37.3241909024135 37.3374753752906 37.3130626714125 37.3352999720733 37.3295620620638 37.3218629050795 37.2955620257273 37.2840163095514 37.282525316703 37.2755665703837 37.2636127732937 37.2111638799198 37.1938996339563 37.1583603460646 37.1809519176484 37.15253446457 37.1566509848156 37.131463836346 37.1320145066953 37.1764225354183 37.1846640539594 37.1924707758787 37.1914608725024 37.1700325953938 37.2127794265005 37.2307095419944 37.2548786616436 37.2928013950434 37.3671764929546 37.3679756493712 37.4265666317609 37.4091302099423 37.4264997933942 37.4207797474983 37.457645244656 37.4734986810112 37.4811115664624 37.4890185132507 37.4794905908755 37.5154934166084 37.5548407070268 37.555654883414 37.5536442147291 37.6045764521794 37.7728001833766 37.9084346875273
37.3029356415559 37.3104885168926 37.3050213894292 37.3268219801116 37.3237205514351 37.3236406224901 37.289769189943 37.2738461352564 37.2720382399524 37.2783421660444 37.2772994803749 37.2487904700718 37.2359243677874 37.2067911499843 37.178192213424 37.129303906377 37.1355187290984 37.1148271136685 37.1409139629603 37.1680739508468 37.1822956196671 37.2001463984515 37.2052219839598 37.1912915133034 37.215659192061 37.2254730212471 37.2449087604595 37.2918620988473 37.3561053044025 37.3771828651885 37.4413231450087 37.4252236323265 37.4508772192187 37.4352566340105 37.4637949671015 37.4819703950576 37.4838453459168 37.4957971501775 37.5025537597979 37.5155755302655 37.5563963935606 37.5456531861438 37.5045105505119 37.6248136160732 37.7543966579696 37.8602564099506
37.2907149477905 37.2924342630414 37.2860998564376 37.2747450542927 37.2799333573862 37.2852401227407 37.2822188287615 37.2710789419704 37.2649524300271 37.2510758815437 37.264115641258 37.277679037365 37.2713350652068 37.2135293128724 37.1856171922283 37.1527745465683 37.1146477895957 37.0711782009477 37.1354143077089 37.149151654504 37.1688711022365 37.2125801191048 37.2292453292468 37.2096958889695 37.2267595114182 37.2370791778254 37.2536531457469 37.2937096141983 37.3275026100032 37.3650358809231 37.4155573164902 37.4252274729463 37.4630567195123 37.4544621508676 37.4630239463743 37.4791312987837 37.4901784091257 37.4993698960665 37.5073949709117 37.5214664349623 37.534547644505 37.5400833345121 37.4446609895481 37.632987737828 37.7364641003676 37.8218433066772
37.2701048435716 37.2775010994897 37.2740411648284 37.2439556617911 37.2500813231244 37.2535790641441 37.249388155784 37.2729703293487 37.2718477237589 37.2308902067451 37.2590193901544 37.2462996136828 37.2287226340092 37.2007481964094 37.1971453460243 37.1702004784713 37.1380119880431 37.1192728546754 37.110959811252 37.1262062633881 37.1504844027698 37.1924745875656 37.2088176683952 37.2310540689927 37.2562527619255 37.2668428591683 37.269108771582 37.2964900816121 37.3234398838833 37.3333436182833 37.3892689082098 37.4104886584387 37.4428082485062 37.4506788091485 37.4519968099716 37.4675740023799 37.4975447206215 37.5071092135791 37.5180051517643 37.5430914782954 37.5310438866 37.5440076362465 37.5582013840621 37.6180083611843 37.7296213832533 37.8506653009747
37.2543079929403 37.2779973126774 37.2724531167818 37.2434779238578 37.2135880935876 37.2236467604397 37.2294929006219 37.2393483044796 37.2489347100378 37.2517639446444 37.2853949234093 37.2726165939354 37.2363789896384 37.2090506000137 37.1938230184675 37.1921961640557 37.1449401843693 37.1357978047191 37.1304646789621 37.1346157964768 37.1240202273002 37.1790578703292 37.1970145068511 37.2196617573994 37.246536319734 37.2623594141874 37.2782627853547 37.3014679730002 37.3253017548026 37.3353753414999 37.3827536299853 37.4019635697481 37.3890133971231 37.4319892026434 37.4366638912486 37.4709030849426 37.5050851108309 37.5378722219837 37.5455412633147 37.5658970754521 37.5275875594873 37.5477137244519 37.5944218472585 37.6591453596972 37.7433633806733 37.8250831076751
37.2596926568633 37.2858940468103 37.2739980660207 37.232149459917 37.2034654404025 37.2111219529323 37.2086688315262 37.2192763758987 37.2221892091272 37.2444450213611 37.262608095508 37.3712699874056 37.2800573960122 37.1749277179822 37.1749344845778 37.1732952902127 37.1411340119921 37.1259127415765 37.1711690257531 37.1459264534981 37.1399644014686 37.1752368754326 37.1862530735636 37.1823450191398 37.2278640066404 37.2494649146756 37.2762475110915 37.3001058604969 37.3424449991116 37.3644881112539 37.3764369087695 37.3969260642879 37.3764649068351 37.4220105058395 37.4419237283873 37.4833782460206 37.51266263815 37.5638813858968 37.5717929080513 37.570785452979 37.5673225454942 37.5825446476779 37.6161460471325 37.6692742011819 37.7572864481672 37.8443258038306
37.265881486283 37.2708526107029 37.2560330801087 37.2173570900184 37.1720370860567 37.1958009683115 37.2014136508386 37.2153555090741 37.2134657281548 37.2271768956763 37.2303251845503 37.3094075069741 37.2567240613379 37.1823875047177 37.1841630040793 37.1698277332391 37.1398753909144 37.1280364071802 37.1651556994331 37.1367268272127 37.1672157464119 37.179570169544 37.1888078485442 37.1843867220057 37.2208585205111 37.2281910138972 37.2618512486293 37.2936895664713 37.3419841216787 37.3699218521806 37.3769428514108 37.3964849495699 37.3978905682046 37.4222410893603 37.4477183367024 37.4927703738178 37.514910156657 37.5630572736421 37.5859314551953 37.5868826481718 37.6011818584022 37.6058160142536 37.6234702775922 37.6647361921273 37.7710896693962 37.8470563905278
37.2710081097785 37.2576640617952 37.2367138366026 37.2134284543234 37.1755638318638 37.1647220351225 37.198979599405 37.2155276697837 37.2159982172673 37.2186773855306 37.2139936264538 37.224058092413 37.2164140943623 37.1967128069835 37.1885164884317 37.1632895304871 37.1281503959835 37.1272626312911 37.145053672813 37.1343905352298 37.1780969689459 37.1856461587145 37.2198418670841 37.2094894350229 37.2242443896127 37.2232785870398 37.2520503251962 37.2770517141507 37.3118836455675 37.3536526375932 37.3783662401398 37.3984853011869 37.4267839870138 37.4283130635215 37.453988625998 37.498551095775 37.5176265493773 37.5632880581565 37.593048899351 37.6153612528217 37.6296778719656 37.6208356461755 37.6253995826572 37.6842759358763 37.7935850490323 37.8688770792843
37.2683299293632 37.2617849319931 37.2269133127175 37.2168293892598 37.2113134278901 37.16219038191 37.2043554630336 37.2122768565942 37.2161736148793 37.2185036311401 37.2137647203572 37.2100159507968 37.2027922486897 37.1957131896182 37.1958722043817 37.1475134305837 37.1169560816764 37.1213208648348 37.1323367947391 37.1527674421117 37.172844922991 37.1892614290582 37.2466191303928 37.2348209235679 37.2295031059433 37.2428416939495 37.258849423294 37.2661468659884 37.2846689088547 37.3357725715342 37.3667282000521 37.4009206216241 37.445294936088 37.4374108078632 37.463935222005 37.5036109137969 37.530786767032 37.5800307951308 37.6040548312536 37.6473484216053 37.6596272173944 37.6572594230058 37.6626775920957 37.7182395339402 37.8247834988153 37.9108576340687
37.2505985683068 37.2674214455005 37.2241973110991 37.2190991267172 37.2164355304802 37.2280194864907 37.2294270214382 37.2142306533719 37.2139822197486 37.2035545703144 37.2118009358727 37.2090077080614 37.1988409837107 37.1942452724144 37.2249583982895 37.1450835878027 37.1168235229898 37.1264915722582 37.1188186910458 37.1718861659095 37.1739825040986 37.1916571174363 37.2154611918979 37.2525422747914 37.2340029537635 37.2686509931618 37.278707664968 37.2878667386867 37.3055806952301 37.3336596010758 37.3446813352291 37.404024149808 37.4476688698894 37.4517527765449 37.4795231629317 37.5113461530163 37.5571344079082 37.6061608254491 37.6292992052917 37.6747457690005 37.6886120274791 37.7255991561374 37.7597148235139 37.7484747570778 37.8548246217043 37.9300968714036
37.2388976174642 37.252223274765 37.2459117664009 37.2498085154272 37.2196533107391 37.2518795881481 37.2579543028477 37.2469907817877 37.2364494304704 37.1453233371542 37.195230668826 37.208083315681 37.1837516365356 37.1636673386513 37.1533282250093 37.1517755906644 37.0565125949712 37.1264657856426 37.1367084470752 37.165327177149 37.193788429611 37.1981893273173 37.1478694919354 37.2380394450429 37.2494883028428 37.2796825652789 37.2965079223504 37.3354322753009 37.3559056144874 37.3587904274018 37.3668121975632 37.4109669689346 37.4240799289206 37.4773417094461 37.5092083405686 37.5281545788137 37.5805390383525 37.6516328231205 37.6759738606827 37.6939540516377 37.7213763731812 37.7627038792974 37.8267186759031 37.8725860974954 37.8809461724476 37.9500990850536
37.2254498480382 37.2488685879856 37.2617126297398 37.3037104855233 37.2891641275075 37.2866386223568 37.2981923800765 37.2805905903865 37.2772439733453 37.2398443755289 37.2276246964451 37.2029703594214 37.1215581676974 37.1363360855498 37.1398784599264 37.1331728478669 37.1058279285614 37.1237730168829 37.1252074454345 37.1781336309955 37.1940815054864 37.2064909005781 37.1866019426593 37.2344299283449 37.2782359745145 37.2930625887849 37.3126999053896 37.3518475576589 37.3801362140227 37.4117731517329 37.4311860719307 37.4403211705802 37.4484445776338 37.499099437719 37.5322054977436 37.5513990828186 37.6254992404929 37.6998796551155 37.7218430038821 37.8015229948776 37.8076113715723 37.811274138236 37.9022247832235 37.9440875855694 37.9920225383749 38.0637178241287
37.2641374368006 37.2785924913304 37.3244360197748 37.3625820557199 37.3323987650338 37.333922297049 37.3270606035251 37.3099827926835 37.2999510400286 37.2678409673656 37.2339653918396 37.2363062705544 37.1805531595091 37.1339790781093 37.101118312088 37.087318937569 37.1194262491507 37.1330681555387 37.1461875416412 37.1830597912044 37.2005181634139 37.2210318798073 37.2294084126042 37.2553417969973 37.2929700918263 37.3083627556362 37.3188687864047 37.3598775340704 37.3964127717811 37.4378167059977 37.4682054337334 37.4816657065767 37.5028418175408 37.5336914861618 37.5634322560823 37.5739254533936 37.6627182195633 37.73047698623 37.7811118472927 37.8980135268999 37.9076622362711 37.9487443555003 37.9984983641939 38.0162985365407 38.0643823595734 38.1354263707255
