cenop/data/DanTysk/bathy.asc
ncols 400
nrows 400
xllcorner 4061336
yllcorner 3483818
cellsize 400
NODATA_value -9999
[rows 340 to 359 of 400, columns 276 to 321 of 400]
21.8199939658873 21.4747132004225 21.0200655373218 20.6115130709635 20.3652312299441 19.8726526406568 19.5631876941931 19.550442039841 19.1003037298111 18.609926943766 18.3139688947844 18.1842265914615 18.1854208375367 18.1997845024159 18.4877005599286 18.7670581705845 18.8645392604494 19.0355534586469 18.8811574524224 18.7701698685775 18.6512925056166 18.3453737310194 18.0069281391015 17.7020852648911 17.3601679366346 17.0850380219895 16.4284819255299 16.0293973429881 15.2324077889646 14.7483674617712 14.4815951363722 13.9835280441097 13.6476780762423 13.4057188243163 13.6480517416629 13.6383038406159 13.5358058113379 13.5313897743935 13.542419822125 13.5062329455306 13.7467444683364 13.3901977768633 13.1790969137644 12.6854407963545 12.0937636753603 11.1319496418731
21.8129417696585 21.5388107294451 21.1194124623133 20.7385229944016 20.3252742601161 19.8090135759084 19.5087391638328 19.4185606218063 19.0560661961346 18.6335802755472 18.3950330063504 18.3197549988484 18.2322311647556 18.3090389327529 18.6462784180125 19.0265237665377 19.1433755071455 19.2570077105792 19.2356843971761 19.0924229274325 18.9327537607964 18.6251653688254 18.2888186213726 17.876823767389 17.4829375533188 17.1021067121087 16.4832680771448 16.2624524946105 15.6492882848178 15.0225938017472 14.1275892484815 14.1732493245746 14.1595573715409 13.6121166192623 13.6103766806568 13.6340905951047 13.3443496417729 13.2098572434039 13.2989913956119 13.272629529674 13.4458865966081 13.3817712063541 13.3060680366877 12.907195569056 12.7758430246514 11.4245480598075
21.8603421292196 21.5828780332385 21.3087402024266 20.8111039617008 20.2395704274816 19.6587589423381 19.3163770184601 19.0689502473529 18.8136729677609 18.537796886458 18.3489394363301 18.2349697378507 18.2404711328596 18.4358198127547 18.7220014953149 19.3933548086598 19.4528352978645 19.6233201561368 19.5944706177135 19.450908443415 19.2050026116772 18.873207213903 18.5665417971566 18.2016110925368 17.6176490960474 17.0960818389292 16.4054133668315 16.3594779342908 16.1610010133271 15.3835235858473 15.0071874955374 14.1962036196111 13.4858744963943 13.4226623169506 13.3487018929742 13.6679621172093 13.266578768782 13.2146582778205 13.1108502517066 12.9868341049174 12.9945609055195 13.1940178165696 13.2078470766846 13.0611497283248 12.8319499447567 11.6981177644942
21.8843552444072 21.6277810818645 21.4926206822392 20.8176557634385 20.2020660756695 19.5257055097996 19.0488008739145 18.7196628364596 18.5291425674836 18.3471192155278 18.1466613623866 18.0987348457547 18.216329134632 18.6473304088501 19.1102087030583 19.7030766044403 19.8873646634954 20.0155288475666 20.0213596476905 19.810809044441 19.5512960474237 19.1828951363349 18.8771345588196 18.5147441769424 17.6660691271444 17.2124323228596 16.5991659516261 16.3084925963701 16.2649995976225 15.7503957362052 15.8763169893713 14.3246619472092 13.2137048745468 12.705208946455 12.8407470927458 13.0847334900022 12.9872328849169 13.236078760007 13.1633614863612 12.928488525705 12.7631294230183 12.9458045952027 12.9691913870147 12.9256902911972 12.4898019240073 11.6931251301679
21.8670965017759 21.680041755234 21.4551098706744 20.8139250816088 20.2220815392315 19.5147426090995 18.8573610381914 18.4839505997096 18.2854440129661 18.1310689491767 17.9829537374136 18.0815882011013 18.283603993211 18.8377432412762 19.4290517098541 19.8831103514714 20.3193807047406 20.3302205704967 20.3671834420839 20.1544877920523 19.9204837612889 19.5627088428551 19.1729091891627 18.7513478072057 17.8135295722081 17.4316970969244 16.9423609827258 16.4159016538928 16.0321659534044 15.8090465305103 15.8605400217516 14.4921241857656 13.6235200981212 12.366766657728 12.6074398028424 12.4070510756173 12.2372388484778 12.7269882117167 13.0160567968616 12.9061064451384 12.7055617489606 12.7736593624914 12.7203397679207 12.5799663888471 12.1416955388982 11.5656539847241
21.83616664279 21.6871694286015 21.1969688748841 20.8576868447251 20.3170229323069 19.6579562371179 18.7794532293248 18.3153304374116 18.0409395707856 17.9219809529826 17.9653636704468 18.1689896959644 18.4657233454702 18.879765349011 19.2808922812423 19.9558003109002 20.4990134979243 20.577849062052 20.517455014022 20.5136883424163 20.2349951877082 19.9574418605999 19.4265825489524 19.021669220625 18.2853602898723 17.7303863764503 17.1423151171429 16.7789917098343 15.9257815001232 15.5018997680478 15.285297892736 14.5522682948895 13.8474930626253 12.971585173951 12.8720740650365 12.401662196233 11.430494716995 11.8075353492352 12.2368121471039 12.5112088385973 12.5136671612482 12.6517777515702 12.5244628693182 12.294512294248 11.9432921051995 11.5557518684017
21.7366824066529 21.4953603301327 21.1333221120104 20.8289349191188 20.5096996026301 19.7777527294393 18.5112401669769 18.0109820219929 17.7093978176299 17.6532644289946 17.7411865675509 18.0571576535087 18.4088823365267 18.8461116153422 19.3541058341616 19.8270679288258 20.3574916537111 20.7663476386359 20.7191308785525 20.8777651788745 20.494338259194 20.2979492016904 19.7102849840202 19.4029658172449 18.7840359628936 18.149722548053 17.4338645754356 16.6305086878703 15.9901492912988 15.3135172705175 14.9593325848039 14.8327335853816 14.0802474637642 13.2454174427563 12.7823212359963 12.3570611395277 11.8834948362889 11.8099569056114 11.3768002225603 11.7369314829297 11.9965882413505 12.2802607042093 12.3247863949677 12.2593935933902 12.0057799824967 11.681704169784
21.7476525809151 21.1991268400878 20.8952459588743 20.5146179773786 20.4975333171083 19.6715343434907 18.4061252200655 17.7887867321114 17.5721155543641 17.6061138042128 17.7490106277433 18.0167403985948 18.391104718314 18.8990539217301 19.3580875647681 19.8454607290176 20.6892882593305 20.7211311437511 21.0232898814608 20.8974821515613 20.6862854163421 20.3899301846358 20.0255984157393 19.6443772861619 18.977864123315 18.1642647727595 17.4758837691608 16.6380846868311 15.8229989124062 15.0507919095615 14.7907073109197 14.4854480214031 14.5300478557554 13.6272595570272 13.0661786674058 11.6472054186832 11.75478453389 11.5183782768048 11.5565982424106 11.8489144486648 11.5486747203315 11.8782112842516 12.0133194162811 11.8939778628931 11.8073220032526 11.5622456788676
21.4333350016978 20.9118010368246 20.683811887515 20.3223432062508 19.7780167730821 19.1272744534329 18.2835008310757 17.8151919403473 17.6386524621934 17.6278566712831 17.770418514362 17.9718949054638 18.2351548181461 18.7639312133963 19.1771165095934 19.9533710089017 20.3148716079058 21.0414583955012 21.04538568192 21.1238256730988 20.8878352623253 20.6926989605694 20.2745008820786 19.7496425081732 19.1060887053887 18.3660288419685 17.6028568623873 16.7928648688076 15.9907357305191 15.1872926296983 14.707782821546 14.620626070059 14.4198107679838 14.1856613980188 13.7617094540983 12.3293335208504 11.9256992627942 10.7588336963775 10.9003434363816 11.4065581955371 11.4616308598944 11.6851290842307 11.8284005900323 11.6185171213048 11.4915737969014 11.2597903986635
21.1830360573658 20.8338836476927 20.5074982801531 19.997487196131 19.4058969081138 18.9374682314995 18.4077473897126 17.887055829677 17.7917373418765 17.6277841210235 17.7486413191423 17.9057006130369 18.1922243717773 18.4956439428526 18.9018716025961 19.6265142732322 20.1030618702371 20.890115572251 21.2174682877111 21.3207578413336 21.2595019479811 20.9570476026325 20.6710389157314 19.9965038833971 19.2860317297113 18.5551354772063 17.7350978440503 17.0757796424147 15.9869779426791 15.426400913148 14.8974753328693 14.6830042541201 14.4016678696068 14.3833431314702 13.64782852797 12.7187979373706 12.0732994966353 11.0329644369317 10.9225862060724 10.4138124432587 10.9648449742478 11.3325647571139 11.4985073247759 11.3529969072824 11.2005831622966 10.9453657139447
21.1563310832833 20.8684914545695 20.432576416602 19.8990627978783 19.3676620759634 19.081065572539 18.6646897334708 18.127488631359 18.0308254389662 17.7527745741058 17.8245918374938 17.9059527916881 17.9923078954396 18.2166772000849 18.5620147678193 19.2708055673988 19.8652243642934 20.680844702227 21.1119334384584 21.4295422875273 21.3876398795675 21.1420198376325 20.8635292462344 20.2440795760829 19.4855406564491 18.8000360715131 18.0201394010412 17.2246700559665 16.1028839645709 15.4106433988005 14.9619237265868 14.6560495933781 14.3637479623363 14.2364960823599 13.4883392478698 12.8903568167682 12.2425095482378 11.499018698175 11.3656656725534 10.3439167534809 10.6829542733826 10.7800890222704 10.8627020400059 10.9876373620466 10.8485045341238 10.6205987925246
21.3170458095715 21.0635540518269 20.4880588072679 20.0164289742607 19.5654228326655 19.3366259549444 18.9423847383418 18.50961600049 18.3049402398178 18.00282813995 17.9866019952403 17.9979938453413 17.8435469752205 17.98056281305 18.3641430180719 18.9982278619714 19.6683621754912 20.4717014239377 20.8424949485439 21.5167715048514 21.4059119947692 21.3636243289502 20.9158267126272 20.4718893029348 19.7870623593539 19.2273036851479 18.4294684650568 17.4908051178339 16.4583706162317 15.4566180048859 14.9555168341043 14.5906561975985 14.3206725872801 14.1046126182824 13.6429596707696 13.0676739675094 12.4816413196393 11.8514293449357 11.6613871001803 10.878371639367 10.72006054197 10.4593577450873 10.42075848987 10.6671757201655 10.554813087405 10.385778131964
21.5565781917027 21.4090799129369 20.6587703733386 20.2540120810477 19.9044390089359 19.5685735106508 19.2250252295003 18.9085897711015 18.5754392402258 18.3012503069343 18.1791313246166 18.1317837337653 17.9429471856196 17.8840701293834 18.362059016671 18.7870579570913 19.5904198707577 20.2031999859892 20.678828988243 21.5216303449579 21.5835558427334 21.6167868648528 21.1085086180603 20.7281873797381 20.1719802383243 19.6971737802422 18.7871175050461 17.9997202112086 16.888833838573 15.8145799916366 15.0165438776314 14.6132033302975 14.2865484343623 14.1485569903469 13.9356522078803 13.3566681733063 12.7900659147981 12.1718987592596 11.6266848044831 11.1134205089427 10.7934318545474 10.5457900078506 10.4615196616556 10.5468273248732 10.4348037498951 10.2976895466453
21.8134820809958 21.638319903241 20.8978742988162 20.6834687073766 20.2342945628225 19.8302075602017 19.5667624550752 19.2490488762226 18.8802932295864 18.6282395686311 18.4538132429756 18.2508657094185 18.0247779935168 18.0909150565821 18.3028780306664 18.7983452852651 19.4459689026404 20.1001685381238 20.5592084604974 21.235257977775 21.771232032939 21.6926450705262 21.5084776921035 21.0095556598832 20.4209972237988 19.793918496339 18.9557501958737 18.2761457858708 17.1473224357491 16.0702755219456 15.007853868653 14.8899976524546 14.1486797803939 14.0446595435256 14.0442268634025 13.7035296314077 13.1566573909672 12.4106282589271 11.7230691144833 11.1701529334944 10.7474764872369 10.5025209317108 10.4314481974123 10.5182252008151 10.3742255570695 10.2421128364325
22.0330130107402 21.5417031221786 21.1149181307031 20.4869017113831 20.4136071815982 20.025156993937 19.8811690911381 19.5371545342726 19.2300957076029 18.9791216944069 18.8813627493465 18.524159848884 18.3405448285439 18.2969096252749 18.5908562472873 19.0768302492475 19.7205859042029 20.1101202947711 20.828921738429 21.3560349224036 21.6504828030784 22.0396699958705 21.7308250018417 21.411056948009 20.8422873405675 20.0494648139413 19.2106201039317 18.5661007177097 17.5025504389891 16.3785978227585 15.4916094854606 15.0729300288109 14.4098457544772 13.9087916679251 13.7313908227963 13.5930669831499 13.6979391584862 13.2173248404831 12.431316536848 11.204998616155 10.6274758571837 10.3234895883784 10.3741466990861 10.2641670865344 10.279167022295 10.1790433532817
22.0641497363377 21.5416498903127 21.0192256481452 20.4800501845715 20.4197940878295 20.1728945840886 20.1525636229849 19.6028641264515 19.3576882988219 19.1253377401811 19.0277492158722 18.7363181511133 18.5548287951474 18.3838154231921 18.4743731147249 19.0745805968184 19.7030347263004 20.2864103928606 20.8079612770345 21.4420382122936 21.6442524311024 22.084763060218 22.0160949441645 21.8692267620569 21.2586198115547 20.392188878159 19.6104643110779 18.8123752031129 18.2685685387574 17.6313574090739 16.5628850893176 15.3931373494252 14.4365859737621 13.9028097303275 13.5900346701857 13.3882249759109 13.632540190106 13.3317535288578 12.5501888469682 11.7347599476169 11.1113422864967 10.6821719462807 10.1492357589398 10.309896610358 10.2880480215357 10.1559567348784
22.0118686275719 21.6070254911295 21.172960073007 20.8343188650535 20.6470638959059 20.4491129632361 20.1517899930329 19.7771351532467 19.4697556083269 19.2357050905835 19.0569597580415 18.8218150490193 18.6216327719098 18.5121364174814 18.5911792322354 19.0065742186939 19.8192507248287 20.3040068990513 20.7848506309161 21.3909429347857 21.6324555554928 21.9635756682684 22.1411456920384 21.9029527360806 21.5757766700913 20.7973649942921 19.9179655232968 19.1613984890775 18.644497961792 18.0900355575769 16.8787087468234 15.5861610074246 14.6523497372627 13.7538936348918 13.5695472236486 13.2441400234071 13.3288410836214 13.1365722398141 12.6890763732187 12.107427795229 11.6719396610238 11.1595374889887 10.760053970979 10.5630045810077 10.1859154642805 10.1571734197509
22.029036264855 21.7314893054711 21.4648542196212 21.2290177272932 20.9549808407023 20.7903881231828 20.3837634402916 19.9480988982142 19.5861135994737 19.2598081244813 19.0041683728206 18.7814786668757 18.5770336131091 18.515913888792 18.6029828366607 19.0137910305995 19.7927985038438 20.2359641374908 20.8224487648526 21.2480548024955 21.5499349091294 21.9180592943598 22.0641179347468 21.8980105908809 21.8928073465614 21.6450745544571 20.5346115879024 19.6037411317153 18.8013348643365 18.252270576356 17.178978245397 15.9601585131623 15.0291565488768 13.8962167833439 13.585977450077 13.0184581772556 13.1104561655247 12.9266136158389 12.7737438649341 12.2883680632062 11.823676708007 11.3847028582265 11.1771229264624 10.7206134860415 10.3194229878421 10.3203787475939
22.0471481293205 21.878514654183 21.7106895517638 21.4574122995079 21.1526650081494 21.0336129469046 20.6567135980346 20.0146966237857 19.5700817596921 19.1808516975594 18.8910188916536 18.6622881345569 18.4264558375817 18.402990612757 18.4711188011137 18.9677753170191 19.6537740674755 20.0939753592611 20.7109064687077 21.0555408256472 21.4121916461077 21.8297829277321 21.9637144680713 21.9954558245298 22.1224559121742 22.0260223782505 21.2177471426963 20.1367937864617 18.8949414355955 18.3983829625268 17.5460344875746 16.4206197352035 15.4887273821156 14.2525654105822 13.5604852642588 12.9976862089259 12.8442316768199 12.6743188871669 12.5713128357312 12.2624204362856 11.8055669174902 11.4577809615661 11.302424764096 10.7397745240431 10.4825146353381 10.4152202222614
22.0479460627787 22.0142897012877 21.8087224951926 21.5234712724433 21.219151690883 21.0829290477396 20.6629404794407 19.980781272776 19.4405039392701 19.069986979749 18.7600910168054 18.5795487042491 18.2807220629005 18.2486986821708 18.3476520377759 18.8032058840598 19.5066414878882 19.9151962005341 20.4055100901661 20.8428909732323 21.2176738919098 21.5773210281853 21.8764014373402 22.025607717434 22.1657318462945 21.7322562489312 21.640796871116 20.6699965350264 19.3334163954605 18.7061806684456 17.9056518954826 16.8887383179585 15.967471510428 14.695740586071 13.7457820192319 13.3570208410995 12.7523116034491 12.4276353250496 12.3158031707211 12.1446676332667 11.8726052820741 11.5699720866426 11.3633675668096 10.6414958261993 10.4514607701433 10.2902451705357
