cenop/data/DanTysk/bathy.asc
ncols 400
nrows 400
xllcorner 4061336
yllcorner 3483818
cellsize 400
NODATA_value -9999
[rows 140 to 159 of 400, columns 184 to 229 of 400]
28.2744554308039 28.380197189385 28.4699105873739 28.5341835078719 28.6187028468057 28.7162360673852 28.8092175625698 28.8938379334913 28.9828336979892 29.07433093141 29.1716875010346 29.2612763893582 29.3804317776392 29.4877140322677 29.5829522255279 29.6664085949897 29.7378800471601 29.7879407325402 29.8173351040462 29.8018853071448 29.7361695846482 29.5823534623822 29.2741649629498 28.8106178396975 28.1115235900161 27.2976359389989 26.5924383356375 26.0884728287846 25.7988396105594 25.6280244274883 25.49227233583 25.3978856944553 25.3944429188595 25.4373476926067 25.544230771784 25.667607435475 25.7901516330193 25.9231563837811 26.0470136700511 26.0857806162455 26.0851621187977 26.0720072731993 26.074128038856 26.0500935313154 26.0283964283499 25.9904258544804
28.2204167024223 28.2931026642041 28.3651543869409 28.4347998033532 28.4957021757287 28.5566503665542 28.6250287293622 28.7013598694226 28.7799891610707 28.8584230842051 28.9400860687465 29.0074470637308 29.1200121903949 29.2140691613836 29.2870938183883 29.3503363006889 29.3936477782411 29.4209406757953 29.4334056391719 29.4264727679145 29.3502870707241 29.1755744654517 28.8477656067272 28.3633100411719 27.6949373925422 27.0084212568812 26.4435077495011 26.0485354421693 25.7567472308143 25.5543625927654 25.3879160961822 25.2542668907146 25.2013350907027 25.2318206782612 25.344272933426 25.4893857785201 25.6328750438663 25.7842680733328 25.94833681616 26.0018175271568 26.0139084673353 25.9961064318112 25.9756567847191 25.9307617269155 25.9054337127299 25.8678493527039
28.1664943630124 28.2199707886468 28.2800758575999 28.3447256743461 28.4012891565518 28.403897649036 28.4457893147849 28.5103558252696 28.5778905560201 28.6527897179641 28.7181781729641 28.7752311747246 28.8518374013574 28.9398897693054 29.00087633492 29.0447263223597 29.0659926408585 29.0760320831522 29.076462585495 29.0650728093924 28.9976543325615 28.8124226977164 28.4706742305909 27.9537279274314 27.3446252484468 26.8052147999897 26.3635119641126 26.0255642970123 25.7151765442978 25.4703445316364 25.2577733403442 25.0750257425044 24.9813354293811 24.9854027516773 25.0965819198124 25.2704949442317 25.4634411077617 25.6669765580756 25.881753102709 25.9212383460869 25.9426123648889 25.9204976543467 25.893644971307 25.8346192827798 25.7902729783116 25.7474458806537
28.1135304510243 28.160216485035 28.201879867798 28.2403363355838 28.267116565847 28.2553537613665 28.2864796636658 28.3391913134232 28.3837288222631 28.4395657157576 28.5187815579434 28.5674858072558 28.6010229832352 28.6601566022749 28.7117977530921 28.7576911136259 28.7748309385904 28.7708254356161 28.7599590379131 28.7271967542835 28.668313574275 28.4882029080108 28.1254593963977 27.5990680308476 27.0980478587829 26.688456909416 26.3336046216038 26.0056793025625 25.6881899982837 25.4101520137535 25.1428684534403 24.9028060248583 24.7574825710158 24.7211289622424 24.8363829534331 25.054071709896 25.319783112006 25.6194877487361 25.8439477155757 25.8698494017085 25.8725233863298 25.8389554386276 25.8047633049435 25.7626497637835 25.7033532996103 25.6624407171056
28.0747984689259 28.0887800981332 28.1136929465012 28.1327763859794 28.1396052410055 28.1318925563362 28.145541515397 28.1933941603005 28.2047292455386 28.2415484800159 28.3038531970759 28.3269255186042 28.3412301874045 28.3754959557425 28.4195912331684 28.4545902799047 28.4535334674476 28.4479147258249 28.4273461821085 28.4090743847985 28.350860941714 28.1704476020409 27.8133270491775 27.3695610984758 26.9863883453798 26.637167527891 26.3304282568091 26.0022365638024 25.6912830721127 25.4080815697828 25.1003274009959 24.7990574679359 24.5471381983636 24.4290400268974 24.6097625945751 24.9207346245876 25.2825994645486 25.6197336518002 25.7810972833921 25.7970130312265 25.8011520540822 25.7744651207802 25.7143732981885 25.6697003509866 25.6175668200706 25.5721811972455
28.0423032382443 28.0460993246294 28.0581613527002 28.0619964378723 28.0713179004804 28.0717799776837 28.076305289971 28.0892218001109 28.0970562350078 28.1060776476262 28.1316110527365 28.1406484448152 28.1473984268644 28.1552871228933 28.1768724053749 28.1916353822196 28.1805137203829 28.1706918871204 28.1441958312205 28.1218168332036 28.0753827089046 27.9142206638011 27.6010793718906 27.2439845557138 26.9213864274729 26.6045925172561 26.3149434000889 26.0114436072937 25.7235577770953 25.4568679249757 25.1420132271876 24.8121913184301 24.4880074807763 24.2855262890465 24.5012059900833 24.8843002149527 25.2979463903167 25.6195729975172 25.7396335719608 25.7487148117608 25.7454205380714 25.7116798380397 25.6526152703827 25.5974618073723 25.5419847232446 25.4922025289462
28.047779028408 28.0180041390422 28.0061152438124 27.9843859849877 27.9795654418172 27.9761206625713 27.9840174538441 27.9993686220775 27.9932325902059 28.0019098853415 27.990782343535 27.9680939385779 27.9657670470727 27.9680622639118 27.9738038186434 27.9739433902923 27.9492092009105 27.9483990123121 27.9275224652608 27.8884142962818 27.8506927064395 27.7143672648057 27.4525563686727 27.1424615170303 26.8543039750963 26.5666945724167 26.2934432096657 26.0229252458798 25.7678000511005 25.532564736976 25.2377602823729 24.9317568323203 24.6343040927136 24.4146212878723 24.5493596769821 24.9056581148263 25.3276242465119 25.6205142786102 25.7087907579726 25.7134363248659 25.6901032611177 25.6733904108183 25.616720553828 25.5509654487948 25.4930319095128 25.4260586049604
28.054775533197 28.0014821901853 27.9619923529509 27.9213612577934 27.902818434462 27.8991096330965 27.9001061701022 27.8979629751487 27.8848100419861 27.8947406194908 27.8709440129572 27.8384885843057 27.8198327094187 27.807650227941 27.7992759219771 27.791450192057 27.7722220556974 27.7718018457791 27.7545919143857 27.7095196418555 27.6632853333277 27.5438669185718 27.3148216967972 27.042865512579 26.7859579593966 26.5251468679309 26.2798556465398 26.0419799937007 25.8183726554216 25.615616637794 25.3560841927475 25.0992514556775 24.8660379551765 24.6745789510184 24.7055823172761 24.9654906002622 25.3569476320457 25.6296527632939 25.6955731192047 25.6927000335354 25.6562676189812 25.6378136305383 25.5816855364607 25.5086710803649 25.4474307740186 25.3625157289913
28.0607403299493 27.9893641636496 27.9275909826677 27.8802286506151 27.8505743724404 27.8415055253505 27.827257567726 27.813577423234 27.7893315095923 27.7837403099138 27.7602623966219 27.7367880114342 27.7026752706965 27.6778644816827 27.6494798517796 27.6303631550864 27.6374353796641 27.6244529214995 27.6029583666712 27.5652898809208 27.501185134958 27.3879221520715 27.1751567844657 26.9427568347957 26.717169503111 26.4890825862245 26.2744814046638 26.0664229729604 25.8709353779441 25.6978473573045 25.4797413977674 25.2723050588938 25.0955256624023 24.9398507983201 24.9054377695253 25.0589065438771 25.3950683121332 25.646965486304 25.6949982346988 25.6844122400559 25.6388323916264 25.5957395844824 25.5312814991684 25.464529975563 25.3920251558694 25.2965837126058
28.070851721686 27.9756642850148 27.9004267543853 27.8543909562807 27.8125761923708 27.7834106701158 27.7565299532803 27.7543301349366 27.7105341684339 27.6806069462119 27.6534457928088 27.63842853321 27.5987803231548 27.5728445723531 27.5215642278171 27.4867160767112 27.5182900017237 27.4928843675217 27.461293170969 27.4269665905319 27.3496059116597 27.2369254022571 27.0454317321743 26.843761748573 26.6433764954294 26.4571092460366 26.2674212203082 26.0884513441913 25.9211684698217 25.777907758085 25.6021375877503 25.4340853785898 25.2925502320467 25.1628168895222 25.1058083940783 25.1837900021719 25.4553471693064 25.6765016012697 25.7055288387875 25.6839469008108 25.6251846721476 25.5598925294536 25.4772408628059 25.4215523227418 25.3336423906696 25.2297341735906
28.0641318065299 27.96145775149 27.8769537061126 27.8321890706821 27.7838158228919 27.7379560324952 27.700871372102 27.6637417105192 27.6233047392386 27.5851884671738 27.5560680390305 27.5505268934334 27.5121902243879 27.4694947512703 27.4102148305547 27.3697093878633 27.3966048652512 27.3711262086446 27.3277426069146 27.2731507485482 27.1908631327469 27.0795951919731 26.9309399387849 26.7430443251244 26.560260918066 26.4103888438045 26.2497746209202 26.102560397979 25.9644418427951 25.8513512998243 25.7167650347981 25.5820954984821 25.4582728472921 25.3598000567161 25.3002766315566 25.3318141504406 25.5370898353436 25.7301484740675 25.7395749092728 25.6895739766496 25.6200717951799 25.5494911230299 25.4527982659526 25.3769025175902 25.2880640297385 25.1657037091205
28.0426506531592 27.9477351717519 27.8445457486464 27.7631248600061 27.7047184360862 27.6740740506447 27.6445505059782 27.6032020608472 27.5624917807448 27.5095127520668 27.4729970165064 27.4478036414007 27.40647733514 27.3709857854267 27.3348470976651 27.271494841811 27.2843363880941 27.2475792896634 27.1925452487531 27.112657171354 27.04760213634 26.9403356580875 26.8202337414862 26.643328789883 26.4756217923799 26.3437371238846 26.2277979128292 26.1136261852088 25.9924134440209 25.8942067641275 25.8048870100629 25.7016277340715 25.589805991654 25.5351801545865 25.4964098215488 25.5049182639574 25.6369449851754 25.783112834192 25.7788905626931 25.7112448014484 25.6231015976039 25.5281475789596 25.4316122856296 25.320399976989 25.2307885869806 25.1115566115521
28.0328322928092 27.9288188821457 27.8078559357655 27.7254116886647 27.6674454374867 27.6413308868622 27.574821468421 27.5188720583696 27.4799059185334 27.4417902328879 27.3988179178797 27.3488108642626 27.3155566986207 27.2618727192649 27.2100212473665 27.1699774371173 27.1571052075483 27.1109311624364 27.0516104681034 26.9765309061533 26.9045340348539 26.8138485476444 26.6963890256387 26.551862274665 26.4086772452603 26.2891910113232 26.1996032455567 26.1047898519784 26.0066501160921 25.924408477119 25.8646382795433 25.7892536458742 25.7052801264151 25.6836260157648 25.6709825264573 25.6858822185163 25.7545840085509 25.8329576008117 25.8016344207828 25.714202171208 25.6128017300081 25.4990746769386 25.3836255437383 25.2620771786075 25.1728798175898 25.0533913856254
28.0040062130064 27.8932670817393 27.768162231953 27.6889550594925 27.622028945569 27.5761092746686 27.5019961805993 27.4370745920738 27.4069678463004 27.357705052469 27.3006184682676 27.2684629455633 27.2212447242209 27.1586805931027 27.0946132674324 27.0559706383457 27.0363223170121 26.9810253931818 26.9167754339781 26.8506868146066 26.769203052083 26.6876383795803 26.5808919653446 26.459297925233 26.3392308776569 26.238108080388 26.1619314195618 26.0912518423294 26.0196151495062 25.9590693359301 25.9110987602677 25.8586241877806 25.8100481759087 25.8128771971417 25.8112291248887 25.8225909634258 25.8574390661618 25.8734538562972 25.80899990358 25.700307197036 25.5882640494544 25.4613343158804 25.3508495111869 25.21092284743 25.0986896712186 24.9723529476258
27.9566968344664 27.8507024406714 27.7360672449279 27.6638894143926 27.600643550768 27.5407278077537 27.4700042839192 27.4007442706894 27.3429243410359 27.2777978961443 27.2122365118788 27.1651003868428 27.0991917388709 27.0458749854901 26.9866529092373 26.9398322814028 26.9044918401838 26.8392650513463 26.7689516682906 26.7070009472774 26.6306708654789 26.5480366351362 26.454491780215 26.3568676546309 26.2698013955461 26.1904963697721 26.1190395345267 26.0741104985002 26.0240019621067 25.9824393501824 25.9495943117077 25.9135561813734 25.8871177324601 25.8941954869096 25.8901192962307 25.8853766998103 25.8881862063011 25.8509857280809 25.7705567282095 25.6664670283626 25.5577080506628 25.4242249624624 25.3181222871691 25.1738859266421 25.0442475690365 24.9110101667627
27.926166012413 27.83812879488 27.7595803262 27.7011687293646 27.6413293935355 27.5709732318672 27.4904785547831 27.4258355313632 27.3390243706756 27.2506484318904 27.1683548687258 27.0845947497258 27.0073969890368 26.9445129673826 26.8760618541981 26.8181121411701 26.7557782558468 26.6871151384466 26.6193243842305 26.5545417853166 26.4910604089017 26.409734303614 26.33269038638 26.2562565793911 26.2005599503604 26.1425384541819 26.0805114564354 26.0538546044789 26.0196909506927 25.9906915428127 25.9718233810467 25.9473618721691 25.9278618792897 25.9202785208103 25.8973108924608 25.872997949691 25.8523266966845 25.790748928377 25.7108184371303 25.6176815408728 25.5126508885295 25.3904311598492 25.2862873745894 25.1501439996233 25.0136144604301 24.8752827690111
27.9772972129039 27.927047951145 27.8956794879032 27.8495275435459 27.7740795764017 27.6871802542271 27.5884493259961 27.519125485689 27.4217920735055 27.3073267419403 27.1983881151832 27.0863035364368 26.9953007121152 26.8873874806406 26.778365303075 26.6966719333056 26.6118762545588 26.5398955311701 26.4771751445034 26.4090474538172 26.3556617010871 26.2859267769569 26.2286361636051 26.1711076401313 26.1334154679048 26.0931737654554 26.0529814659012 26.0344168961484 26.0100801552386 25.986818764078 25.9722955958215 25.9552012082253 25.9339187397842 25.9082914899387 25.863677680087 25.8220290061443 25.7862968757578 25.7263964116348 25.652018302455 25.5603835490608 25.4537064671635 25.3528406093143 25.2516748904875 25.1250739515887 24.9893132367378 24.8513335744303
28.19255737813 28.1930011837797 28.1751110468806 28.1209389576692 28.0154792305932 27.9079384574288 27.8052965740579 27.6970322058977 27.5722738869335 27.4455757024602 27.3200081031605 27.1830148998944 27.0534091268866 26.8973600247149 26.7405049981114 26.6092246177611 26.5109067650265 26.4117957241607 26.3317969291978 26.2691731435679 26.2240475945728 26.1738274364037 26.1350706481721 26.1034813797647 26.0757681498402 26.0488265008276 26.0345372850362 26.0209358944269 25.9976822950412 25.9746074276965 25.9584806508084 25.9425591105627 25.9157678596086 25.8856560675756 25.8420419901385 25.7849595307388 25.7214350494495 25.6583981629072 25.5882609027012 25.5017924486869 25.4010015269996 25.3061072911414 25.2061943190707 25.085790966791 24.9582672456654 24.8290897266202
28.659589778912 28.625249792643 28.5694302726076 28.4828239863985 28.3702384078103 28.2396440678344 28.1058572130904 27.994954655548 27.8359675288449 27.6739076305722 27.5225935669998 27.3512626118934 27.171853752609 26.9923383801808 26.8031111530544 26.620351732624 26.4579822952649 26.2988690727992 26.1770834736947 26.1221712190899 26.0911886569036 26.080208949556 26.0619062875113 26.0475580821659 26.0395448202149 26.0222721768046 26.0147180206216 26.0076912120098 25.9841980876414 25.9607718607313 25.9452235274122 25.9234695147207 25.8916646802811 25.8576038018648 25.8149665916557 25.7574765407788 25.6688320201557 25.6038144980709 25.5441140437744 25.4643094037211 25.3682270261746 25.2814697759323 25.1914971836158 25.0744566815064 24.9457668163521 24.8136566929809
29.310894727828 29.210006291343 29.1004009015057 28.9772178092091 28.8275606497906 28.6808841268572 28.5351319384877 28.3831760102731 28.2112667964638 28.0320859532755 27.8628543676038 27.6685402480454 27.4647414289788 27.2658421612795 27.0553044988692 26.826652177257 26.5861688272158 26.378427249964 26.1964307576364 26.1261288364548 26.0809017718812 26.071759507682 26.056499490158 26.0332031126395 26.0219541175947 26.0103633036357 26.003711650315 25.998619196766 25.974928277687 25.9513270086599 25.9309621001916 25.9039620847109 25.8654310998936 25.8259012191348 25.784319732856 25.7239241905145 25.6525926687039 25.5782056319596 25.5113929936728 25.4364306351517 25.3444925815822 25.2613442659071 25.168757241325 25.0490925198588 24.9202136394197 24.7969623574346
