cenop/data/DanTysk/disttocoast.asc
NCOLS 400 
NROWS 400 
XLLCORNER 4061336 
YLLCORNER 3483818 
CELLSIZE 400 
NODATA_value -9999 
[rows 380 to 399 of 400, columns 276 to 321 of 400]
42441.4891350433 42076.1214942632 41711.3893319319 41347.3094650668 40983.8992776432 40621.1767431718 40259.1604482756 39897.8696173116 39537.324138085 39177.5445887054 38818.5522656371 38460.3692129964 38103.0182531515 37746.5230186835 37390.9079857657 37036.1985090263 36682.4208579532 36329.6022549105 35977.7709148302 35626.9560866488 35277.1880965589 34928.498393146 34580.9195944816 34234.4855372474 33889.2313279602 33545.193396372 33202.4095511154 32860.9190376654 32520.7625986846 32181.9825368171 31842.1104828182 31485.8698466471 31130.6922505748 30776.6144986742 30423.6749916903 30071.91380674 29721.3727812159 29372.0956010973 29024.1278938748 28677.5173262959 28332.3137071437 27988.5690952574 27646.337913004 27305.6770654016 26966.6460650931 26629.3071633492
42605.1640062563 42241.2121038211 41877.9178087927 41515.2983850532 41153.3716723187 40792.1561087423 40431.6707544964 40071.9353163782 39712.9701734836 39354.7964039963 38997.4358131403 38640.9109623466 38285.245199685 37930.462691615 37576.5884561119 37223.6483972219 36871.6693411079 36520.6790736426 36170.7063796106 35821.781083581 35473.9340925136 35127.1974401602 34781.6043333254 34437.1892000494 34093.9877397761 33752.0369755664 33411.3753084185 33072.042573751 32734.0801001036 32380.2408885419 32024.990241997 31670.8067469081 31317.7266097014 30965.787572739 30615.0289890439 30265.4919008431 29917.2191221042 29570.255325242 29224.6471321725 28880.4432098955 28537.6943707792 28196.4536777234 27856.7765543682 27518.720900507 27182.3472128512 26847.7187112797
42771.9534274506 42409.4329129735 42047.5920832573 41686.4486374169 41326.0208585342 40966.3276362429 40607.3884902735 40249.2235949962 39891.8538050064 39535.3006817958 39179.5865215548 38824.7343841526 38470.7681233427 38117.7124182446 37765.5928061509 37414.4357167123 37064.2685075532 36715.1195013716 36367.0180245783 36019.9944475287 35674.0802264053 35329.3079468025 34985.7113690718 34643.3254754794 34302.1865192294 33962.3320754038 33623.801093868 33274.6149489367 32919.2952536958 32565.0118992762 32211.7990804612 31859.6924027838 31508.7289492928 31158.9473506407 30810.3878586427 30463.0924234556 30117.1047745297 29772.4705054854 29429.2371630663 29087.4543403165 28747.1737741295 28408.4494473035 28071.3376952364 27735.8973173755 27402.1896935263 27070.2789051018
42941.8211071678 42580.746822948 42220.3742285641 41860.7214462436 41501.8071895671 41143.6507859961 40786.2722003372 40429.6920591785 40073.9316763404 39719.0130793805 39364.9590371945 39011.7930887571 38659.5395730472 38308.2236602012 37957.8713839435 37608.5096753381 37260.1663979108 36912.8703841898 36566.651473713 36221.5405525497 35877.5695943859 35534.7717032205 35193.1811577186 34852.8334572671 34513.7653697767 34168.9917908035 33813.6067286529 33459.2289211811 33105.8907144937 32753.6257534948 32402.4690417258 32052.457004105 31703.627552695 31356.0201556256 31009.6759093029 30664.6376140335 30320.9498531956 29978.6590760828 29637.8136845483 29298.464123568 28960.6629758367 28624.4650605037 28289.9275361391 27957.1100080105 27626.0746397312 27296.8862693165
43114.7306613413 42755.1166528639 42396.2262471555 42038.077976996 41680.6909731593 41324.0849868451 40968.280413022 40613.2983147146 40259.1604482756 39905.8892896775 39553.5080618648 39202.0407632052 38851.5121970819 38501.948002666 38153.3746869133 37805.8196578252 37459.3112590181 37113.8788056436 36769.5526217005 36426.3640787823 36084.3456363005 35743.5308832242 35403.9545813741 35063.3712012978 34707.9241672561 34353.4568857342 34000 33647.5853517009 33296.2460346508 32946.0164511584 32596.9323710069 32249.0309931942 31902.3510105447 31556.9326773056 31212.817879839 30870.0502105196 30528.6750449475 30188.7396225811 29850.293130889 29513.3867931147 29178.073959739 28844.4102037119 28512.4534195148 28182.2639260937 27853.9045736859 27527.4408545364
43290.645640831 42932.505167996 42575.1100996815 42218.479366268 41862.6325020298 41507.5896674331 41153.3716723187 40800 40447.4968323134 40095.8850756533 39745.1883880301 39395.4312071844 39046.6387797977 38698.837191833 38352.0534000463 38006.3152647031 37661.6515835405 37318.0921270099 36975.6676748372 36634.410053937 36294.3521777149 35955.5280867908 35602.2471200906 35247.6949600963 34894.125580103 34541.5691594925 34190.057034173 33839.621747295 33490.2971022952 33142.1182183638 32795.1215884314 32449.3451397713 32104.8282973138 31761.6120497685 31419.7390186488 31079.2535302893 30740.2016909454 30402.6314650558 30066.5927567458 29732.137494637 29399.3197200207 29068.1956784387 28738.8239146977 28411.2653713276 28085.5834904671 27761.844319137
43469.5295580709 43112.8751070953 42756.987733001 42401.8867504737 42047.5920832573 41694.1242862828 41341.5045686535 40989.7548175151 40638.8976228441 40288.9563031856 39939.9549323732 39591.9183672628 39244.8722765153 38898.8431704595 38553.8584320688 38209.9463490856 37867.1361473244 37525.458025186 37184.9431894147 36845.6238921259 36496.5751817893 36141.9423938449 35788.2662335017 35435.5753445602 35083.8994411967 34733.2693537479 34383.7170765466 34035.2758178922 33687.9800522382 33341.8655746795 32996.9695578246 32653.3306111337 32310.988842807 31969.9859243009 31630.3651575507 31292.1715449727 30955.4518623134 30620.2547344074 30286.6307138975 29954.6323629585 29624.3143380568 29295.7334777609 28968.9488935998 28644.0220639491 28321.0169308943 28000
43651.3459128124 43296.1892087514 42941.8211071678 42588.2612934597 42235.530066521 41883.648360667 41532.6377683864 41182.520563948 40833.3197278889 40485.058972416 40137.7627677478 39791.4563694268 39446.165846632 39101.9181115198 38758.7409496232 38416.6630513375 38075.7140445192 37735.9245282264 37390.9079857657 37036.1985090263 36682.4208579532 36329.6022549105 35977.7709148302 35626.9560866488 35277.1880965589 34928.498393146 34580.9195944816 34234.4855372474 33889.2313279602 33545.193396372 33202.4095511154 32860.9190376654 32520.7625986846 32181.9825368171 31844.6227799922 31508.7289492928 31174.3484294379 30841.530441922 30510.3261208398 30180.7885914202 29852.9730512725 29526.9368543369 29202.7395975104 28880.4432098955 28560.1120445981 28241.8129729662
43836.0582169519 43482.4102367842 43129.5722213889 42777.5642130311 42426.4068711928 42076.1214942632 41726.7300420246 41378.25515896 41030.7201984074 40684.1492475878 40338.5671535319 39993.9995499325 39650.472884948 39308.0144499821 38966.6524094642 38626.4158316559 38285.245199685 37930.462691615 37576.5884561119 37223.6483972219 36871.6693411079 36520.6790736426 36170.7063796106 35821.781083581 35473.9340925136 35127.1974401602 34781.6043333254 34437.1892000494 34093.9877397761 33752.0369755664 33411.3753084185 33072.042573751 32734.0801001036 32397.5307701065 32062.4390837628 31728.8512240831 31396.8151251046 31066.3805423162 30737.599125501 30410.5244939971 30085.212314358 29761.7203803812 29440.1086954515 29120.4395571221 28802.7776438315 28487.1901036238
44023.6300184344 43671.5010046598 43320.2031389512 42969.7568063865 42620.1830122772 42271.5034035933 41923.7402911525 41576.9166725961 41231.0562561766 40886.183485378 40542.3235643938 40199.5024844836 39857.7470512321 39517.0849127311 39177.5445887054 38824.7343841526 38470.7681233427 38117.7124182446 37765.5928061509 37414.4357167123 37064.2685075532 36715.1195013716 36367.0180245783 36019.9944475287 35674.0802264053 35329.3079468025 34985.7113690718 34643.3254754794 34302.1865192294 33962.3320754038 33623.801093868 33286.6339541865 32950.8725225904 32616.5602110339 32283.7420383697 31952.4646936664 31622.7766016838 31294.7279905098 30968.3709613535 30643.7595604717 30320.9498531956 30000 29680.9703345426 29363.9234435727 29048.9242485845 28736.0400890589
44214.0249242251 43863.4243989226 43513.6760111117 43164.8004744607 42816.8191251989 42469.7539432477 42123.6275740825 41778.4633513489 41434.2853202514 41091.1182617363 40748.9877174881 40407.9200157593 40067.9422980517 39719.0130793805 39364.9590371945 39011.7930887571 38659.5395730472 38308.2236602012 37957.8713839435 37608.5096753381 37260.1663979108 36912.8703841898 36566.651473713 36221.5405525497 35877.5695943859 35534.7717032205 35193.1811577186 34852.8334572671 34513.7653697767 34176.0149812701 33839.621747295 33504.6265461951 33171.0717342687 32839.0012028381 32508.4604372462 32179.49657779 31852.1584825895 31526.4967923809 31202.5639972102 30880.4145049901 30560.1047118625 30241.6930742973 29925.2401828289 29610.8088373148 29298.464123568 28988.2734911895
44407.206622349 44058.143401646 43709.953099952 43362.6567451765 43016.2759894438 42670.8331299027 42326.3511302356 41982.8536428862 41640.3650320215 41298.910397249 40958.5155981024 40613.2983147146 40259.1604482756 39905.8892896775 39553.5080618648 39202.0407632052 38851.5121970819 38501.948002666 38153.3746869133 37805.8196578252 37459.3112590181 37113.8788056436 36769.5526217005 36426.3640787823 36084.3456363005 35743.5308832242 35403.9545813741 35065.652710309 34728.6625138372 34393.0225481856 34058.7727318528 33725.9543971701 33394.6103435869 33064.7848926921 32736.5239449762 32409.8750383274 32084.8874082488 31761.6120497685 31440.1017810057 31120.4113083359 30802.5972930855 30486.718419666 30172.8354650338 29861.0113693425 29551.3113076222 29243.8027622948
44603.1389029965 44255.6211118994 43908.9968002003 43563.2872956117 43218.5145510579 42874.7011651393 42531.8704032635 42190.046219458 41849.2532788818 41507.5896674331 41153.3716723187 40800 40447.4968323134 40095.8850756533 39745.1883880301 39395.4312071844 39046.6387797977 38698.837191833 38352.0534000463 38006.3152647031 37661.6515835405 37318.0921270099 36975.6676748372 36634.410053937 36294.3521777149 35955.5280867908 35617.972991174 35281.7233139199 34946.8167362923 34613.2922444543 34281.1901777053 33950.5522782767 33621.4217426926 33293.8432746957 32967.8631397305 32643.5292209651 32320.8910768252 32000 31680.9090778658 31363.6732542603 31048.34939252 30734.9963396777 30423.6749916903 30114.4483595499 29807.3816360981 29502.5422633372
44801.7856786981 44455.8207662394 44110.7696600275 43766.6539730878 43423.4959440163 43081.318457076 42740.1450629265 42400 42047.5920832573 41694.1242862828 41341.5045686535 40989.7548175151 40638.8976228441 40288.9563031856 39939.9549323732 39591.9183672628 39244.8722765153 38898.8431704595 38553.8584320688 38209.9463490856 37867.1361473244 37525.458025186 37184.9431894147 36845.6238921259 36507.5334691348 36170.7063796106 35835.1782470801 35500.9859018028 35168.1674245332 34836.7621916848 34506.8109219035 34178.3557240544 33851.4401466171 33526.1092284804 33202.4095511154 32880.3892920993 32560.09827995 32241.5880502186 31924.9119027759 31610.1249602086 31297.2842272297 30986.4486509829 30677.6791821024 30371.0388363651 30066.5927567458 29764.408275657
45003.111003574 44658.7057582281 44315.2344008243 43972.7188151927 43631.1815104748 43290.645640831 42941.8211071678 42588.2612934597 42235.530066521 41883.648360667 41532.6377683864 41182.520563948 40833.3197278889 40485.058972416 40137.7627677478 39791.4563694268 39446.165846632 39101.9181115198 38758.7409496232 38416.6630513375 38075.7140445192 37735.9245282264 37397.3261076243 37059.9514300815 36723.8342224774 36389.0093297413 36055.5127546399 35723.3816988258 35392.6546051578 35063.3712012978 34735.5725445832 34409.3010681705 34084.6006284363 33761.5165536147 33440.095693643 33120.3864711751 32802.4389337134 32486.3048067951 32172.0375481566 31859.6924027838 31549.3264587376 31240.9987036266 30934.7700815765 30630.7035505226 30328.8641396278 30000
45207.0790916644 44864.2396569918 44522.3539359724 44181.444068749 43836.0582169519 43482.4102367842 43129.5722213889 42777.5642130311 42426.4068711928 42076.1214942632 41726.7300420246 41378.25515896 41030.7201984074 40684.1492475878 40338.5671535319 39993.9995499325 39650.472884948 39308.0144499821 38966.6524094642 38626.4158316559 38287.3347205052 37949.4400485699 37612.7637910324 37277.3389608218 36943.1996448602 36610.3810414478 36278.9194987943 35948.8525547061 35620.2189774291 35293.0588076466 34967.4134016229 34643.3254754794 34320.8391505802 34000 33680.8550960334 33363.4530586988 33047.8441051758 32734.0801001036 32422.2146066551 32112.3029382821 31804.4022110148 31498.571396176 31194.8713733524 30800 30400 30000
45413.6543343519 45072.3862248273 44730.3029276574 44376.5703947477 44023.6300184344 43671.5010046598 43320.2031389512 42969.7568063865 42620.1830122772 42271.5034035933 41923.7402911525 41576.9166725961 41231.0562561766 40886.183485378 40542.3235643938 40199.5024844836 39857.7470512321 39517.0849127311 39177.5445887054 38839.1555006027 38501.948002666 38165.953414005 37831.204051682 37497.7332648255 37165.5754697812 36834.7661863083 36505.3420748252 36177.340974704 35850.8019436107 35525.7652978792 35202.2726539069 34880.3669705466 34560.0925924686 34241.4952944523 33924.6223265639 33609.52246016 33296.2460346508 32984.8450049413 32675.3729894549 32367.8853186303 32000 31600 31200 30800 30400 30000
45622.8013168854 45270.7411028359 44917.7025236153 44565.4574754933 44214.0249242251 43863.4243989226 43513.6760111117 43164.8004744607 42816.8191251989 42469.7539432477 42123.6275740825 41778.4633513489 41434.2853202514 41091.1182617363 40748.9877174881 40407.9200157593 40067.9422980517 39729.0825466685 39391.3696131526 39054.8332476276 38719.5041290562 38385.4138964269 38052.5951808809 37721.0816387866 37390.9079857657 37062.1100316752 36734.7247165403 36408.7901474356 36084.3456363005 35761.4317386762 35440.0902933387 35120.3644628013 34802.2987746499 34485.939163665 34171.3330146777 33858.5292060952 33547.5781540188 33202.4095511154 32802.4389337134 32402.4690417258 32002.4999023514 31602.5315441659 31202.5639972102 30802.5972930855 30402.6314650558 30002.6665481587
45811.7888757905 45459.4324645612 45107.87071011 44757.122338238 44407.206622349 44058.143401646 43709.953099952 43362.6567451765 43016.2759894438 42670.8331299027 42326.3511302356 41982.8536428862 41640.3650320215 41298.910397249 40958.5155981024 40619.2072793155 40281.0128968972 39943.9607450238 39608.0799837609 39273.4006676274 38939.9537750111 38607.7712384437 38276.8859757426 37947.3319220206 37619.1440625647 37292.3584665813 36967.0123217985 36643.1439699161 36320.792942886 36000 35680.8071657579 35363.2577684806 35047.3964796246 34733.2693537479 34409.3010681705 34009.4104624 33609.52246016 33209.6371555005 32809.7546470558 32409.8750383274 32009.9984379881 31610.1249602086 31210.2547250099 30810.3878586427 30410.5244939971 30010.6647710443
46001.7390975602 45650.8488420533 45300.7726203428 44951.5294511766 44603.1389029965 44255.6211118994 43908.9968002003 43563.2872956117 43218.5145510579 42874.7011651393 42531.8704032635 42190.046219458 41849.2532788818 41509.5169810491 41170.8634837794 40833.3197278889 40496.9134626332 40161.6732719144 39827.6286012612 39494.8097855908 39163.2480777578 38832.9756778952 38504.0257635484 38176.432520601 37850.2311749876 37525.458025186 37202.1504754765 36880.3470699504 36560.0875272475 36241.4127759943 35924.3649909083 35608.9876295297 35220.448605888 34820.6835085126 34420.9238690655 34021.1698799439 33621.4217426926 33221.6796685538 32821.9438790575 32422.2146066551 32022.4920954007 31622.7766016838 31223.0683950185 30823.3677588936 30423.6749916903 30023.9904076723
