cenop/data/DanTysk/disttocoast.asc
NCOLS 400 
NROWS 400 
XLLCORNER 4061336 
YLLCORNER 3483818 
CELLSIZE 400 
NODATA_value -9999 
[rows 20 to 39 of 400, columns 0 to 45 of 400]
139174.710346384 138781.554970392 138388.43882348 137995.36224091 137602.325561743 137209.32912889 136816.373289164 136423.458393342 136030.584796214 135637.752856644 135244.962937627 134852.215406348 134459.510634243 134066.848997058 133674.230874915 133281.656652369 132889.126718479 132496.641466869 132104.201295795 131711.806608216 131319.457811857 130927.155319284 130534.899547975 130142.690920389 129750.529864043 129358.416811586 128966.352200874 128574.336475052 128182.370082629 127790.453477558 127398.587119324 127006.77147302 126615.007009438 126223.294205151 125831.633542603 125440.025510201 125048.470602403 124656.96931981 124265.522169265 123874.129663946 123482.792323465 123091.51067397 122700.285248242 122309.116585805 121918.005233025 121526.951743224
139101.689421804 138708.327075198 138315.002801576 137921.716926668 137528.469779897 137135.261694431 136742.093007238 136348.964059138 135955.875194859 135562.826763092 135169.819116547 134776.852612012 134383.92761041 133991.04447686 133598.203580737 133205.405295731 132812.649999915 132419.938075805 132027.269910424 131634.645895372 131242.066426889 130849.531905926 130457.042738213 130064.599334331 129672.202109781 129279.851485063 128887.547885744 128495.291742538 128103.083491382 127710.923573514 127318.812435555 126926.750529587 126534.73831324 126142.776249772 125750.864808159 125359.004463182 124967.19569551 124575.438991801 124183.734844786 123792.083753364 123400.486222705 123008.942764337 122617.453896254 122226.020143012 121834.642035835 121443.320112718
139029.780982349 138636.214604987 138242.685159107 137849.192961004 137455.738330562 137062.321591311 136668.943070472 136275.603099014 135882.302011704 135489.040147165 135095.817847926 134702.635460484 134309.493335356 133916.39182714 133523.331294572 133130.312100588 132737.334612384 132344.399201477 131951.506243771 131558.656119618 131165.849213886 130773.085916025 130380.366620132 129987.691725024 129595.061634308 129202.476756446 128809.937504837 128417.444297883 128024.99755907 127632.597717041 127240.245205674 126847.940464164 126455.683937101 126063.476074555 125671.317332158 125279.208171189 124887.14905866 124495.140467409 124103.182876186 123711.276769743 123319.422638934 122927.620980803 122535.872298686 122144.177102308 121752.535907882 121360.949238213
138958.986755085 138565.219301237 138171.48765212 137777.792114695 137384.132999412 136990.510620262 136596.925294825 136203.377344323 135809.867093669 135416.394871522 135022.961010341 134629.565846437 134236.20972003 133842.892975309 133449.615960482 133056.379027839 132663.182533814 132270.026839039 131876.91230841 131483.839311149 131090.808220867 130697.819415628 130304.873278017 129911.970195206 129519.110559021 129126.294766016 128733.523217536 128340.796319798 127948.114483958 127555.478126186 127162.887667747 126770.343535071 126377.846159839 125985.395979058 125592.993435144 125200.638976005 124808.333055129 124416.076131664 124023.86867051 123631.711142409 123239.604024031 122847.547798074 122455.542953351 122063.589984893 121671.689394041 121279.841688551
138889.308443811 138495.34288199 138101.412013057 137707.516134741 137313.655548165 136919.830557885 136526.041471948 136132.288601933 135738.572263009 135344.892773979 134951.250457341 134557.645639332 134164.078649987 133770.549823195 133377.059496752 132983.608012416 132590.195715973 132196.822957286 131803.490090361 131410.197473408 131016.945468897 130623.73444363 130230.564768798 129837.436820048 129444.350977553 129051.307626076 128658.307155038 128265.349958592 127872.436435692 127479.566990165 127086.742030788 126693.961971358 126301.227230776 125908.538233116 125515.895407713 125123.29918924 124730.750017788 124338.248338956 123945.794603932 123553.389269579 123161.032798528 122768.725659266 122376.468326227 121984.261279888 121592.105006863 121200
138820.747728861 138426.587041652 138032.459950549 137638.36674416 137244.307714382 136850.283156448 136456.293368976 136062.338654016 135668.419317098 135274.535667287 134880.688017225 134486.876683192 134093.101985151 133699.364246806 133305.663795654 132912.000963043 132518.376084225 132124.789498413 131731.241548844 131337.732582834 130944.262951838 130550.833011513 130157.443121782 129764.093646894 129370.784955491 128977.517420673 128584.291420064 128191.107335883 127797.965555012 127404.866469064 127011.810474459 126618.797972497 126225.829369428 125832.905076534 125440.025510201 125047.191092003 124654.402248777 124261.659412709 123868.963021412 123476.313518019 123083.711351259 122691.156975554 122298.650851103 121906.193443976 121513.785226204 121121.426675878
138753.306266914 138358.953450798 137964.633149224 137570.345641784 137176.09121126 136781.870143671 136387.682728317 135993.529257829 135599.410028215 135205.325338908 134811.275492816 134417.260796372 134023.281559586 133629.338096093 133235.430723213 132841.559761996 132447.725537285 132053.928377765 131660.168616024 131266.446588608 130872.762636081 130479.117103083 130085.510338392 129691.942694988 129298.414530109 128904.926205324 128511.47808659 128118.070544323 127724.703953464 127331.378693549 126938.095148777 126544.853708082 126151.654765207 125758.498718774 125365.385972365 124972.316934592 124579.292019179 124186.311645044 123793.376236372 123400.486222705 123007.642039021 122614.844125824 122222.092929225 121829.388901037 121436.732498861 121044.124186183
138686.985690799 138292.443755977 137897.933269502 137503.45450206 137109.007727428 136714.593222523 136320.211267442 135925.862145509 135531.546143324 135137.263550806 134743.014661243 134348.799771341 133954.619181273 133560.473194729 133166.362118968 132772.286264868 132378.245946983 131984.241483595 131590.273196768 131196.341412404 130802.446460301 130408.588674213 130014.768391902 129620.985955207 129227.241710098 128833.53600674 128439.86919956 128046.241647305 127652.653713113 127259.105764578 126865.598173815 126472.131317536 126078.705577112 125685.321338651 125291.97899307 124898.678936168 124505.421568701 124112.207296462 123719.036530358 123325.909686489 122932.827186232 122539.789456323 122146.796928941 121753.850041795 121360.949238213 120968.094967227
138621.787609308 138227.059579519 137832.361947403 137437.69497485 137043.058926748 136648.454071021 136253.88067868 135859.33902386 135464.829383866 135070.352039224 134675.907273721 134281.495374456 133887.116631885 133492.771339874 133098.459795747 132704.182300333 132309.939158024 131915.730676823 131521.557168397 131127.418948136 130733.316335202 130339.249652589 129945.21922718 129551.225389805 129157.268475297 128763.348822559 128369.466774619 127975.622678696 127581.816886263 127188.049753112 126794.321639417 126400.632909808 126006.983933431 125613.375084025 125219.806739988 124826.279284452 124432.793105355 124039.348595516 123645.946152715 123252.586179763 122859.269084591 122465.995280323 122072.76518536 121679.579223467 121286.437823856 120893.341421271
138557.713607002 138162.802519347 137767.920794356 137373.068685241 136978.246448113 136583.454342025 136188.692629014 135793.961574144 135399.261445549 135004.592514477 134609.955055338 134215.349345744 133820.775666561 133426.234301954 133031.725539437 132637.249669917 132242.806987753 131848.397790796 131454.022380451 131059.681061721 130665.374143267 130271.10193746 129876.864760434 129482.662932147 129088.496776436 128694.366621076 128300.272797839 127906.215642556 127512.195495176 127118.212699833 126724.267604907 126330.360563089 125936.491931449 125542.662071505 125148.871349285 124755.120135408 124361.408805143 123967.737738494 123574.107320264 123180.517940135 122786.969992748 122393.463877774 122000 121606.578769407 121213.200601255 120819.865916165
138494.765244034 138099.674148783 137704.611397004 137309.577233345 136914.571905258 136519.59566304 136124.648759877 135729.731451882 135334.843998137 134939.986660737 134545.159704837 134150.363398688 133755.598013691 133360.863824437 132966.161108757 132571.490147769 132176.851225924 131782.244631058 131387.670654442 130993.12959083 130598.621738516 130204.147399382 129809.706878954 129415.300486457 129020.92853487 128626.591340982 128232.289225452 127838.022512866 127443.791531796 127049.596614865 126655.438098804 126261.316324518 125867.23163715 125473.184386147 125079.174925325 124685.203612939 124291.270811751 123897.376889101 123503.52221698 123109.707172099 122715.93213597 122322.197494976 121928.503640453 121534.850968765 121141.239881388 120747.670784989
138432.944055958 138037.676016369 137642.43531702 137247.222194112 136852.036886559 136456.879636023 136061.750686958 135666.650286649 135271.578685251 134876.536135831 134481.522894411 134086.539220013 133691.585374697 133296.661623613 132901.768235039 132506.905480431 132112.073634471 131717.272975111 131322.503783624 130927.766344653 130533.06094626 130138.38787998 129743.747440869 129349.139927562 128954.565642322 128560.024891099 128165.517983582 127771.045233261 127376.606957479 126982.203477495 126587.835118545 126193.5022099 125799.205084929 125404.944081165 125010.719540366 124616.531808585 124222.381236233 123828.268178151 123434.192993676 123040.156046715 122646.157705816 122252.198344242 121858.278340045 121464.398076144 121070.557940401 120676.758325702
138372.251553554 137976.809645679 137581.394090916 137186.00511714 136790.642954845 136395.307837183 136000 135604.719681875 135209.467124163 134814.242571028 134419.046269493 134023.878469473 133628.739423823 133233.629388379 132838.548622002 132443.497386621 132048.475947282 131653.484572191 131258.52353276 130863.593103659 130468.693562862 130073.825191696 129678.988274894 129284.183100641 128889.409960633 128494.669150125 128099.960967988 127705.285716763 127310.643702716 126916.035235899 126521.460630203 126126.92020342 125732.414277306 125337.943177635 124943.50723427 124549.106781221 124154.742156713 123760.413703252 123366.121767688 122971.866701291 122577.648859815 122183.468603572 121789.326297504 121395.222311259 121001.157019262 120607.130800795
138312.689222645 137917.076535141 137521.489229865 137125.927526489 136730.391647212 136334.881816797 135939.398262608 135543.941214648 135148.510905596 134753.107570846 134357.731448547 133962.382779645 133567.061807917 133171.768780023 132776.50394554 132381.267557007 131986.059869973 131590.881143034 131195.731637885 130800.611619365 130405.521355501 130010.461117558 129615.431180088 129220.431820978 128825.463321503 128430.525966376 128035.620043799 127640.745845518 127245.903666876 126851.093806873 126456.316568213 126061.57225737 125666.861184642 125272.183664212 124877.540014208 124482.930556763 124088.355618084 123693.815528506 123299.310622566 122904.841239066 122510.40772114 122116.010416325 121721.649676629 121327.325858604 120933.039323421 120538.790436938
138254.258523924 137858.478157856 137462.722219517 137066.990920498 136671.28447483 136275.603099014 135879.947012059 135484.31643552 135088.71159353 134693.132712845 134297.580022873 133902.053755721 133506.554146229 133111.081432013 132715.635853504 132320.217653993 131924.827079667 131529.464379659 131134.129806088 130738.823614105 130343.546061936 129948.297410932 129553.077925613 129157.887873718 128762.727526253 128367.597157538 127972.497045264 127577.427470536 127182.388717935 126787.381075563 126392.404835101 125997.460291865 125602.547744861 125207.667496843 124812.819854372 124418.005127875 124023.223631705 123628.475684205 123233.761607767 122839.081728903 122444.436378302 122049.825890904 121655.250605964 121260.710867123 120866.207022476 120471.739424647
138196.960892778 137801.015961422 137405.094519818 137009.196771604 136613.322922766 136217.473181674 135821.647759111 135425.846868314 135030.070725006 134634.319547432 134238.593556399 133842.892975309 133447.218030201 133051.568949787 132655.945965494 132260.3493115 131864.77922478 131469.235945144 131073.719715281 130678.2307808 130282.769390277 129887.335795296 129491.930250499 129096.553013626 128701.204345569 128305.884510415 127910.593775496 127515.33241144 127120.100692219 126724.898895205 126329.727301218 125934.58619458 125539.475863172 125144.396598489 124749.348695695 124354.332453679 123959.348175117 123564.396166533 123169.476738354 122774.590204977 122379.736884829 121984.917100435 121590.13117848 121195.379449878 120800.66224984 120405.979917943
138140.797739118 137744.691367762 137348.607564838 136952.54652616 136556.508449799 136160.493536121 135764.501987817 135368.534009939 134972.589809931 134576.669597668 134180.773585488 133784.901988229 133389.055023266 132993.232910551 132597.435872644 132201.66413476 131805.917924803 131410.197473408 131014.503013979 130618.834782737 130223.193018755 129827.577964006 129431.989863403 129036.428964847 128640.895519271 128245.389780686 127849.912006227 127454.462456204 127059.041394149 126663.649086863 126268.285804473 125872.951820477 125477.6474118 125082.372858848 124687.128445562 124291.914459469 123896.731191747 123501.578937275 123106.457994697 122711.368666477 122316.311258965 121921.286082456 121526.293451253 121131.333683734 120736.407102415 120341.514034019
138085.770447212 137689.505772953 137293.262762599 136897.041604266 136500.842488243 136104.665607025 135708.511155344 135312.3793302 134916.270330898 134520.184359077 134124.121618745 133728.082316318 133332.06666065 132936.074863071 132540.107137425 132144.163700104 131748.244770092 131352.350568994 130956.481321086 130560.637253347 130164.818595502 129769.025580067 129373.258442384 128977.517420673 128581.802756067 128186.114692661 127790.453477558 127394.819360914 126999.212595984 126603.633439171 126208.082150075 125812.558991541 125417.064229713 125021.598134082 124626.160977541 124230.753036436 123835.374590623 123440.025923523 123044.707322176 122649.419077303 122254.161483362 121858.934838608 121463.739445153 121068.575609032 120673.443640264 120278.343852915
138031.880375513 137635.460547055 137239.061494897 136842.683399588 136446.326443771 136049.990812201 135653.676691787 135257.384271617 134861.113742991 134464.865299453 134068.639136824 133672.435453238 133276.25444917 132880.096327479 132483.961293434 132087.849554757 131691.761321656 131295.696806864 130899.656225675 130503.639795984 130107.647738325 129711.68027591 129315.737634675 128919.820043312 128523.927733321 128128.060939046 127732.219897722 127336.404849517 126940.616037579 126544.853708082 126149.118110275 125753.409496522 125357.728122362 124962.074246549 124566.448131108 124170.850041385 123775.280246098 123379.739017393 122984.226630898 122588.743365776 122193.289504784 121797.865334332 121402.471144536 121007.107229286 120611.7738863 120216.47141719
137979.128856505 137582.55703395 137186.00511714 136789.473279196 136392.961695243 135996.470542437 135600 135203.550249245 134807.121473608 134410.71385868 134014.327592239 133617.96286428 133221.619867047 132825.298795071 132428.9998452 132032.723216633 131636.469110957 131240.237732183 130844.029286781 130447.843983716 130051.68203449 129655.543653174 129259.429056452 128863.338463661 128467.272096826 128071.230180708 127675.212942842 127279.220613579 126883.253426132 126487.31161662 126091.395424113 125695.505090675 125299.640861417 124903.802984537 124507.991711376 124112.207296462 123716.449997565 123320.720075744 122925.017795402 122529.343424341 122133.69723381 121738.079498569 121342.49049694 120946.930510865 120551.399825966 120155.898731606
