cenop/data/DanTysk/disttocoast.asc
NCOLS 400 
NROWS 400 
XLLCORNER 4061336 
YLLCORNER 3483818 
CELLSIZE 400 
NODATA_value -9999 
[rows 100 to 119 of 400, columns 322 to 367 of 400]
9765.24449258696 9440.33897696476 9121.4034007931 8809.0862182181 8504.11665018772 8207.31381147328 7919.59594928933 7641.98926981712 7375.63556583431 7121.79752590594 6881.8602136341 6657.3267908373 6449.80619863884 6260.99033699941 6092.61848469113 5946.4274989274 5824.08791142441 5727.12842531054 5571.35531087365 5440.58820349418 5336.66562565053 5200 5011.98563445667 4833.21838943783 4681.87996428785 4560.70170039655 4472.13595499958 4252.05832509386 3959.79797464467 3687.81778291716 3440.93010681705 3224.90309931942 3046.30924234556 2828.42712474619 2561.24969497314 2262.74169979695 2000 1697.05627484771 1442.2205101856 1264.91106406735 1131.37084989848 800 400 0 0 0
10000 9682.97474952816 9372.29961108798 9068.62723900371 8772.68487978452 8485.28137423857 8207.31381147328 7939.77329651168 7683.74908491942 7440.43009509531 7211.10255092798 6997.14227381436 6800 6621.17814289874 6462.1977685614 6324.55532033676 6209.66987850401 6092.61848469113 5946.4274989274 5824.08791142441 5727.12842531054 5556.97759577992 5366.5631459995 5200 5059.64425626941 4947.72675074119 4816.63783151692 4525.4833995939 4252.05832509386 4000 3773.59245282264 3577.70876399966 3394.11254969543 3124.09987036266 2828.42712474619 2561.24969497314 2262.74169979695 2000 1788.85438199983 1649.24225024706 1264.91106406735 894.427190999916 565.685424949238 400 400 0
10244.9987798926 9935.79387869938 9633.27566303384 9338.094023943 9050.96679918781 8772.68487978452 8504.11665018772 8246.21125123532 8000 7766.59513557904 7547.18490564528 7343.02390027433 7155.41752799933 6985.69967862919 6835.20299625402 6705.22184569608 6596.96900098826 6462.1977685614 6324.55532033676 6209.66987850401 6092.61848469113 5905.92922409336 5727.12842531054 5571.35531087365 5440.58820349418 5336.66562565053 5091.16882454314 4816.63783151692 4560.70170039655 4326.66153055679 4118.2520563948 3939.54312071844 3687.81778291716 3394.11254969543 3124.09987036266 2828.42712474619 2561.24969497314 2332.38075793812 2154.0659228538 1788.85438199983 1442.2205101856 1131.37084989848 894.427190999916 800 565.685424949238 400
10499.5237987253 10198.0390271856 9903.53472251196 9616.65222413705 9338.094023943 9068.62723900371 8809.0862182181 8560.37382361308 8323.46081867392 8099.38269252663 7889.23316932641 7694.15362466854 7515.31769122237 7353.91052434009 7211.10255092798 7088.01805866774 6985.69967862919 6835.20299625402 6705.22184569608 6596.96900098826 6449.80619863884 6260.99033699941 6092.61848469113 5946.4274989274 5824.08791142441 5656.85424949238 5381.44961882948 5122.49938994628 4882.62224629348 4664.76151587624 4472.13595499958 4252.05832509386 3959.79797464467 3687.81778291716 3394.11254969543 3124.09987036266 2884.44102037119 2683.28157299975 2332.38075793812 2000 1697.05627484771 1442.2205101856 1264.91106406735 1131.37084989848 894.427190999916 565.685424949238
10762.899237659 10469.0018626419 10182.3376490863 9903.53472251196 9633.27566303384 9372.29961108798 9121.4034007931 8881.44132446981 8653.32306111358 8438.00924389159 8236.5041127896 8049.84471899924 7879.08624143688 7725.28316633119 7589.46638440411 7472.61667690776 7353.91052434009 7211.10255092798 7088.01805866774 6985.69967862919 6800 6621.17814289874 6462.1977685614 6324.55532033676 6209.66987850401 5946.4274989274 5685.06816142076 5440.58820349418 5215.36192416212 5011.98563445667 4816.63783151692 4525.4833995939 4252.05832509386 3959.79797464467 3687.81778291716 3440.93010681705 3224.90309931942 2884.44102037119 2561.24969497314 2262.74169979695 2000 1788.85438199983 1649.24225024706 1442.2205101856 1131.37084989848 894.427190999916
11034.491379307 10748.0230740355 10469.0018626419 10198.0390271856 9935.79387869938 9682.97474952816 9440.33897696476 9208.69154657707 8988.88202169769 8781.79936004006 8588.36422143356 8409.51841665146 8246.21125123532 8099.38269252663 7969.94353806851 7858.7530817554 7725.28316633119 7589.46638440411 7472.61667690776 7343.02390027433 7155.41752799933 6985.69967862919 6835.20299625402 6705.22184569608 6511.52823843988 6248.19974072532 6000 5768.88204074238 5556.97759577992 5366.5631459995 5091.16882454314 4816.63783151692 4525.4833995939 4252.05832509386 4000 3773.59245282264 3440.93010681705 3124.09987036266 2828.42712474619 2561.24969497314 2332.38075793812 2154.0659228538 2000 1697.05627484771 1442.2205101856 1131.37084989848
11313.7084989848 11034.491379307 10762.899237659 10499.5237987253 10244.9987798926 10000 9765.24449258696 9541.48835350125 9329.52303175248 9130.16976841066 8944.27190999916 8772.68487978452 8616.26369141521 8475.84804016684 8352.24520712844 8246.21125123532 8099.38269252663 7969.94353806851 7858.7530817554 7694.15362466854 7515.31769122237 7353.91052434009 7211.10255092798 7076.72240518165 6811.75454637056 6560.48778674269 6324.55532033676 6105.7350089895 5905.92922409336 5656.85424949238 5381.44961882948 5091.16882454314 4816.63783151692 4560.70170039655 4326.66153055679 4000 3687.81778291716 3394.11254969543 3124.09987036266 2884.44102037119 2683.28157299975 2529.8221281347 2262.74169979695 2000 1697.05627484771 1442.2205101856
11600 11327.841806805 11063.4533487515 10807.404868885 10560.3030259553 10322.7903204512 10095.5435712992 9879.27122818278 9674.70929795826 9482.61567290376 9303.76267969041 9138.92772703669 8988.88202169769 8854.37744847146 8736.13186713662 8616.26369141521 8475.84804016684 8352.24520712844 8236.5041127896 8049.84471899924 7879.08624143688 7725.28316633119 7589.46638440411 7375.63556583431 7121.79752590594 6881.8602136341 6657.3267908373 6449.80619863884 6222.53967444162 5946.4274989274 5656.85424949238 5381.44961882948 5122.49938994628 4882.62224629348 4560.70170039655 4252.05832509386 3959.79797464467 3687.81778291716 3440.93010681705 3224.90309931942 3046.30924234556 2828.42712474619 2561.24969497314 2262.74169979695 2000 1697.05627484771
11892.8549978548 11627.5534829989 11370.1363228415 11121.1510195663 10881.1764069884 10650.8215645555 10430.7238483242 10221.5458713445 10023.9712689133 9838.69910099907 9666.43677887566 9507.89145920377 9363.7599285757 9234.71710449216 9121.4034007931 8988.88202169769 8854.37744847146 8736.13186713662 8588.36422143356 8409.51841665146 8246.21125123532 8099.38269252663 7939.77329651168 7683.74908491942 7440.43009509531 7211.10255092798 6997.14227381436 6788.22509939086 6511.52823843988 6222.53967444162 5946.4274989274 5685.06816142076 5440.58820349418 5122.49938994628 4816.63783151692 4525.4833995939 4252.05832509386 4000 3773.59245282264 3577.70876399966 3394.11254969543 3124.09987036266 2828.42712474619 2561.24969497314 2262.74169979695 2000
12191.8005233025 11933.147112141 11682.4654932082 11440.2797168601 11207.1405808975 10983.6241741968 10770.329614269 10567.8758508983 10376.8974168583 10198.0390271856 10031.9489631876 9879.27122818278 9740.63652950874 9616.65222413705 9507.89145920377 9363.7599285757 9234.71710449216 9121.4034007931 8944.27190999916 8772.68487978452 8616.26369141521 8475.84804016684 8246.21125123532 8000 7766.59513557904 7547.18490564528 7343.02390027433 7076.72240518165 6788.22509939086 6511.52823843988 6248.19974072532 6000 5685.06816142076 5381.44961882948 5091.16882454314 4816.63783151692 4560.70170039655 4326.66153055679 4118.2520563948 3939.54312071844 3687.81778291716 3394.11254969543 3124.09987036266 2828.42712474619 2561.24969497314 2262.74169979695
12496.3994814506 12244.1822920112 12000 11764.3529358822 11537.7640814848 11320.7773584679 11113.9551915598 10917.8752511649 10733.126291999 10560.3030259553 10400 10252.804494381 10119.2885125388 10000 9879.27122818278 9740.63652950874 9616.65222413705 9482.61567290376 9303.76267969041 9138.92772703669 8988.88202169769 8809.0862182181 8560.37382361308 8323.46081867392 8099.38269252663 7889.23316932641 7641.98926981712 7353.91052434009 7076.72240518165 6811.75454637056 6560.48778674269 6248.19974072532 5946.4274989274 5656.85424949238 5381.44961882948 5122.49938994628 4882.62224629348 4664.76151587624 4472.13595499958 4252.05832509386 3959.79797464467 3687.81778291716 3394.11254969543 3124.09987036266 2828.42712474619 2561.24969497314
12806.2484748657 12560.2547744861 12322.3374405995 12092.9731662648 11872.6576637247 11661.9037896906 11461.2390255155 11271.2022428843 11092.3396990896 10925.2002269981 10770.329614269 10628.2642044691 10499.5237987253 10384.6039885977 10252.804494381 10119.2885125388 10000 9838.69910099907 9666.43677887566 9507.89145920377 9363.7599285757 9121.4034007931 8881.44132446981 8653.32306111358 8438.00924389159 8207.31381147328 7919.59594928933 7641.98926981712 7375.63556583431 7121.79752590594 6811.75454637056 6511.52823843988 6222.53967444162 5946.4274989274 5685.06816142076 5440.58820349418 5215.36192416212 5011.98563445667 4816.63783151692 4525.4833995939 4252.05832509386 3959.79797464467 3687.81778291716 3394.11254969543 3124.09987036266 2884.44102037119
13120.9755734854 12880.9937504837 12649.1106406735 12425.7796536073 12211.470017979 12006.6648158429 11811.8584481867 11627.5534829989 11454.2568506211 11292.4753707945 11142.7106217473 11005.4531937581 10881.1764069884 10770.329614269 10628.2642044691 10499.5237987253 10376.8974168583 10198.0390271856 10031.9489631876 9879.27122818278 9682.97474952816 9440.33897696476 9208.69154657707 8988.88202169769 8772.68487978452 8485.28137423857 8207.31381147328 7939.77329651168 7683.74908491942 7375.63556583431 7076.72240518165 6788.22509939086 6511.52823843988 6248.19974072532 6000 5768.88204074238 5556.97759577992 5366.5631459995 5091.16882454314 4816.63783151692 4525.4833995939 4252.05832509386 3959.79797464467 3687.81778291716 3440.93010681705 3224.90309931942
13440.2380931292 13206.0592153753 12979.9845916704 12762.4449068351 12553.8838611802 12354.7561691844 12165.5250605964 11986.6592510174 11818.6293621553 11661.9037896906 11516.9440391104 11384.1995766062 11264.102272263 11142.7106217473 11005.4531937581 10881.1764069884 10733.126291999 10560.3030259553 10400 10244.9987798926 10000 9765.24449258696 9541.48835350125 9329.52303175248 9050.96679918781 8772.68487978452 8504.11665018772 8246.21125123532 7939.77329651168 7641.98926981712 7353.91052434009 7076.72240518165 6811.75454637056 6560.48778674269 6324.55532033676 6105.7350089895 5905.92922409336 5656.85424949238 5381.44961882948 5091.16882454314 4816.63783151692 4525.4833995939 4252.05832509386 4000 3773.59245282264 3440.93010681705
13763.7204272682 13535.1394525509 13314.6535816746 13102.6714833274 12899.6123972777 12705.9041394149 12521.9806739988 12348.2792323465 12185.2369693823 12033.2871651931 11892.8549978548 11764.3529358822 11648.1758228488 11516.9440391104 11384.1995766062 11264.102272263 11092.3396990896 10925.2002269981 10770.329614269 10560.3030259553 10322.7903204512 10095.5435712992 9879.27122818278 9616.65222413705 9338.094023943 9068.62723900371 8809.0862182181 8504.11665018772 8207.31381147328 7919.59594928933 7641.98926981712 7375.63556583431 7121.79752590594 6881.8602136341 6657.3267908373 6449.80619863884 6222.53967444162 5946.4274989274 5656.85424949238 5381.44961882948 5091.16882454314 4816.63783151692 4560.70170039655 4326.66153055679 4000 3687.81778291716
14091.1319630468 13867.9486586878 13652.8385327008 13446.1890511773 13248.3961293434 13059.8621738516 12880.9937504837 12712.1988656566 12553.8838611802 12406.4499354167 12270.2893201424 12145.7811605512 12033.2871651931 11892.8549978548 11764.3529358822 11627.5534829989 11454.2568506211 11292.4753707945 11121.1510195663 10881.1764069884 10650.8215645555 10430.7238483242 10182.3376490863 9903.53472251196 9633.27566303384 9372.29961108798 9068.62723900371 8772.68487978452 8485.28137423857 8207.31381147328 7939.77329651168 7683.74908491942 7440.43009509531 7211.10255092798 6997.14227381436 6788.22509939086 6511.52823843988 6222.53967444162 5946.4274989274 5656.85424949238 5381.44961882948 5122.49938994628 4882.62224629348 4560.70170039655 4252.05832509386 3959.79797464467
14422.205101856 14204.2247236518 13994.2845476287 13792.7517196533 13600 13416.4078649987 13242.3562857975 13078.2261794175 12924.3955371228 12781.2362469364 12649.1106406735 12528.3678106927 12406.4499354167 12270.2893201424 12145.7811605512 11986.6592510174 11818.6293621553 11661.9037896906 11440.2797168601 11207.1405808975 10983.6241741968 10748.0230740355 10469.0018626419 10198.0390271856 9935.79387869938 9633.27566303384 9338.094023943 9050.96679918781 8772.68487978452 8504.11665018772 8246.21125123532 8000 7766.59513557904 7547.18490564528 7343.02390027433 7076.72240518165 6788.22509939086 6511.52823843988 6222.53967444162 5946.4274989274 5685.06816142076 5440.58820349418 5122.49938994628 4816.63783151692 4525.4833995939 4252.05832509386
14756.6933965574 14543.7271701583 14338.7586631479 14142.135623731 13954.2108340099 13775.3402861781 13605.881081356 13446.1890511773 13296.6161108757 13157.5073627188 13029.1979799219 12912.0099132552 12781.2362469364 12649.1106406735 12521.9806739988 12348.2792323465 12185.2369693823 12000 11764.3529358822 11537.7640814848 11313.7084989848 11034.491379307 10762.899237659 10499.5237987253 10198.0390271856 9903.53472251196 9616.65222413705 9338.094023943 9068.62723900371 8809.0862182181 8560.37382361308 8323.46081867392 8099.38269252663 7889.23316932641 7641.98926981712 7353.91052434009 7076.72240518165 6788.22509939086 6511.52823843988 6248.19974072532 6000 5685.06816142076 5381.44961882948 5091.16882454314 4816.63783151692 4560.70170039655
15094.3698112906 14886.2352527427 14686.0478005487 14494.1367455948 14310.8350559987 14136.4776376578 13971.3993572584 13815.9328313364 13670.405992508 13535.1394525509 13410.4436913922 13296.6161108757 13157.5073627188 13029.1979799219 12880.9937504837 12712.1988656566 12553.8838611802 12322.3374405995 12092.9731662648 11872.6576637247 11600 11327.841806805 11063.4533487515 10762.899237659 10469.0018626419 10182.3376490863 9903.53472251196 9633.27566303384 9372.29961108798 9121.4034007931 8881.44132446981 8653.32306111358 8438.00924389159 8207.31381147328 7919.59594928933 7641.98926981712 7353.91052434009 7076.72240518165 6811.75454637056 6560.48778674269 6248.19974072532 5946.4274989274 5656.85424949238 5381.44961882948 5122.49938994628 4882.62224629348
15435.0251052598 15231.5462117278 15035.95690337 14848.5689546165 14669.6966567138 14499.6551683135 14338.7586631479 14187.3182807746 14045.6398928635 13914.0217047409 13792.7517196533 13670.405992508 13535.1394525509 13410.4436913922 13242.3562857975 13078.2261794175 12880.9937504837 12649.1106406735 12425.7796536073 12165.5250605964 11892.8549978548 11627.5534829989 11327.841806805 11034.491379307 10748.0230740355 10469.0018626419 10198.0390271856 9935.79387869938 9682.97474952816 9440.33897696476 9208.69154657707 8988.88202169769 8772.68487978452 8485.28137423857 8207.31381147328 7919.59594928933 7641.98926981712 7375.63556583431 7121.79752590594 6811.75454637056 6511.52823843988 6222.53967444162 5946.4274989274 5685.06816142076 5440.58820349418 5215.36192416212
