cenop/data/DanTysk/disttocoast.asc
NCOLS 400 
NROWS 400 
XLLCORNER 4061336 
YLLCORNER 3483818 
CELLSIZE 400 
NODATA_value -9999 
[rows 180 to 199 of 400, columns 46 to 91 of 400]
124226.889198756 123845.710462656 123464.650811477 123083.711351259 122702.893201424 122322.197494976 121941.625378703 121561.178013377 121180.856573966 120800.66224984 120420.596244995 120040.65977826 119660.854083531 119281.180409988 118901.640022331 118522.234201014 118142.96424248 117763.831459409 117384.837180958 117005.98275302 116627.269538475 116248.69891745 115870.272287589 115491.991064316 115113.856681114 114735.870589803 114358.034260825 113980.349183533 113602.816866484 113225.438837745 112848.216645191 112471.151856821 112094.246061071 111717.500867143 111340.917905324 110964.498827328 110588.245306633 110212.159038828 109836.241741968 109460.495156929 109084.921047778 108709.521202147 108334.297431607 107959.251572063 107584.38548414 107209.701053589
124348.542412044 123967.737738494 123587.054338228 123206.493335376 122826.055867637 122445.743086479 122065.556157337 121685.496259825 121305.564587945 120925.762350295 120546.090770294 120166.551086398 119787.144552327 119407.872437289 119028.736026222 118649.73662002 118270.87553578 117892.154107048 117513.573684064 117135.135634019 116756.841341311 116378.692207809 116000.689653122 115622.835114868 115245.130048953 114867.575929851 114490.174250894 114112.926524562 113735.83428278 113358.899077223 112982.122479621 112605.506082074 112229.051497373 111852.760359322 111476.634323072 111100.675065456 110724.884285331 110349.263703932 109973.815065224 109598.540136263 109223.44070757 108848.518593502 108473.775632639 108099.213688167 107724.834648283 107350.640426595
124471.362168171 124090.934398932 123710.630101055 123330.450416756 122950.396502004 122570.469526718 122190.670674974 121811.001145217 121431.462150466 121052.054918535 120672.780692251 120293.640729674 119914.636304331 119535.768705438 119157.039238142 118778.449223754 118400 118021.692921259 117643.529358822 117265.510701144 116887.638354105 116509.913741278 116132.338304195 115754.913502624 115377.640814848 115000.521737947 114623.557788092 114246.750500835 113870.101431412 113493.612155046 113117.28426726 112741.119384189 112365.119142908 111989.285201755 111613.619240664 111238.12296151 110862.798088448 110487.646368271 110112.669570763 109737.869489069 109363.247940064 108988.806764732 108614.547828548 108240.473021878 107866.584260372 107492.883485373
124595.34501738 124215.296964585 123835.374590623 123455.579055788 123075.911534305 122696.373214533 122316.965299177 121937.689005492 121558.545565501 121179.536226213 120800.66224984 120421.924914029 120043.325512083 119664.865353202 119286.545762714 118908.368082318 118530.333670331 118152.443901935 117774.700169434 117397.103882506 117019.656468475 116642.359372571 116265.214058204 115888.222007243 115511.384720295 115134.703716994 114758.180536291 114381.816736752 114005.61389686 113629.573615323 113253.697511384 112877.987225145 112502.444417888 112127.070772405 111751.867993336 111376.837807508 111001.981964287 110627.302235931 110252.800417949 109878.478329471 109504.337813623 109130.380737905 108756.60899458 108383.024501072 108009.629200363 107636.425061408
124720.487491029 124340.821937126 123961.2842786 123581.875693809 123202.597375218 122823.450529612 122444.436378302 122065.556157337 121686.811117721 121308.202525633 120929.731662648 120551.399825966 120173.208328645 119795.158499833 119417.251685006 119039.489246216 118661.872562336 118284.403029309 117907.082060409 117529.911086497 117152.891556291 116776.024936628 116399.312712748 116022.756388564 115646.357486952 115270.11755004 114894.038139496 114518.120836835 114142.367243719 113766.778982267 113391.357695373 113016.105047024 112641.02272263 112266.112429352 111891.375896447 111516.814875605 111142.431141306 110768.226491174 110394.20274634 110020.361751814 109646.70537686 109273.235515381 108899.954086308 108526.863033997 108153.964328637 107781.259966657
124846.786102006 124467.505799707 124088.355618084 123709.336753537 123330.450416756 122951.697832929 122573.080241952 122194.598898642 121816.255072958 121438.050050221 121059.985131339 120682.061633036 120304.280888088 119926.644245555 119549.153071028 119171.808746868 118794.612672461 118417.566264469 118040.67095709 117663.928202317 117287.339470209 116910.906249161 116534.63004618 116158.512387169 115782.554817209 115406.758900855 115031.126222427 114655.658386318 114280.357017293 113905.223760809 113530.260283327 113155.468272638 112780.849438191 112406.40551143 112032.13824613 111658.04941875 111284.140828781 110910.414299109 110536.871676378 110163.514831363 109790.345659352 109417.366080527 109044.578040359 108671.983510011 108299.584486738 107927.382994308
124974.237345142 124595.34501738 124216.585044027 123837.958639506 123459.467032707 123081.111467195 122702.893201424 122324.813508952 121946.873678664 121569.075014989 121191.418838134 120813.906484312 120436.539305976 120059.318672063 119682.24596823 119305.322597108 118928.549978548 118551.929549881 118175.462766177 117799.151100507 117422.996044216 117046.999107196 116671.161818163 116295.485724941 115919.972394752 115544.623414506 115169.440391104 114794.424951737 114419.578744199 114044.903437199 113670.40072068 113296.072306148 112921.919927001 112547.945338864 112174.150319938 111800.536671342 111427.106217473 111053.860806367 110680.802310066 110307.932624993 109935.253672332 109562.767398419 109190.475775133 108818.380800304 108446.484498115 108074.788919526
125102.837697632 124724.336037519 124345.968973666 123967.737738494 123589.643579064 123211.68775729 122833.871550155 122456.196249924 122078.663164371 121701.273617 121324.028947278 120946.930510865 120569.979679852 120193.177843004 119816.526406001 119440.026791692 119063.680440343 118687.488809899 118311.453376248 117935.575633479 117559.857094163 117184.299289623 116808.903770218 116433.672105624 116058.60588513 115683.70671793 115308.976233423 114934.41608152 114560.027932957 114185.813479609 113811.77443481 113437.912533685 113064.229533482 112690.727213911 112317.407377485 111944.271849881 111571.322480286 111198.56114177 110825.989731651 110453.610171873 110081.424409389 109709.434416553 109337.642191516 108966.049758629 108594.659168856 108223.472500193
125232.58361944 124854.475290235 124476.503806943 124098.670419953 123720.976394466 123343.423010714 122966.011564172 122588.743365776 122211.619742151 121834.642035835 121457.811605512 121081.129826245 120704.598089717 120328.21780447 119951.990396158 119575.917307792 119200 118824.239951283 118448.638658281 118073.197636043 117697.918418297 117322.80255773 116947.85162627 116573.067215374 116198.450936318 115824.0044205 115449.729319735 115075.627306567 114701.700074585 114327.949338733 113954.376835644 113580.984323962 113207.773584679 112834.746421481 112461.90466109 112089.250153616 111716.784772925 111344.510416994 110972.42900829 110600.542494149 110228.852847156 109857.362065544 109486.072173587 109114.985222012 108744.103288408 108373.428477649
125363.471553719 124985.759188797 124608.185926929 124230.753036436 123853.46180063 123476.313518019 123099.309502531 122722.451083736 122345.739607066 121969.176434048 121592.762942537 121216.50052695 120840.390598508 120464.434585483 120088.633933441 119712.990105502 119337.504582591 118962.178863704 118587.014466172 118212.012925929 117837.175797793 117462.504655741 117088.001093195 116713.666723311 116339.503179273 115965.512114594 115591.695203418 115218.054140833 114844.590643182 114471.306448385 114098.203316266 113725.283028885 113352.547390873 112979.998229775 112607.637396404 112235.46676519 111863.488234544 111491.703727228 111120.115190725 110748.724597622 110377.533945998 110006.545259816 109635.760589326 109265.182011472 108894.811630307 108524.651577418
125495.497927216 125118.184130046 124741.011700242 124363.981924028 123987.09610278 123610.355553246 123233.761607767 122857.315614496 122481.01893763 122104.872957634 121728.879071484 121353.038692898 120977.353252582 120601.824198476 120226.452996003 119851.241128325 119476.190096605 119101.301420262 118726.576637247 118352.017304311 117977.624997285 117603.401311357 117229.347861361 116855.46628207 116481.758228488 116108.225376155 115734.86942145 115361.692081904 114988.695096518 114615.880226084 114243.249253512 113870.803984164 113498.546246196 113126.477890899 112754.60079305 112382.916851272 112011.427988398 111640.136151834 111269.043313942 110898.151472421 110527.462650691 110156.978898298 109786.702291307 109416.634932719 109046.778952888 108677.136509939
125628.659150689 125251.746494809 124874.977477475 124498.353402766 124121.875590083 123745.545374369 123369.364106329 122993.333152655 122617.453896254 122241.727736481 121866.156089375 121490.7403879 121115.482082185 120740.382639778 120365.443545895 119990.666303675 119616.052434445 119241.603477981 118867.320992777 118493.206556325 118119.261765387 117745.48823628 117371.887605167 116998.461528347 116625.211682552 116252.139765253 115879.247494968 115506.53661157 115134.008876613 114761.66607365 114389.510008567 114017.542509914 113645.765429249 113274.180641486 112902.790045242 112531.595563202 112160.59914248 111789.802754992 111419.208397834 111048.818093665 110678.633891099 110308.657865101 109938.892117394 109569.338776868 109200 108830.877971282
125762.951619306 125386.442648318 125010.079593607 124633.863777065 124257.796536073 123881.879223719 123506.113209023 123130.499877163 122755.040629703 122379.736884829 122004.590077587 121629.601660122 121254.773101928 120880.105890093 120505.601529555 120131.261543363 119757.087472934 119383.080878322 119009.24333849 118635.576451586 118262.081835219 117888.76112675 117515.615983579 117142.648083437 116769.85912469 116397.250826641 116024.82492984 115652.583196399 115280.527410313 114908.659377786 114536.980927559 114165.493911251 113794.200203701 113423.101703313 113052.200332413 112681.49803761 112310.996790163 111940.69858635 111570.605447851 111200.719422133 110831.042582843 110461.577030205 110092.324891429 109723.288321122 109354.469501708 108985.870643859
125898.371713061 125522.268940615 125146.314368422 124770.509336141 124394.85519908 124019.353328422 123644.005111449 123268.811951767 122893.775269539 122518.896501723 122144.177102308 121769.618542558 121395.222311259 121020.989914973 120646.92287829 120273.022744088 119899.291073801 119525.72944768 119152.339465073 118779.122744698 118406.080924925 118033.215664066 117660.528640662 117288.02155378 116915.696123318 116543.554090306 116171.59721722 115799.8272883 115428.246109867 115056.855510656 114685.657342145 114314.653478896 113943.845818894 113573.236283906 113202.826819828 112832.619397052 112462.616010833 112092.818681662 111723.229455651 111353.850404914 110984.683627967 110615.731250126 110246.995423912 109878.478329471 109510.182174992 109142.109197138
126034.915797171 125659.221706964 125283.678106927 124908.286354429 124533.047822656 124157.963900831 123783.035994437 123408.26552545 123033.653932572 122659.202671467 122284.913215 121910.787053484 121536.825694931 121163.030665298 120789.403508752 120415.945787923 120042.659084177 119669.544997882 119296.60514868 118923.841175771 118551.254738193 118178.847515112 117806.62120611 117434.577531492 117062.718232578 116691.045072019 116319.559834105 115948.264325086 115577.160373492 115206.249830467 114835.534570097 114465.016489756 114094.697510445 113724.579577152 113354.664659201 112984.954750622 112615.451870514 112246.158063428 111877.075399744 111508.205976063 111139.551915598 110771.115368583 110402.898512675 110034.903553373 109667.13272444 109299.588288337
126172.580222487 125797.297268264 125422.16709976 125047.191092003 124672.370635999 124297.707138949 123923.20202448 123548.856732873 123174.672721303 122800.65146407 122426.794452848 122053.103196928 121679.579223467 121306.224077745 120933.039323421 120560.026542797 120187.187337087 119814.523326682 119442.036151432 119069.727470924 118697.598964764 118325.652332873 117953.889295775 117582.311594899 117210.920992884 116839.719273884 116468.708243888 116097.889731037 115727.265585946 115356.837682038 114986.607915879 114616.578207518 114246.750500835 113877.126763894 113507.708989302 113138.499194571 112769.499422495 112400.711741519 112032.13824613 111663.781057243 111295.642322599 110927.724217168 110560.028943556 110192.55873243 109825.315842933 109458.302563122
126311.361325892 125936.491931449 125561.777623606 125187.219794993 124812.819854372 124438.579226862 124064.499354167 123690.581694808 123316.827724362 122943.238935697 122569.81683922 122196.562963121 121823.478853627 121450.566075255 121077.826211078 120705.26086298 120332.871651931 119960.660218257 119588.628221917 119216.777342788 118845.109280946 118473.625756959 118102.328512185 117731.219309069 117360.29993145 116989.572184875 116619.037896906 116248.69891745 115878.55711908 115508.614397369 115138.872671223 114769.333883229 114400 114030.873012531 113661.954936557 113293.247812921 112924.753707945 112556.474713808 112188.412948932 111820.570558373 111452.949714218 111085.552615991 110718.38149106 110351.438595063 109984.726212325 109618.246656294
126451.255430699 126076.801989898 125702.505941608 125328.368695998 124954.391679524 124580.576335157 124206.924122611 123833.436518575 123460.115016956 123086.961129114 122713.97638411 122341.162328956 121968.520528864 121596.052567507 121223.760047278 120851.644589555 120479.707834971 120107.951443691 119736.377095685 119364.986491014 118993.781350119 118622.76341411 118251.934445065 117881.296226331 117510.850562831 117140.599281376 116770.544230983 116400.687283194 116031.030332407 115661.575296206 115292.324115702 114923.278755873 114554.441205917 114185.813479609 113817.397615655 113449.195678066 113081.209756529 112713.441966786 112345.894451021 111978.569378252 111611.468944728 111244.595374337 110877.950919017 110511.537859176 110145.358504115 109779.415192467
126592.258847056 126218.223723835 125844.348303768 125470.634014498 125097.082300108 124723.694621351 124350.472455878 123977.417298474 123604.530661299 123231.814074126 122859.269084591 122486.897258441 122114.70017979 121742.679451374 121370.836694817 120999.173550897 120627.691679813 120256.392761466 119885.278495735 119514.350602762 119143.610823241 118773.060918712 118402.702671856 118032.537886805 117662.568389442 117292.796027719 116923.222671974 116553.850215255 116184.680573645 115815.715686603 115446.957517294 115078.408052944 114710.069305183 114341.943310406 113974.03213013 113606.337851372 113238.862587011 112871.60847618 112504.577684644 112137.772405198 111771.194858067 111404.84729131 111038.731981233 110672.851232811 110307.207380116 109941.802786747
126734.367872334 126360.75340073 125987.300947357 125614.011957265 125240.887892094 124867.930230304 124495.140467409 124122.520116214 123750.070707051 123377.793788023 123005.690925258 122633.76370315 122262.013724623 121890.442611388 121519.052004202 121147.843563144 120776.81896788 120405.979917943 120035.328133013 119664.865353202 119294.593339346 118924.513873297 118554.628758223 118184.939818913 117815.448902086 117446.157876705 117077.068634297 116708.183089276 116339.503179273 115971.030865471 115602.768132947 115234.716991018 114866.879473589 114499.257639515 114131.853572962 113764.669383777 113397.707207862 113030.969207558 112664.457572031 112298.174517665 111932.122288466 111566.303156464 111200.719422133 110835.373414808 110470.267493113 110105.404045396
