cenop/data/DanTysk/sediment.asc
NCOLS 400 
NROWS 400 
XLLCORNER 4061336 
YLLCORNER 3483818 
CELLSIZE 400 
NODATA_value -9999 
[rows 60 to 79 of 400, columns 138 to 183 of 400]
2.43865863346956 2.43160160744441 2.42454738382162 2.41749595348659 2.41297138566049 2.41309953212883 2.41322216077867 2.41333928701007 2.41345092622379 2.41355709382114 2.41401950887103 2.42208392094914 2.43014082652751 2.4381902472881 2.4462322049137 2.45426672108803 2.46229381749568 2.46813391266234 2.4732121555676 2.47829832355228 2.48339239193582 2.4884943360367 2.49360413117239 2.50171756218795 2.51370406893876 2.52563830887513 2.53752044170305 2.54935062713483 2.56112902488913 2.5712511665777 2.57046126000327 2.5696408105448 2.56878991331525 2.56790866343128 2.5669971560133 2.56605548618542 2.54980143894277 2.53019977502551 2.51051983928723 2.49076187949551 2.47092614342765 2.45101287887044 2.42889357477389 2.40471422981766 2.38044630913915 2.35609009822302
2.43502872288307 2.42793740193387 2.42084888241852 2.41376315522465 2.40957098792398 2.4097574888945 2.40993847376222 2.41011395792337 2.41028395677488 2.41044848571428 2.41133296182999 2.41947925265008 2.42761803933499 2.43574934356132 2.44387318700645 2.45198959134878 2.46009857826753 2.46575057785355 2.47073514438558 2.47572763338681 2.48072802018277 2.4857362800981 2.49075238845636 2.49941195648234 2.5120030658878 2.52454192530459 2.53702869439912 2.54946353284414 2.56184660031873 2.57198661782662 2.57155702213956 2.57109689344902 2.57060632684435 2.57008541741866 2.56953426026877 2.5689529504952 2.55276235431994 2.53409980434781 2.51535900791404 2.49654021272476 2.47764366649572 2.45866961695231 2.43739543098742 2.41429812099464 2.39111226408101 2.36783814566037
2.43139564716873 2.42427003744703 2.41714722819109 2.41002721029078 2.40617595949006 2.40642080445655 2.40666013503522 2.40689396661847 2.40712231459943 2.4073451943718 2.40865384508156 2.41688199992399 2.42510265299481 2.43331582596522 2.44152154050728 2.44971981829401 2.45791068099927 2.46335884281714 2.46824974986675 2.47314857677642 2.47805529887783 2.48296989150171 2.48789232997773 2.49715984934446 2.51035545250944 2.52349882250441 2.53659011895629 2.54962950149824 2.56261712976983 2.57275356858842 2.57268421885396 2.5725843459924 2.57245404506956 2.57229341115495 2.57210253932182 2.57188152464714 2.55580419908281 2.53808059371295 2.52027876723011 2.50239896727907 2.48444144151412 2.46640643759915 2.44598934984122 2.42397387965207 2.40186989133138 2.37967767022217
2.42775940735287 2.42059951500823 2.41344242216165 2.40628811970525 2.40278629861084 2.40308947707054 2.40338714285665 2.4036793113578 2.4039659979633 2.40424721806305 2.40598215620751 2.41429216035746 2.42259466509836 2.43088969209603 2.43917726301724 2.4474573995296 2.45573012330164 2.46095871028092 2.46575597473339 2.47056115643788 2.4753742307322 2.48019517295316 2.48502395843662 2.49496122338015 2.50876121144513 2.52250898315177 2.53620469808742 2.54984851584574 2.56344059602672 2.57355200862347 2.57384283992811 2.57410315797791 2.57433305781511 2.57453263448568 2.57470198303931 2.57484119852937 2.55892694692408 2.54214211686909 2.52527909103918 2.50833811701771 2.49131944239756 2.47422331478124 2.4546753014112 2.4337414759298 2.41271916109423 2.39160864217655
2.42412000446143 2.41692583564136 2.40973446535208 2.40254588448795 2.39940200353919 2.39976350499276 2.40011949548626 2.40046999040458 2.40081500513315 2.40115455505808 2.40331789279066 2.4117097315381 2.42009407323806 2.42847093955104 2.43684035213842 2.44520233266248 2.45355690278637 2.45855018297152 2.46325382170658 2.46796537508673 2.47268481845588 2.47741212715699 2.48214727653198 2.49281606120258 2.50722032534378 2.52157238993125 2.5358724145128 2.55012055864258 2.56431698188107 2.5743819276965 2.57503287514802 2.57565331921281 2.57624335490957 2.5768030772607 2.57733258129236 2.57783196203434 2.5621305715476 2.5462843475756 2.5303599531561 2.51435763581107 2.49827764307203 2.48212022248008 2.46345325578597 2.44360087998062 2.42366004358613 2.40363103180391
2.42047743951988 2.41324900036989 2.40602335878385 2.39880050565831 2.39602307252871 2.39644288648026 2.39685719118458 2.39726600202272 2.39766933437633 2.3980672036277 2.40066105241479 2.40913471105454 2.4176008750074 2.42605956592851 2.43451080547392 2.44295461530056 2.4513910170662 2.45613326361443 2.46074329350629 2.46536123543739 2.46998706475779 2.47462075681653 2.47926228696166 2.49072434543243 2.50573277686171 2.52068902553483 2.53559325096008 2.55044561265211 2.56524627013189 2.57524331557661 2.57625431430408 2.57723481950879 2.5781849261859 2.57910472933426 2.57999432395647 2.5802444411521 2.56541504666849 2.55050725960314 2.53552132740702 2.52045749754081 2.50531601747467 2.49009713468827 2.47232318306715 2.45355206196996 2.43469250903658 2.41574480939782
2.41659545883651 2.40897251596729 2.40142305857162 2.3939468704102 2.39128424141827 2.39154307736619 2.39191163263264 2.39238958141288 2.39297659788884 2.39367235622901 2.39709799324496 2.40616235279498 2.41511506800085 2.42365556882777 2.4321886206279 2.4407142450528 2.44919945109397 2.45370795493391 2.45822439285127 2.46274874020312 2.46728097234564 2.47182106463396 2.47636899242228 2.48868605869776 2.50429854866265 2.51985887266189 2.53536719016431 2.55082366064505 2.56622844358558 2.57613616203731 2.57750714719104 2.57884764868185 2.58015776148135 2.58143758056488 2.58268720091149 2.58267149807861 2.5687803460132 2.55481082673352 2.54076318762926 2.5266376760997 2.51243453955369 2.4981540254096 2.48128505336898 2.46359499207592 2.4458165276877 2.42794994526429
2.41244371464729 2.40400109148109 2.39563193000647 2.38733601403768 2.38392050700936 2.38294401282003 2.38207720240558 2.38131975004185 2.38067132999131 2.38013161650314 2.38334161116112 2.3929454953909 2.4025005111017 2.41200680064274 2.42146450636916 2.43087377064191 2.44005003598713 2.44584768130004 2.45153799124308 2.45712128761387 2.46259789222291 2.46796812689371 2.47323231346267 2.48639205072839 2.5023060988096 2.51822756256152 2.53415641845782 2.55009264297127 2.56603621257368 2.57580243786703 2.5775427130653 2.57932934766002 2.58116219650071 2.58304111443131 2.58496595629004 2.58512519027168 2.57222644331931 2.5591950227598 2.54608550767126 2.53289814539165 2.51963318326853 2.50629086865889 2.49033883681853 2.4737296404896 2.45703206979447 2.44024640972222
2.40821605772192 2.3989539016825 2.38976518356267 2.38064968723018 2.37644324646776 2.37423164439196 2.37212969056221 2.37013705933495 2.36825342505336 2.3664784620471 2.36963421948502 2.37977753133666 2.3898719901621 2.39991773827539 2.40991491799652 2.41986367165119 2.42949009322849 2.43650759988248 2.44341780559041 2.45022103207019 2.45691760105273 2.46350783428184 2.46999205351424 2.48381406643627 2.4996383844239 2.51547011562507 2.53130923651935 2.54715572358532 2.56300955330069 2.57184390323564 2.57303390517823 2.57427025147786 2.57555279702007 2.57688139668469 2.57825590534592 2.57728233572227 2.56450341403082 2.55174955279247 2.53902067100949 2.52631668768094 2.51363752180285 2.5009830923681 2.48534751023202 2.46928982568502 2.4533072159189 2.43739943813666
2.40391251271181 2.39383097117466 2.38382284379511 2.37388791449438 2.3688524966588 2.36540600887448 2.36206913382227 2.35884154593929 2.35572291964921 2.35271292936217 2.35597580229101 2.36665844473835 2.37729224964585 2.38787735929233 2.39841391596271 2.40890206194726 2.4190395806171 2.42727672909826 2.43540661104267 2.4434295480887 2.45134586188762 2.45915587410357 2.46685990641366 2.48122812401958 2.4969627281169 2.5127047429717 2.52845414506932 2.54421091089423 2.55997501692994 2.56783730576079 2.56847713352892 2.56916329062104 2.56989563195858 2.57067401245739 2.57149828702752 2.56941305582574 2.55632753668167 2.54326706976243 2.53023157409023 2.51722096868421 2.50423517256049 2.49127410473202 2.4746295671624 2.4576521471427 2.44074977748061 2.42392221543943
2.39953310425785 2.38863232455023 2.37780493524823 2.36705072032639 2.361148294432 2.35646714304439 2.35189556888993 2.34743324648624 2.34307985033744 2.33883505493444 2.34236634366053 2.35358821970906 2.36476127369775 2.37588564787026 2.38696148447606 2.39798892577038 2.4086984626 2.41815503346615 2.4275043721906 2.43674680033199 2.445882639462 2.4549122111653 2.4638358370393 2.47863422605924 2.49427913246428 2.50993144717171 2.52559114667274 2.54125820745767 2.55693260601585 2.56378266105251 2.56387241369495 2.56400848063467 2.56419071682895 2.56441897722956 2.56469311678257 2.56151735916195 2.54812529773129 2.53475828030056 2.52141622591206 2.50809905360498 2.49480668241538 2.48153903137636 2.46383350639477 2.44593651649992 2.42811455254987 2.41036737186782
2.39507785699038 2.3833579863914 2.3717114824559 2.36013812921189 2.35333067662119 2.34741508366285 2.34160903245352 2.33591219759134 2.33032425366104 2.3248448752339 2.32880582768134 2.34056684036862 2.35227904646943 2.36394258819233 2.37555760775163 2.38712424736738 2.39846670363909 2.40914247752011 2.41971105363991 2.43017275347767 2.44052789852554 2.45077681028851 2.46091981028451 2.47603237513512 2.49158760004055 2.50715023079434 2.52272024389357 2.53829761583433 2.55388232311182 2.55967998471415 2.55921976124727 2.55880583705718 2.55843806713714 2.5581163064748 2.55784041005212 2.55359525430719 2.53989670573781 2.526223192947 2.51257463499699 2.49895095094706 2.48535205985332 2.47177788076888 2.45295935330042 2.43414295907392 2.41540156638945 2.3967349326304
2.39054679552923 2.37800798126969 2.36554250994156 2.35315016562621 2.34539968004442 2.3382498674752 2.33120956118584 2.32427843585487 2.31745616614738 2.31074242671529 2.31529423844847 2.32759429084356 2.33984555211917 2.35204816444877 2.36420227001127 2.37630801099188 2.38834426821184 2.40023902580928 2.41202662001165 2.42370737221866 2.43528160384285 2.44674963630971 2.45811179105768 2.47342257382595 2.48888813341918 2.50436109640778 2.51984143929463 2.53532913858169 2.55082417077 2.55552929234246 2.55451919175014 2.55355537542044 2.55263769838258 2.55176601566006 2.55094018227074 2.54564674983404 2.5316417692558 2.51766181623811 2.50370680986336 2.48977666921079 2.47587131335657 2.46181798600628 2.44200713324008 2.42227150017097 2.4026108442515 2.38302492292508
2.38593994448373 2.37258233374633 2.35929804221819 2.34608685403399 2.33735534150404 2.3289715312112 2.3206971917439 2.31253199786104 2.30447562430824 2.29652774581778 2.30183156006353 2.31467055526723 2.32746077481212 2.34020236083627 2.35289545548363 2.36554020090415 2.37833112081062 2.39144464289789 2.40445103594184 2.41735062126276 2.43014372019364 2.44283065408045 2.45543633868004 2.47080482470939 2.4861807351725 2.50156404657904 2.51695473543769 2.53235277825626 2.54775815154162 2.55133059952746 2.54977072076116 2.54825711124964 2.54678962605802 2.54536812024563 2.54399244886627 2.53767185431132 2.52336049683603 2.50907415870673 2.49481275902589 2.48057621689279 2.46636445140359 2.45170677329515 2.43097687156346 2.41032216508664 2.38974241137723 2.36923736793884
2.38125732845265 2.36708106837194 2.35297810378824 2.33894821888962 2.32919769778661 2.31958011158476 2.310071960769 2.30067292017865 2.29138266463967 2.28220086896482 2.28841777663489 2.3017956177799 2.31512469872008 2.32840516155847 2.34163714840393 2.35482080137116 2.36842722594316 2.38275929336535 2.39698426608171 2.41110246533291 2.4251142123726 2.43901982846727 2.45290027482916 2.46817913036196 2.48346540787177 2.49875908387407 2.51406013488338 2.52936853741337 2.54468426797669 2.54708392185254 2.54497436383133 2.54291106006337 2.54089386564959 2.53892263568524 2.53699722526001 2.5296705763044 2.51505289702566 2.50046022888196 2.48589249099566 2.47134960248606 2.45683148246939 2.44151737893628 2.4198685936095 2.39829497910561 2.37679629299724 2.3553722928479
2.37649897202427 2.36150420968665 2.34658271914375 2.33188765106014 2.32092678566305 2.31007564529431 2.29933390488705 2.28870123936093 2.27817732362233 2.26776183256424 2.27505287227775 2.28896946252833 2.3028373080216 2.31665655082571 2.33042733301429 2.34414979666682 2.35863254813207 2.37418294180618 2.38962627509747 2.40496286916722 2.42019304518962 2.43531712435173 2.45035625215237 2.46554549335912 2.48074215408712 2.49594621085772 2.51115764019129 2.52637641860727 2.54160252262419 2.5427892748944 2.54013013650495 2.5375172373735 2.53495043263683 2.53242957742607 2.5299545268667 2.52164292437474 2.50671897836827 2.49182003528925 2.47694601428007 2.46209683447996 2.44727241502523 2.43124982831198 2.40868232470632 2.38618996750189 2.36377251433123 2.34142972281791
2.37166489977643 2.35585178222015 2.34011191276625 2.32473680429297 2.31254264188857 2.30045816902244 2.28848306070807 2.2766169919453 2.26485963772104 2.2532106730087 2.26173683111411 2.27619207366618 2.29059858690213 2.30495651285502 2.3192659935633 2.3335271710714 2.34894705191539 2.36571555282998 2.38237702767045 2.39893179751869 2.41538018346943 2.43172250663035 2.4478042732293 2.46290391627516 2.4780109763876 2.49312543009376 2.50824725391987 2.52337642439115 2.53851291803201 2.53844667422311 2.5352380543197 2.53207565868535 2.52895934249264 2.52588896090856 2.52286436909444 2.51358890708034 2.49835874940377 2.48315358645047 2.4679733373829 2.45281792136029 2.43768725753886 2.4209041467936 2.39741809017119 2.37400715553843 2.35067110058806 2.32740968300346
2.36473505452821 2.34873370550092 2.33270153325146 2.31703784426012 2.30397349166923 2.29089622432034 2.27780607797591 2.26470308840002 2.25158729135811 2.23854742667477 2.2484696372727 2.26346343535393 2.27840851955389 2.29330503187018 2.30815311430652 2.32295290887222 2.33937070184621 2.35735709106158 2.37523648849721 2.39300921515549 2.41067559205189 2.42823594021467 2.44524434063848 2.46025440168335 2.47527187734114 2.49029674414483 2.50532897862645 2.52036855731709 2.53541545674692 2.53405613540208 2.53029813280663 2.52658633949756 2.5229206106833 2.51930080156665 2.51572676734478 2.50550853297543 2.48997221866831 2.4744608908838 2.45897446880429 2.44351287160908 2.42807601847429 2.4104803597418 2.38607591531042 2.36174656846759 2.33749207696587 2.31331219854861
2.3546159146624 2.33894812517591 2.32324952221774 2.3080227814161 2.29509463606015 2.28215357994549 2.26919964882571 2.25623287845614 2.24325330459326 2.23026096299531 2.24107649550213 2.25572573487479 2.27038662028386 2.28505911500885 2.2997431823277 2.31443878551718 2.33142830378183 2.35026748426878 2.36903643522369 2.3877353670738 2.40636449025463 2.42492401521027 2.44259485304885 2.45749896893206 2.472416132957 2.48734630434978 2.5022894423348 2.51724550613499 2.53221445497154 2.52962866569445 2.52537563517085 2.52110517812582 2.51683425266853 2.51266511482765 2.50854173701264 2.49740181061062 2.48155939469451 2.46574195710378 2.4499494170408 2.43418169370483 2.41843870629198 2.39997849250632 2.3746558254198 2.34940823153088 2.32423546865203 2.29913729458657
2.3445276629069 2.32919337299389 2.3138282793557 2.29902027118043 2.28622830854872 2.27342343915597 2.260605698747 2.24777512306809 2.23493174786703 2.22207560889316 2.23402967542058 2.24853903252086 2.26306003175586 2.27759263641423 2.29213680978311 2.30669251514819 2.3242841631638 2.34392140521547 2.36348844020945 2.38298547852086 2.40241273053333 2.42177040663889 2.43982015917008 2.45456901944812 2.46933092359632 2.48410583085086 2.49889370044631 2.51369449161563 2.52850816359014 2.52527074037183 2.52121889821224 2.51714963506701 2.51306300389883 2.50895905767247 2.50483784935481 2.49315532267185 2.4772455389032 2.46131791444775 2.44537250451569 2.42940936431933 2.41342854907314 2.39394953258044 2.3673345592238 2.34080520288256 2.31436118981331 2.28800224626227
