cenop/data/DanTysk/sediment.asc
NCOLS 400 
NROWS 400 
XLLCORNER 4061336 
YLLCORNER 3483818 
CELLSIZE 400 
NODATA_value -9999 
[rows 240 to 259 of 400, columns 92 to 137 of 400]
3.58719434436625 3.65980831328823 3.73199274677503 3.79812346505627 3.75970836714651 3.7201626654467 3.67948942780901 3.63769172221849 3.59477261679165 3.55073517978064 3.48156378702568 3.39908411347401 3.31702524084961 3.2353860530184 3.1541654337994 3.07336226696259 2.96471180186047 2.76291602654909 2.56255994884653 2.36363961570195 2.1661510738963 1.9700903700449 1.7754535505957 1.65431597999921 1.55027344527628 1.44759966368253 1.34629080293587 1.2463430305943 1.14775251405608 1.12408114543809 1.20599827064592 1.28785640806232 1.36965570771841 1.45139631965208 1.53307839390662 1.61468288139931 1.68725794869033 1.75900496920162 1.82992630013952 1.90002429880646 1.9693013226006 2.03775972901638 2.05867252517935 2.04748169967521 2.03640540005272 2.02544329071333
3.65056268474093 3.72768116407318 3.80437024458258 3.87038133693467 3.84381372782729 3.8161158729986 3.78729083955854 3.75734169475135 3.72627150595273 3.69408334066997 3.6237806714123 3.53699421637954 3.45062843222293 3.36468220307772 3.27915441303416 3.19404394613141 3.07216150189913 2.8551109730077 2.6394996896208 2.42532369964207 2.21257905080979 2.00126179069439 1.79136796670017 1.65953635934243 1.54070366366509 1.42323928936266 1.3071394050799 1.19240017930178 1.07901778035392 1.05597447523036 1.138468026289 1.22090260683141 1.30327836685428 1.38559545635749 1.46785402534955 1.55005097276867 1.63172154233372 1.71256432521046 1.79258167803404 1.87177595753636 1.95014952054554 2.02770472398471 2.04746657370875 2.03498098630857 2.02260988844037 2.01035294458672
3.69316438427215 3.77393316215356 3.85516634936429 3.92273298057857 3.90995067381352 3.89687008691734 3.88349202344079 3.86981728696939 3.85584668112326 3.83858346076539 3.76557970037106 3.67448722011206 3.58381528072974 3.49356276663292 3.40372856217805 3.31431155167595 3.17814751533332 2.94584491245615 2.71498110316395 2.48555213631695 2.2575540606074 2.03098292456286 1.80583477654285 1.66335596833291 1.52973571066286 1.39748334279091 1.26659503428855 1.13706695456752 1.00889527288029 0.987921690284558 1.07099156612961 1.15400248872807 1.23695460803925 1.31984807402774 1.40268303666522 1.48626107918584 1.57702555206656 1.66696249824269 1.75607427377951 1.84436323483862 1.93183173767724 2.01848213864873 2.03614238570247 2.02236226407696 2.00869659564872 1.99514504498146
3.70479831732653 3.78075990584659 3.85718575736139 3.91688512688245 3.9072067227754 3.89723013252098 3.88695615947575 3.87638560703099 3.86551927861262 3.85435797768113 3.78929174006627 3.70911252498297 3.6283547497192 3.54701999975197 3.46510986062597 3.3826259179534 3.24407092675419 3.01225073309672 2.77984973948037 2.5468695632273 2.31331182172829 2.07917813244167 1.84447011289391 1.69076056396647 1.54084216337725 1.39160080365114 1.24303460823819 1.09514170051149 0.947920203765444 0.924981630918105 1.00356887294336 1.08715603655889 1.17068441411316 1.25415415553481 1.33756541075885 1.42331293202289 1.52316970977513 1.62219922069999 1.72040382029256 1.81778586414425 1.91434770794237 2.01009170746997 2.02469999886649 2.00962557061313 1.99466555923708 1.97981962938352
3.71595718146589 3.78711242476156 3.85873178477764 3.91134228675407 3.90476724032421 3.89789410169206 3.8907236740201 3.88325676050538 3.87549416437974 3.86743668890949 3.80469867524871 3.73064551846754 3.65601398434699 3.58080565798053 3.5050221245295 3.4286649692225 3.28919201318252 3.06362537389047 2.8374781188962 2.61075186513125 2.38344822959473 2.15556882935359 1.92784344286978 1.77000513319012 1.61284552842169 1.45636275254667 1.30055492947022 1.14542018301842 0.990956636939511 0.967800512625899 1.03336039745163 1.10011148304261 1.16805040414125 1.23717379535088 1.30747829113679 1.38458004955647 1.48650997831047 1.58831583338858 1.6899979621378 1.79155671191946 1.89299243010946 1.99430546409704 2.00752153474988 1.99481462641332 1.98155132979747 1.9677332559611
3.72664112810801 3.79299087004502 3.8598045824882 3.90610436296908 3.90263212941073 3.8988618975566 3.89479447037502 3.89043065086907 3.88577124207645 3.88081704706942 3.82069997029408 3.75277179588013 3.68426542689235 3.61518244804141 3.54552444410499 3.47529299992905 3.33491338416927 3.11559920018917 2.89570458468872 2.6752311542074 2.45418052535389 2.23255431480383 2.01364230146417 1.84856427157632 1.6841647342635 1.52044181396306 1.35739363503245 1.19501832175169 1.03331399832255 1.00940227070334 1.06196504868181 1.1157186523752 1.17065971733979 1.22678487899325 1.28409077261487 1.35293255529571 1.45620025042852 1.55934391034715 1.66236388231475 1.765260513609 1.86803415152142 1.97068514335744 1.98408395018761 1.97759740367516 1.97055464400366 1.96295728184178
3.73685030860727 3.79839539278008 3.86040430130501 3.90117125834377 3.90080129302644 3.90013342328117 3.89916845188234 3.89790718163903 3.89635041539494 3.89449895602821 3.83729543577992 3.77549116814394 3.71310888862474 3.65015018154999 3.58661663131426 3.52250982238 3.38123484843379 3.16817202106721 2.95452894628549 2.74030724023722 2.52550851914012 2.31013439927905 2.09875467668843 1.92643819773139 1.75479999910113 1.58383820568796 1.41355094230396 1.24393633368105 1.07499250447496 1.04978729322888 1.08935524807258 1.13011365373506 1.17205914658624 1.2151883628577 1.2594979386426 1.3214087051953 1.42601393194208 1.53049516192051 1.63485274231041 1.7390870203049 1.84319834311194 1.94718705795305 1.96121426831509 1.96094699019464 1.96012367396305 1.95874592989941
3.74658487425458 3.80332614398663 3.86053109197679 3.89654287573524 3.89927463420345 3.90170858207298 3.90384552192433 3.90568625637262 3.90723158806765 3.90848231969363 3.85448488236287 3.7988034462619 3.74254418089302 3.68570867020068 3.62829849819729 3.57031524896196 3.42815621477656 3.22134364567738 3.0139510131924 2.80597993308033 2.59743202116651 2.38830889334629 2.18318078746712 2.00362713017024 1.82475154104005 1.64655214541947 1.46902706857242 1.29217443568558 1.11599237186716 1.08895596811927 1.11553138280565 1.14329687356896 1.17224907759239 1.2023846319209 1.23370017346139 1.29000845979355 1.39595098346468 1.50176954879814 1.60746450288907 1.71303619284751 1.81848496579707 1.92381116887557 1.93891230803764 1.94486320522869 1.95025823928477 1.95509902009529
3.75584497627746 3.80778327462115 3.86018510518903 3.89221911804126 3.89805205601451 3.90358727717979 3.90882558392374 3.91376777866769 3.91841466386751 3.92124857002121 3.87226812077953 3.82270844131571 3.77257111512446 3.72185772576718 3.67056985687343 3.6187090921398 3.47567729207823 3.27511388325314 3.07397059499706 2.87224904267585 2.66995084172654 2.46707760765208 2.26692085263165 2.0801312873175 1.89401957809615 1.70858385076263 1.52382223103569 1.33973284455336 1.15631381687785 1.12690868312812 1.14049383990036 1.15526869816164 1.17122989590819 1.18837407099824 1.20669786115183 1.25873177964459 1.36601136562666 1.47316703168518 1.58019912483235 1.68710799209376 1.79389398050919 1.90055743713277 1.91717788833625 1.9293458681104 1.94095815965368 1.95201637246613
3.76463076584011 3.81176693557699 3.85936649156415 3.8881998882003 3.89713346157301 3.90576941188989 3.91410854134387 3.92215165216244 3.9298995466077 3.93350491184948 3.8906449618453 3.84720596446684 3.80318950282573 3.75859716010139 3.71343051954059 3.66769116445706 3.52379788929884 3.32948254310882 3.13458750136526 2.93911437904492 2.74306479119335 2.54644035292224 2.3499750909234 2.1559508875047 1.96260432819177 1.76993353923324 1.57793664679893 1.38661177698175 1.19595705579601 1.1636458258464 1.16424300621363 1.16602951363572 1.16900198692205 1.1731570647436 1.17849138563337 1.22757862531977 1.33619503907431 1.44468757130439 1.55305656893787 1.66130237891666 1.76942534819697 1.87706973584252 1.89601082826793 1.91439479824844 1.9322232548303 1.94949780712424
3.77294239404333 3.81527727768424 3.85807540166144 3.88448508919147 3.8965187540329 3.90825488953211 3.91969429768837 3.93083778053545 3.94168614014172 3.94635574135334 3.90961521645524 3.87229582695516 3.83439915558264 3.79592678513456 3.75688029847505 3.71726127853553 3.57251781547936 3.38444943463721 3.19580154204393 3.00657575228576 2.81677368001791 2.62639693996206 2.43234372099043 2.23108614897204 2.03050600915951 1.83060142825381 1.63137053287851 1.4328114495778 1.23492230481887 1.19916778370304 1.18677926844011 1.17557970595212 1.16556573586078 1.15673399764972 1.14908113066457 1.19654895740644 1.30650196447083 1.41633112839363 1.5260367960192 1.63561931420592 1.74507902982569 1.85025513150863 1.87541094696568 1.9000098151273 1.92405334465068 1.94754314425727
3.78078001192474 3.81831445170976 3.85631198597712 3.88107462403454 3.89620783658871 3.91104361347577 3.92558275650138 3.9398260675057 3.95377434836348 3.95980086916166 3.92917869558326 3.89797784010033 3.86619988505981 3.8338464128765 3.80091900603231 3.76741924707658 3.62183687974011 3.44001436731178 3.25761252685862 3.07463297257778 2.89107731873271 2.7069471796561 2.51402696139215 2.30553728986933 2.09772483874051 1.89058773515779 1.68412410619746 1.47833207885645 1.27320978005448 1.2334749439644 1.20810301311273 1.18391966090991 1.16092152778977 1.13910525404807 1.11846747984307 1.16564273650871 1.27693210249551 1.38809766370851 1.49913976690737 1.61005875886726 1.72085498637652 1.82400861675109 1.85537806363799 1.88619073830707 1.91644824902629 1.94615220412826
3.7881437704586 3.82087860835733 3.85407639494437 3.8779683957899 3.89620061247552 3.91413548713067 3.93177382136745 3.94911641683244 3.96616407520685 3.97384010598284 3.94933521028279 3.92425181530041 3.89859150300076 3.87235585541611 3.84554645464648 3.81816488285854 3.67175489128233 3.49617715068577 3.32002026571571 3.14328585017875 2.96597551794867 2.78809088296803 2.59502503059238 2.3793045282548 2.1642610345843 1.94989267718644 1.73619758358971 1.52317388124309 1.31081969751892 1.26656769373448 1.22821462660225 1.19104976414655 1.15506974761297 1.12027121810926 1.0866508166056 1.13485992324742 1.24748541384486 1.35998713801981 1.47236544244895 1.58462067382318 1.69675317884741 1.79833001050324 1.8359119975695 1.87293738742336 1.90940778794423 1.94532480707563
3.78786681932183 3.8178985796984 3.84803902018315 3.87268387363565 3.89479058898263 3.91686940294979 3.9382673959115 3.95870873231532 3.97885522464626 3.98847326260423 3.97008457168642 3.95111756403321 3.93157382122795 3.91145492492087 3.89076245682991 3.86949799873949 3.72227165938625 3.55293759439218 3.38302456860028 3.21253419542728 3.0414680883566 2.86982786094052 2.67533814696695 2.45238808209392 2.23011481424926 2.00851647149069 1.7875911817978 1.56733707307234 1.35096953345463 1.29844641995502 1.24711449511765 1.19697040113788 1.1480107800731 1.10023227384272 1.05363152422845 1.10420047825914 1.21816185923081 1.33199951211587 1.44571378350724 1.5593050200123 1.6727735682523 1.77321913177408 1.81701256812033 1.86024958218768 1.90293178146693 1.94506077351301
3.76747851184872 3.79636272023671 3.825355574096 3.84950178301273 3.8718775409006 3.89422540574606 3.91654544730244 3.93883773532571 3.96110233957496 3.97207918059196 3.95888889972657 3.94544269299717 3.93174125345075 3.91778527416375 3.90357544824217 3.88911246882153 3.7452869769468 3.58644337424455 3.42668086996072 3.26600200404839 3.10440931656774 2.94190534768568 2.7473505575498 2.51950852465258 2.29194085924529 2.06464680624701 1.83762561054659 1.61082187058774 1.39461082829214 1.32911150940609 1.26480300470582 1.20168195719818 1.13974500975168 1.07898880509697 1.01940998582727 1.07366436219784 1.18896139938251 1.3041347468007 1.41918475096202 1.53411175838987 1.64891611562187 1.74867579964864 1.79867959472615 1.84812714238677 1.89702004973233 1.9453599239294
3.74697694784401 3.77471380550414 3.8025592740132 3.826346066599 3.84899081992991 3.87160768855327 3.89419674220523 3.91675805062476 3.93929168355444 3.94971879816555 3.93920862564165 3.9284426074604 3.91742143650144 3.90614580567389 3.89461640791646 3.88283393619732 3.74162689410394 3.59260824723629 3.44267098832095 3.29181765669752 3.1400507918129 2.9873729332196 2.79282012278333 2.56206675177062 2.33158766286938 2.10138210118093 1.87144931177561 1.64178853969265 1.4297259796788 1.35447432296577 1.28012274592785 1.20666871170574 1.13410968333578 1.0624431237501 0.991666495776797 1.04809106838989 1.16045256032366 1.27329387469764 1.38661362983556 1.50041044400594 1.6146829354204 1.71379321152011 1.77194583935105 1.82937260733165 1.88607560707727 1.94205693028766
3.72636216334271 3.75295187147114 3.77965015584035 3.8032167159728 3.82613041766495 3.84901624298037 3.87187426163877 3.89470454336232 3.91750715787674 3.92761854232539 3.91978800817961 3.91170170855007 3.9033603361493 3.89476458371924 3.88591514403119 3.87681270988612 3.73890831687078 3.59971290219837 3.45959916489302 3.31856964368129 3.17662687739636 3.03377340497834 2.83801424417117 2.60435004503823 2.37096004267249 2.13784348235818 1.90499960934773 1.67242766886185 1.4635278319364 1.37847174014749 1.29431544519215 1.2110564108237 1.1286921006912 1.04721997833945 0.966637507209652 1.0249620333917 1.13197906902518 1.23947577540328 1.34745077118401 1.4559026749696 1.56483010530564 1.66037765965416 1.72661260366181 1.79212191547461 1.85690768620268 1.92097200704004
3.70563419436487 3.7310769540931 3.75662825546811 3.78011372271631 3.80329632570245 3.82645106063972 3.84957799723075 3.87267720518118 3.89574875419974 3.90577833023361 3.90062696465339 3.89521991373026 3.88955787000943 3.88364152606576 3.87747157450338 3.86558427969808 3.73713094547885 3.60775703991584 3.47746510101587 3.34625766689232 3.21413727576569 3.08110646596259 2.88293300949716 2.6463584920742 2.41005808611 2.17403103707046 1.93827659038999 1.70279399147144 1.49641155585377 1.40155274883664 1.30759345592774 1.21453114149264 1.12236326979293 1.03108730498603 0.940700711125475 1.00133894094238 1.10301245850085 1.20516549517073 1.30779666994398 1.41090460175651 1.51448790948777 1.60770031667971 1.68201615842168 1.75560659553089 1.8284737186123 1.90061961835486
3.68479307691507 3.70908908931007 3.73349360877218 3.75703707841519 3.78048853564349 3.80391213314707 3.82730794061218 3.85067602772743 3.87401646418453 3.88419807908706 3.88172541241072 3.87899714049946 3.87601395573128 3.87277655051388 3.8692856172844 3.85492831771676 3.73629448028499 3.61674036129924 3.49626849815347 3.37488142834849 3.25258168949195 3.12937181929755 2.92757650650791 2.68809218046154 2.44888188060078 2.20994485257256 1.97128034199355 1.73288759444834 1.5283774438328 1.42371764088247 1.31995706943076 1.21709319445568 1.11512348083113 1.01404539332679 0.913856396608572 0.977221948344717 1.07355288575186 1.17036319069943 1.2676514825134 1.36541638046325 1.46365650376251 1.55576094742998 1.63815626892032 1.71982641324645 1.80077347050881 1.88099953089055
3.66383884698309 3.68698831304735 3.71024625161311 3.73398677465859 3.75770703909205 3.78139945212198 3.80506408341734 3.82870100265026 3.85231027949594 3.862877706117 3.86308326883382 3.86303330639064 3.86272851099875 3.86216957489847 3.86135719035993 3.84521468427589 3.73639862177166 3.6266625673842 3.51600905789499 3.40444063019237 3.29195982127132 3.1785691682333 2.97194482291243 2.72955119774641 2.48743151352642 2.24558501608244 2.00401095121227 1.76270856468302 1.55942578815321 1.44496670801155 1.33140657687517 1.21874286033421 1.10697302387442 0.996094532877591 0.886104852621907 0.952611212835674 1.04360050771323 1.13506901862338 1.2270153652246 1.31943816712024 1.41233604385806 1.50455931683685 1.59503270054556 1.68478113446568 1.77380670819202 1.86211151140362
