cenop/data/DanTysk/sediment.asc
NCOLS 400 
NROWS 400 
XLLCORNER 4061336 
YLLCORNER 3483818 
CELLSIZE 400 
NODATA_value -9999 
[rows 80 to 99 of 400, columns 0 to 45 of 400]
3.19577525277075 3.19558340119773 3.19714844623983 3.20218589089562 3.20705032523408 3.2117421509521 3.21626176976716 3.22060958341829 3.22483088694098 3.23190255935382 3.23876218597908 3.24541026502686 3.2518472947334 3.25807377336016 3.26409019919514 3.26253116356036 3.2576563663211 3.2528149716321 3.24800690857893 3.24323210624267 3.23849049370113 3.229569682372 3.21352407939469 3.19773556858696 3.18220354667364 3.16692741034925 3.15190655627715 3.13696950115128 3.11834903301831 3.09998023739938 3.08186251511986 3.06399526697486 3.04637789372923 3.02900979611785 3.0140119224422 3.00010471349031 2.98645596925311 2.97306506370317 2.95993137078188 2.94705426439944 2.9392896712214 2.93917591860408 2.9392473993168 2.93950365749325 2.93994423724439 2.94056868265897
3.20713308156454 3.20822349120832 3.21164440440788 3.21861281355469 3.22553372902641 3.23240726155688 3.2385639243898 3.24444053876851 3.25039604887343 3.25936331843687 3.26811861084904 3.27666242419779 3.28499525659694 3.29311760618614 3.3010299711303 3.29913163568675 3.29398713806843 3.28887603297254 3.28379824950143 3.27875371675404 3.27374236382558 3.2630401855102 3.24469995054952 3.22661672577029 3.20878990804536 3.19121889421762 3.17390308109853 3.15644187529907 3.13554272346217 3.11489516361912 3.09449859674238 3.0743524237743 3.05445604562697 3.03480886318247 3.01761739909179 3.00132950883548 2.98530000026964 2.9695282475207 2.95401362468389 2.93875550582333 2.92957883827053 2.92773135302645 2.92606904135837 2.92459144751182 2.92329811571006 2.92218859015378
3.21279528712965 3.21429845413331 3.21848508678709 3.2258747209299 3.23321687678211 3.24051166505053 3.24775919644757 3.25495958169156 3.26258485803839 3.27330478843312 3.28396352034827 3.29456119800033 3.30509796561316 3.3155739674181 3.32598934765398 3.32503352800344 3.32126966875976 3.31744701423698 3.31356570532014 3.3096258829018 3.30562768788148 3.29414324578389 3.27463074413367 3.25520674516086 3.23511649062766 3.21525100939448 3.19564064736042 3.17565756116489 3.15248013287277 3.12955421608775 3.10687921192956 3.08445452148766 3.06227954582136 3.04035368595978 3.02095773481148 3.00228958888013 2.98387974164973 2.96572756740051 2.94783244038145 2.93019373481053 2.91967680070352 2.91609589291244 2.91270009896812 2.90948896322838 2.90646203002823 2.90361884368051
3.21850600958181 3.22042186026972 3.22537511502827 3.2331858989916 3.24094922004254 3.24866518886062 3.2563339161312 3.2639555125454 3.27223566759591 3.28350412670802 3.29471140717824 3.30585765318755 3.31694300892457 3.32796761858516 3.33893162637277 3.33770798891543 3.33448040221339 3.33119403937494 3.32784904125053 3.32444554869807 3.32098370258261 3.30844449275841 3.28814483840362 3.26793365857859 3.24781074630328 3.22777589458696 3.20782889642841 3.18714472351272 3.16343490010679 3.13979202716757 3.11621594625926 3.0927064989381 3.06926352675222 3.04588687124187 3.02482711720682 3.00416359955433 2.98360538242894 2.96315221158205 2.94280383275242 2.92255999166613 2.91029520639211 2.90446762408542 2.89914063385222 2.89419626624783 2.88943604170285 2.88485950464217
3.22426523322704 3.22659369394759 3.2323144731687 3.24054633180159 3.24873074289385 3.25686781709778 3.26495766507165 3.27300039747945 3.28195012505879 3.29376701498368 3.305522746096 3.31721746254141 3.32885130847312 3.34042442805162 3.35193696544506 3.35044401802724 3.34775260807334 3.34500244111762 3.34219365797604 3.33932639947186 3.33640080643549 3.32265625119741 3.30156958470218 3.28057136460097 3.25966138396439 3.23883943585254 3.21810531331499 3.19646294028554 3.17215103295467 3.14790605477916 3.12372784736208 3.09961625229848 3.07557111117547 3.05159226557217 3.02972798604532 3.00809781685157 2.98657291445565 2.9651530246715 2.94383789330026 2.92262726613046 2.90911331207273 2.90060625043748 2.89238653479299 2.88445346093947 2.87680632464248 2.8694444216329
3.23007294237811 3.23281393950356 3.23930314525256 3.24795600342849 3.25656142942902 3.26511953387941 3.27363042741078 3.2820942206599 3.29172820983831 3.3040934327032 3.31639751657652 3.32864060556869 3.3408228437974 3.35294437538799 3.36500534447307 3.36324159542574 3.36108626645754 3.35887219961399 3.35659953567671 3.35426841543439 3.35187897968278 3.3367785500795 3.31490501196235 3.29311989211508 3.27142298365907 3.24981407970521 3.228292973354 3.2057133930684 3.18079950931585 3.15595253341614 3.13117230701118 3.10645867173498 3.08181146921346 3.0572305410647 3.03452126443646 3.01192461640899 2.98943320146425 2.96704676547848 2.94476505431535 2.92258781382578 2.90763602360471 2.8964499616642 2.88555115333688 2.87493889459611 2.86461248138034 2.85457120959363
3.23592912135434 3.23908258128089 3.24634111533078 3.25541489794756 3.2644412637478 3.27342032332965 3.28235218729704 3.2912369662598 3.30156990135457 3.31448335931841 3.3273356981035 3.34012706178479 3.35285759444481 3.36552744017332 3.3776611854237 3.37610070120613 3.37448135749222 3.37280329502163 3.37106665454134 3.36927157680546 3.36741820257528 3.35081141837074 3.32815114910444 3.30557926999565 3.28309557421644 3.26069985492861 3.23839190528314 3.21489610380495 3.18938035109885 3.16393148495202 3.13854934704519 3.11323377905119 3.08798462263483 3.06287539485351 3.03920698721338 3.01564403300358 2.99218627817543 2.9688334686676 2.94558535040607 2.92244166930424 2.90586343661305 2.89199885323471 2.87842143113065 2.86513046644704 2.85212525529551 2.83940509375292
3.24183375448193 3.24539960362969 3.25342836746112 3.26292299944097 3.27237022995674 3.28177016957942 3.29112292888589 3.3004286184588 3.3114751790364 3.32493677429005 3.33833727016943 3.3516768107141 3.36495553997134 3.37817360199548 3.39004592928076 3.38902131547217 3.38793786131228 3.38679570750638 3.38559499476685 3.38433586381319 3.38301845537239 3.3647548850249 3.34130802503671 3.31794952710517 3.2946791844534 3.27149679029363 3.24840213782786 3.22401109442918 3.19789358020293 3.17184293125112 3.14585898929344 3.1199415960415 3.09409059319896 3.06841969667232 3.04378518919442 3.01925610139752 2.99483217929523 2.97051316888863 2.94629881616607 2.9221888671033 2.90379564668205 2.8872530205775 2.87099746344683 2.85502827160919 2.83934474134896 2.82394616891606
3.24778682609355 3.25176499090649 3.26056488570807 3.27048029199764 3.2803483121691 3.29016905676638 3.29994263633931 3.3096691614434 3.32144402232141 3.33545365708747 3.34940221227533 3.36328983188946 3.37711665994161 3.39088284045108 3.40249225739678 3.40200341833598 3.40145575806104 3.40084941724271 3.40018453655877 3.39946125669441 3.39867971834165 3.37860897898376 3.35437566865498 3.33023069229398 3.30617384317444 3.28220491455935 3.25832369970138 3.23305838686617 3.206339218518 3.17968689416844 3.15310125557597 3.12658214449097 3.10012940265602 3.07385633997374 3.0482559051831 3.02276085633815 2.99737093951487 2.97208590077665 2.94690548617422 2.92182944174565 2.90143274935532 2.88221255908045 2.86327934551759 2.84463240515876 2.82627103446128 2.8081945298477
3.25378832052864 3.2581787274746 3.2677506541429 3.27808675971317 3.28837549450488 3.298616969035 3.30881129382617 3.31895857940678 3.33147641065607 3.34603398718875 3.36053050393122 3.37496610485254 3.38934093392919 3.40365513514518 3.41500014986126 3.41504698991825 3.41503502789023 3.41496440441333 3.41483526013104 3.41464773569382 3.41440197175945 3.39237372917638 3.36735410884294 3.3424227944 3.31757957917186 3.29282425647234 3.26815661960478 3.24203800303125 3.21471728792469 3.18746339554968 3.16027616770353 3.13315544617548 3.10610107274686 3.07918535960258 3.05261916996808 3.02615833255804 2.99980259351078 2.97355169895199 2.94740539499471 2.92136342773936 2.8987748401358 2.87687756409079 2.85526717253449 2.83394296213171 2.8129042295124 2.79215027127205
3.25983822213327 3.26464079770407 3.27498565684378 3.28574238669 3.29645176109093 3.30711389053639 3.31772888552187 3.32829685654885 3.34157232349534 3.3566777440808 3.37172212465563 3.38670560915368 3.40162834151616 3.41649046569176 3.42756958677237 3.42815201034812 3.42867565096001 3.42914064920966 3.42954714570603 3.42989528106514 3.43018519591009 3.40604916451964 3.38024337447183 3.35452586224889 3.32889642122577 3.30335484476706 3.27790092622674 3.25094996483076 3.2230278102943 3.19517245723124 3.16738374747761 3.13966152286159 3.11200562520318 3.08440679038884 3.0568750183233 3.02944856477503 3.00212717594468 2.97491059802023 2.94779857717702 2.92079085957777 2.89582201448579 2.87124813091521 2.84696103964858 2.82296003752333 2.79924442134217 2.77581348787338
3.26593651526016 3.27115118597138 3.28226987789539 3.29344715703735 3.30457709606079 3.31565980542846 3.32669539560885 3.33768397707622 3.35173174030316 3.36738490725916 3.3829770539759 3.3985083243519 3.41397886229324 3.42938881171325 3.44020054823657 3.44131845976318 3.44237760743908 3.44337813183131 3.44432017351443 3.44520387306991 3.44602937108653 3.41963531391837 3.3930434944007 3.36653992465408 3.34012439810407 3.31379670816576 3.28755664824399 3.25979429416164 3.23127080748885 3.20281410104023 3.1744240166905 3.14610039630655 3.11784308174733 3.08952066714764 3.0610234850078 3.03263158769213 3.00434472146352 2.97616263257224 2.94808506725591 2.92011178394697 2.89257436782694 2.86532435481986 2.8383610419704 2.81168372628864 2.78529170474988 2.75918427429516
3.2707792318846 3.27710452438791 3.2892928160631 3.30120105487121 3.31275148355476 3.32425469787586 3.33571080827597 3.3471199252023 3.36195464055199 3.37815545622814 3.39429527142808 3.41037423001519 3.42639247586012 3.44235015284102 3.45289301436887 3.45454631830952 3.45614087750446 3.45767683248646 3.45915432379548 3.46057349197865 3.46059834329488 3.43313220626466 3.40575449747633 3.37846501041672 3.35126353856216 3.32414987537841 3.29712381432084 3.26857101291138 3.23944630136108 3.21038834879443 3.18139699712504 3.1524720882585 3.12361346409248 3.09452702467942 3.06506460476593 3.03570743599756 3.00645526469949 2.97730783718418 2.9482648997515 2.91924497088293 2.88903199554032 2.85910633103028 2.82946727456999 2.80011412334216 2.77104617449463 2.74226272514095
3.26791432718334 3.27430689064529 3.28654414596405 3.29877549730361 3.31100095761874 3.32322053986499 3.33543425699848 3.34764212197604 3.3632890324573 3.38004145995629 3.3968604759616 3.41374592502237 3.43069765167971 3.44771550046668 3.45864935801951 3.46164290160959 3.46468725089028 3.46778228513094 3.47092788359478 3.4741239255389 3.47426647667906 3.44653987043871 3.41837641253319 3.3903011483259 3.3623138713436 3.3344143751029 3.30660245310958 3.27728014295834 3.24755431375443 3.21789522230256 3.18830271055497 3.15877662045617 3.12931679394258 3.09942589776965 3.06899841232719 3.03867614436491 3.00845884027009 2.97834624641747 2.94833810916913 2.91808304979197 2.88519499296641 2.85259415473153 2.82027983247705 2.78825132355796 2.75650792529493 2.72504893497383
3.26501108846844 3.27151497357346 3.28380118384666 3.29608149196703 3.30835591088626 3.32062445355665 3.3328871329312 3.34514396196361 3.36056866298081 3.3767281977461 3.39295429957882 3.40924681306625 3.4256055827876 3.44203045331405 3.45162659540274 3.45416006765881 3.45674432916301 3.45937925921436 3.46206473710558 3.46480064212341 3.46293591185571 3.43659450726494 3.41019174951926 3.38372778180738 3.35720274732528 3.33061678927626 3.30397005087093 3.27565377317539 3.246933041487 3.21814176551166 3.1892801129317 3.1603482514379 3.13134634872946 3.10165497064057 3.07123040024379 3.04069018486019 3.01003460390614 2.97926393681186 2.9483784630215 2.91662611612937 2.88106345540512 2.84578792106819 2.81079881068067 2.77609542177 2.74167705182929 2.70754299831687
3.26206952812613 3.26872877132044 3.28106392786172 3.29339318407587 3.30571655291133 3.31803404731728 3.33034568024357 3.34265146464073 3.35777952992044 3.37334627771546 3.38897957114798 3.40467925484338 3.42044517341894 3.43627717148404 3.44455100017074 3.44662448315379 3.44874873894942 3.4509236468861 3.45314908628632 3.45542493646629 3.45166757619526 3.4258726220183 3.40001633418949 3.37409885586239 3.34812033019783 3.32208090036397 3.29598070953627 3.26818450160608 3.24010353625468 3.21195204914666 3.18373020792316 3.15543818023382 3.12707613373669 3.09819073397634 3.06883151623631 3.03935669059681 3.00976653640554 2.98006133302417 2.95024135982827 2.91933661259254 2.8848445033414 2.85018192129838 2.81534928417487 2.78034700970306 2.7451755156354 2.7098352197451
3.25908965853739 3.26594828203495 3.27833237616085 3.29071057178449 3.30308288185117 3.31544931930694 3.32780989709846 3.34016462817311 3.35492165549662 3.36989572205043 3.38493631282078 3.40004327247108 3.41521644565679 3.43045567702525 3.43742258939498 3.43903616513937 3.44070049726759 3.44241546513776 3.44418094810187 3.44599682550574 3.4404614495745 3.41521284825786 3.38990293278425 3.36453184627205 3.33909973184716 3.31360673264247 3.28805299179832 3.26078723864857 3.23334592539204 3.20583411289981 3.17825196877193 3.15059966061683 3.12287735605142 3.09484520371541 3.06655114839794 3.03814152225283 3.00961660455922 2.98097667461023 2.95222201171282 2.92228547285443 2.88938561508144 2.85631533932809 2.8230750632033 2.78966520433651 2.75608618037781 2.7223384089977
3.25607149207792 3.2631735038666 3.27560652689643 3.28803365324812 3.30045489586386 3.3128702676865 3.32527978165954 3.33768345072724 3.35199506192024 3.36637655292767 3.38082454673956 3.39533888805746 3.40991942157481 3.42456599197714 3.43024138013961 3.43139513065305 3.43259962112844 3.43385473095355 3.43516033950981 3.43651632617271 3.42931751187907 3.40461516590074 3.37985152525226 3.35502673301692 3.33014093228546 3.30519426615563 3.28018687773275 3.25346196102158 3.22666018565491 3.19978793356409 3.17284537230801 3.14583266945404 3.11874999257791 3.0916183414798 3.06438925841247 3.03704464157385 3.0095847701746 2.98200992343925 2.95432038060623 2.92540996195584 2.89410207133733 2.8626238175271 2.83097561803152 2.79915789037769 2.7671710521129 2.73501552080541
3.25301504111816 3.2604044349657 3.27288637822161 3.28536242662276 3.29783259310817 3.31029689061753 3.32275533209125 3.33527738692509 3.34899977139282 3.36278879251431 3.37664429503716 3.390566123701 3.40455412323727 3.41860813836957 3.42300738946154 3.4237013967252 3.42444612753576 3.42524146131053 3.42608727746064 3.42698345539103 3.41823574300294 3.39407955487275 3.36986209155099 3.34558349608608 3.32124391153343 3.29684348095589 3.27230037536712 3.24620864545373 3.22004629380898 3.19381348794225 3.16751039537135 3.14113718362248 3.11469402023029 3.08851010890777 3.06234580797996 3.03606601032176 3.00967099507534 2.98316104139671 2.95653642845579 2.92871002312125 2.89899381542593 2.86910729930463 2.83905089216137 2.80882501142057 2.77843007452732 2.74956210625833
3.2499203180233 3.25764107348339 3.27017192829032 3.28269689006512 3.29521597174366 3.30772918626248 3.32023654655883 3.33280576446616 3.34593580610638 3.35913246296816 3.37239557983713 3.38572500149091 3.39912057269907 3.41258213822321 3.41572063441055 3.41595498037883 3.4162400334859 3.41657567317857 3.41696177889753 3.41739823007724 3.40721612284875 3.38360599510802 3.35993461164635 3.33620211547695 3.31240864962032 3.28855435710412 3.26447971153965 3.23902726868346 3.2135042266298 3.18791075284697 3.16224701481165 3.13651318000899 3.11070941593248 3.08552046765394 3.06042075881676 3.03520559027467 3.00987524110133 2.98442999038432 2.95887011722502 2.93218559959935 2.90406079068829 2.87576572809417 2.84730082911851 2.81866651108348 2.78986319133149 2.76370964818514
