cenop/data/DanTysk/sediment.asc
NCOLS 400 
NROWS 400 
XLLCORNER 4061336 
YLLCORNER 3483818 
CELLSIZE 400 
NODATA_value -9999 
[rows 60 to 79 of 400, columns 0 to 45 of 400]
3.04115779859947 3.03089511405606 3.02062201129607 3.00905495530676 2.99116633088447 2.97318608341543 2.95511442467144 2.93695156643541 2.91869772050141 2.90035309867456 2.88471223562844 2.86948931100339 2.85421906972852 2.83890162372907 2.82353708493616 2.80812556528661 2.80655653545367 2.81674973644887 2.8270602806081 2.83748789372997 2.84803230159897 2.85869322998543 2.86999067079172 2.88311146100586 2.89629634145223 2.90954516060572 2.92285776693344 2.93623400889479 2.94967373494143 2.95725084690376 2.96459460284616 2.97186097014392 2.9790501307127 2.9861622664776 2.99319755937313 3.00055593989099 3.00809910601593 3.01556710737175 3.0229601231823 3.03027833268063 3.03752191510862 3.04663525339448 3.0602963681145 3.0738042314376 3.08715921698838 3.10036169840988
3.04296025127808 3.03279031749532 3.02260996889942 3.01085750796042 2.99377380563607 2.97659850984095 2.9593318322947 2.94197398472813 2.9245251788832 2.90698562651287 2.89199066752521 2.87719329383364 2.86234861889729 2.84745675461394 2.83251781288709 2.81753190562602 2.81697128234572 2.82612294941299 2.83539192201843 2.84477792602812 2.85428068729407 2.86389993165414 2.8744181346832 2.88696317537691 2.89957228571739 2.91224531421683 2.9249821093797 2.9377825197027 2.95064639367484 2.95681871746638 2.96284511506777 2.96890577927515 2.97500062768634 2.98112957789497 2.98729254749056 2.99404371179209 3.00108710935322 3.00813353712295 3.01518298740464 3.02223545250124 3.02929092471534 3.0388329208539 3.05301433802222 3.06720034334737 3.08139092524615 3.09558607213484
3.04477365636427 3.03469645670807 3.02460884564075 3.01275453397942 2.99647560960545 2.98010512132426 2.96364328080343 2.94709029972165 2.93044638976876 2.9137117626457 2.89931850801123 2.88494660900062 2.87052742414389 2.85606106531123 2.84154764437862 2.8269872732278 2.8272662739705 2.83537659370052 2.84360418135858 2.85194876287817 2.86041006417886 2.86898781116597 2.87878001632972 2.89074941070074 2.90278285414165 2.914880195202 2.92704128242351 2.93926596434024 2.95135327783447 2.9570322822055 2.9627456245137 2.96849322238133 2.97427499342652 2.98009085526322 2.98594072550124 2.99262937578834 2.99964331584643 3.00666028510116 3.0136802758578 3.02070328042121 3.02772929109589 3.03762777568796 3.05176474128807 3.06590629352689 3.08005242082413 3.09420311159891
3.04659801030959 3.0366135281513 3.02661863798249 3.01474600273116 2.99927171220691 2.98370588732662 2.96804873970582 2.9523004809711 2.93646132276025 2.92059485933697 2.90669574107037 2.89274924051309 2.87875546950186 2.86471453987933 2.85062656349396 2.83649165219988 2.83744154917965 2.84451070810234 2.85169709735859 2.85900044294944 2.86642047086184 2.87395690706862 2.88307633700776 2.89447018822018 2.90592806793425 2.91744982473679 2.92903530720684 2.94068436391575 2.95184458009115 2.95721059635052 2.96261093948484 2.96804552713668 2.97351427694445 2.97901710654239 2.9845539335606 2.99121174369811 2.99819623155602 3.00518374759907 3.01217428413439 3.01916783346876 3.02616438790858 3.03641769796455 3.05051022001195 3.06460732718057 3.07870900789304 3.0928152505713
3.04843330956714 3.03854152828349 3.02863934238851 3.01683188359608 3.00216208286779 2.98740077732226 2.97254817852297 2.95760449804453 2.94256994747256 2.92759616212269 2.9141223506933 2.90060117238648 2.88703273901143 2.87341716238328 2.85975455432295 2.84604502665706 2.84749714680823 2.85352533139272 2.85967070873206 2.86593300489469 2.87231194593501 2.87880725789334 2.88730711798467 2.898125529169 2.90900794829534 2.91995422398776 2.93096420486262 2.94203773952852 2.95230058709191 2.95735367133604 2.96244107139753 2.96756270493924 2.97271848961986 2.97790834309391 2.98313218301181 2.98979081658851 2.99674585754739 3.00370392568031 3.01066501329631 3.01762911270408 3.02459621621189 3.03520268928098 3.04925077578852 3.0633034459005 3.07736068804234 3.09142249063887
3.05027955059149 3.04048045356465 3.03067095532422 3.01901214596772 3.00514669102848 2.99118976079844 2.97714156678909 2.96300232052296 2.94877223353366 2.93464690164122 2.92159832087749 2.90850238864308 2.89535921671975 2.88216891689503 2.86893160096243 2.85564738072095 2.8574331056748 2.86242050232949 2.86752505417599 2.87274648735027 2.87808452797399 2.8835389021549 2.89147238051881 2.90171545477194 2.91202251641604 2.92239341411244 2.93282799651475 2.94332611226888 2.95272131028477 2.95746151859179 2.96223603166321 2.96704476718217 2.97188764282763 2.97676457627441 2.98167548519318 2.98836659552616 2.99529219488545 3.00222082040809 3.00915246440504 3.01608711918689 3.02302477706384 3.03398275123386 3.04798641021184 3.06199465127807 3.07600746286081 3.09002483338784
3.05213672983873 3.04243030045628 3.03271347325652 3.02128675925263 3.00822550614236 2.99507280725546 2.98182887405131 2.96849391800044 2.95506815058451 2.94174706187211 2.92912363562727 2.91645287331204 2.90373488668069 2.89096978749336 2.8781576875158 2.86529869851974 2.86724946458119 2.87119625965386 2.87526017237101 2.87944092893598 2.88373825553789 2.88815187835175 2.89557214585935 2.90523998624466 2.91497179347845 2.92476741625933 2.93462670327816 2.94454950321812 2.95310676111286 2.95753414954262 2.96199583168846 2.96649172525378 2.9710217479378 2.97558581743563 2.98018385143817 2.98693908157727 2.99383524463464 3.00073443284513 3.00763663852159 3.0145418539765 3.02145007152197 3.03275788541916 3.04671712487523 3.06068094490399 3.0746493339366 3.08862228040366
3.05400484376652 3.0443910654214 3.03476689265387 3.02365569287041 3.01139849767595 2.99904988620657 2.98661006986973 2.97407926008394 2.96145766827886 2.94889662680182 2.93669827895381 2.92445261042929 2.91215973295504 2.89981975826364 2.88743279809346 2.87499896418865 2.87694626231291 2.87985264209054 2.88287610198115 2.88601636825522 2.88927316716932 2.89264622496585 2.89960643524651 2.90869914479374 2.9178558006556 2.9270762515679 2.93636034625877 2.94570793344859 2.9534569510144 2.95757157560852 2.96172048287502 2.96590359053753 2.97012081631556 2.97437207792446 2.97865729307543 2.98550827580755 2.99237500785899 2.99924476405372 3.00611753670651 3.01299331813173 3.01987210064338 3.03152809343212 3.04544292137135 3.05936232836835 3.07328630285716 3.08721483327123
3.05588388883395 3.04636274492451 3.03683120998615 3.02611891625369 3.01466563510864 3.00312096717807 2.99148512381749 2.97975831639344 2.96794075628356 2.95609558042342 2.94432223487503 2.93250158403754 2.92063373961023 2.90871881329827 2.89675691681246 2.88477470317457 2.88652353763873 2.88838968834787 2.89037288165397 2.89247284389493 2.8946893013946 2.89702198046277 2.90357526991142 2.91209295161682 2.92067455911153 2.92931994116862 2.93802894655344 2.94680142402361 2.95377189142277 2.9575738082046 2.96140999661971 2.965280374412 2.96918485932123 2.973123369083 2.9772399037594 2.9840741792823 2.99091148562205 2.9977518150957 3.00459516001991 3.01144151271096 3.01829086548475 3.03029337686735 3.04416380129217 3.0580388032605 3.07191837120922 3.08580249357467
3.05777386150167 3.04834533543168 3.03890642172481 3.02867639884817 3.01802688793291 3.00728601970924 2.99645400548065 2.98553105656182 2.97451738427834 2.96334390673705 2.95199548741577 2.94059977818635 2.92915689072066 2.91766693669626 2.90613002779663 2.89527250018217 2.89598132931113 2.89680743711749 2.89775055002053 2.89881039442551 2.89998669672352 2.90127918329168 2.90747867107616 2.91542142790239 2.92342809000123 2.93149850618295 2.93963252525011 2.94782999599754 2.95405159376646 2.9575408587411 2.96106438431454 2.96462208825094 2.9682138883103 2.97183970224846 2.97583193695173 2.98263679306632 2.98944467898691 2.99625558703242 3.00306950952142 3.0098864387721 3.01670636710226 3.02905373731873 3.042879766229 3.05671037116914 3.07054554057889 3.08438526289746
3.06438015366603 3.05476308296033 3.04503910974387 3.03487557085202 3.02443863875178 3.01382853866683 3.00304567330279 2.99209044538608 2.98118752195582 2.97064158974947 2.95971802060757 2.94874717693204 2.93772917036735 2.92666411256356 2.91555211517661 2.90565066618255 2.90531967606586 2.90510592707464 2.9050091456955 2.90502905840103 2.90516539164951 2.90541787188535 2.91131665995375 2.91868459482998 2.92611641447068 2.93361196772333 2.94117110342768 2.94879367041576 2.95429606946908 2.95747273862339 2.96068365734665 2.96392874342324 2.96720791463341 2.97052108875324 2.97442067622733 2.98119611822399 2.98797458901621 2.99475608092482 3.00154058627027 3.00832809737266 3.01511860655166 3.02780917637949 3.04159081777244 3.05537703368227 3.06916781255159 3.08296314282243
3.07702034224059 3.06834655170995 3.05956589332122 3.05079977888867 3.04189421452881 3.03281553822615 3.02356415258729 3.01414046023972 3.00454486383218 2.99465567882383 2.98443906052009 2.97401027672002 2.9633698267624 2.95251821001177 2.94145592585864 2.93173053421502 2.92928521035921 2.92687337949271 2.92449497054369 2.92214991243654 2.91983813409218 2.91755956442776 2.9212003468199 2.92608273513149 2.9312223504362 2.93661858809284 2.94264470215609 2.94969246831467 2.95450532994937 2.95736945925198 2.9602678270983 2.96320035129295 2.96616694963638 2.96916753992492 2.97300612265183 2.97975215581923 2.98650121677215 2.99325329783336 3.00000839132519 3.00676648956963 3.01352758488826 3.02655969564217 3.04029695751245 3.05403879238724 3.06778518871203 3.08153613493169
3.0897715869422 3.08204090793793 3.07420339571352 3.06690343600717 3.05952896557347 3.05198143921541 3.0442612594405 3.03636882877738 3.02830454977596 3.02013559250303 3.01181769187884 3.00328769453102 2.99454609967578 2.98559340655466 2.97643011443571 2.9686104034386 2.96589494502115 2.96321296952762 2.9605644059035 2.95794918309098 2.95536723002851 2.95281847565031 2.9547254114853 2.95730938954633 2.96015051245296 2.9632481757118 2.96660177479883 2.97021070515984 2.97156342173922 2.97143941799099 2.97156713177614 2.97194596271021 2.97257531037837 2.97345457433557 2.97561272108426 2.9807663018653 2.98617901280526 2.99185022664388 2.99777931608956 3.00396565381939 3.01040861247923 3.02385281439283 3.03780581004808 3.05194406120302 3.06626711107059 3.08010424080671
3.1026338518077 3.09584611573584 3.08895158106752 3.08318648408914 3.07734283385641 3.07132618369415 3.0651369360112 3.05877549323711 3.05224225782299 3.04583588531123 3.03941636282608 3.03278481236144 3.02594173301035 3.01888762389193 3.01162298415175 3.00545918816864 3.00247364349452 2.99952157168323 2.99660290169786 2.99371756249786 2.99086548303893 2.98804659227295 2.98798911612314 2.98827509516638 2.98881813694143 2.98961763710346 2.99067299127762 2.99198359505777 2.99081035235189 2.98840432134528 2.98624992723014 2.98434656976956 2.98269364869633 2.98129056371317 2.98134242034784 2.98411190979635 2.9871404461015 2.99042740215734 2.99397215082658 2.99777406494067 3.00190656682884 3.01393763331709 3.02615435211503 3.03855626657072 3.0511429200093 3.06391385573357
3.11560710088941 3.10976213921086 3.10381041354502 3.09964886504099 3.09533576137303 3.09084971374684 3.0861911244727 3.08136039588139 3.07635793032481 3.07175648587861 3.0672350021025 3.06250155906193 3.05755665572751 3.05240079109583 3.04703446418924 3.04227689850759 3.03902131586671 3.03579919603148 3.03261046798274 3.02945506069698 3.02633290314788 3.02326073914255 3.02099154544937 3.01897993657339 3.01722530834951 3.01572705658225 3.01448457704467 3.01349726547928 3.00980033673341 3.0051126868127 3.00067659317501 2.99649145573124 2.99255667436169 2.98887164891665 2.98680629052282 2.98719211537828 2.9878369038229 2.988740028905 2.98990086364156 2.99131878101833 2.99353590182655 3.00383106230058 3.01431181515504 3.02497770385011 3.03582827182346 3.04686306249038
3.12869129825469 3.12378894248519 3.11890006124437 3.11629052079383 3.11350769014321 3.11055197148267 3.10742376702324 3.10412347899699 3.10065150965744 3.09789732286591 3.09527353847936 3.0924378635144 3.08939079681952 3.08613283726839 3.08266448376123 3.07906354455428 3.0755379722206 3.07204585263973 3.06858711480963 3.06516168772461 3.06176950037581 3.05829907259725 3.05373278414341 3.04942399831302 3.04537211108978 3.04157651842626 3.03803661624426 3.03475180043503 3.02853345815759 3.02156459753397 3.01484721261878 3.00838070347019 3.00216447011632 2.99619791255494 2.99200441775743 2.99000700462031 2.98826847183971 2.98678819261813 2.98556554012677 2.98459988750559 2.98497359811416 2.99353316336143 3.00227826108479 3.01120843485668 3.02032322822729 3.02962218472404
3.14188640798649 3.13792648969643 3.13419099021861 3.13311139330372 3.13185856221216 3.13043289903535 3.12883480588551 3.12706468489616 3.1251229382216 3.12425832496433 3.1235319007578 3.12259365463054 3.12144408530831 3.12008369154244 3.11851297211055 3.11581913640352 3.11202362263484 3.1082615515705 3.10453285222555 3.10083745361204 3.09717528473785 3.09307588926666 3.08621291684885 3.07960736489529 3.07325862953792 3.06716610687773 3.06132919298505 3.05574728389976 3.04700979986281 3.03776013661453 3.02876186853382 3.02001439582604 3.0115171186669 3.00326943720174 2.99693688816307 2.99255666349501 2.98843523598559 2.98457197899144 2.98096626583792 2.97761746981917 2.97621971778445 2.98304399849106 2.99005375179457 2.99724852137956 3.00462785090861 3.01219128402137
3.15519239418292 3.15217474499758 3.14966135127632 3.15011142455114 3.15038831964915 3.15049243856321 3.15042418330676 3.15018395591455 3.14977215844243 3.1508394208954 3.1520100177698 3.15296886135235 3.15371645024626 3.15425328308054 3.15457985851039 3.15254368414484 3.1484782771842 3.14444630288283 3.14044769027397 3.13648236838665 3.13255026624632 3.12759127389191 3.11843202817333 3.10953012079384 3.10088494803405 3.09249590614311 3.08436239133977 3.07648379981229 3.06522944505179 3.0536993871245 3.04242064385718 3.03139261560295 3.02061470268491 3.0100863053956 3.0016037878146 2.99484117793833 2.98833728205761 2.98209147368313 2.97610312629438 2.97037161333952 2.96727432290371 2.97236362965471 2.97763834914823 2.98309802518143 2.98874220152893 2.99457042194265
3.16860922095742 3.16653367255666 3.16531108633422 3.16729055654146 3.16909690454855 3.17073053224946 3.17219184155903 3.17348123441355 3.1745991127696 3.17764053941085 3.18070781837727 3.18356341265218 3.18620782071622 3.188641541076 3.19086507226363 3.18923719786449 3.18490194593842 3.18060011663113 3.1763316389932 3.17209644207137 3.16789445490833 3.16184531117777 3.15039020268797 3.13919235044678 3.12825115088245 3.11756600039297 3.10713629534533 3.09696143207592 3.08319247689199 3.06938243209839 3.05582362149083 3.04251544557013 3.02945730480643 3.01664859963998 3.0060052027501 2.9968606338496 2.9879746958163 2.97934676231492 2.97097620697895 2.96286240341067 2.95813747551177 2.9614921187909 2.96503211498343 2.9687570079987 2.97266634172338 2.97675966002192
3.18213685243868 3.18100323655717 3.18114013733345 3.18464873130467 3.18798425902895 3.19114712230161 3.19413772293881 3.196956462778 3.19960374367763 3.20466160929276 3.20962523147277 3.2143772375328 3.21891812583089 3.22324839475131 3.22736854270422 3.22589968764379 3.22129463896348 3.21672300286559 3.21218470841835 3.20767968468526 3.20320786072699 3.19583808579349 3.18208752492883 3.16859413825583 3.15535732235154 3.14237647376213 3.12965098900267 3.11718026455809 3.10089897851528 3.08480935453532 3.06897088430135 3.05338296846125 3.0380450076326 3.02295640240302 3.01014121897102 2.99861511709155 2.98734756298565 2.97633793047202 2.9655855933381 2.95508992534021 2.94880923762204 2.95042952781207 2.95223511111138 2.95422553154137 2.95640033310102 2.95875905976672
