data/CentralBaltic/salinity0000_07.asc
NCOLS 400 
NROWS 400 
XLLCORNER 4750000.0 
YLLCORNER 3200000.0 
CELLSIZE 1000.0 
NODATA_value -9999 
[rows 112 to 139 of 400, columns 248 to 309 of 400]
9.309472 9.362921 9.077618 9.822230 10.016453 9.398729 9.793818 8.776325 8.506989 9.326140 9.489380 7.983372 7.885408 7.815666 9.362844 9.226522 8.865127 8.852379 9.332866 8.776094 8.812227 9.156138 8.398324 9.312449 8.815851 8.880646 9.034707 8.203961 9.075847 8.084964 8.874719 8.096325 8.822499 8.584663 7.176844 8.886203 7.898537 8.285868 8.594325 8.556998 8.711145 8.570545 9.401029 8.258848 8.620604 8.136407 8.027324 7.852548 8.497768 8.349428 6.896124 8.754980 8.531963 8.495983 7.837924 8.810912 8.488631 8.628108 7.474974 7.937632 8.595152 7.526916
9.423855 9.228307 8.948895 9.163866 9.582173 9.685844 8.884138 9.141499 8.729065 9.617795 9.138606 9.640320 9.152785 8.935705 9.013632 8.172708 9.300691 9.491655 8.247790 8.974516 9.075276 8.660507 8.399893 8.835588 8.226599 8.838941 9.387888 8.159132 8.914615 9.316525 8.847062 8.562132 7.966935 8.478823 8.449429 9.349389 9.763204 8.754048 8.958881 8.131140 8.046626 8.476624 8.321339 7.885648 8.765664 8.227103 8.488258 8.078019 8.312855 9.743937 8.305792 7.967736 7.506348 7.818367 7.997907 7.391140 7.840580 8.030410 8.132940 7.628700 7.932742 7.516371
9.689885 8.987581 9.287278 9.927091 8.897598 9.223756 9.263140 9.087795 8.939521 8.973923 8.660453 8.715405 8.950354 9.554828 8.733702 9.429115 8.193940 9.177315 8.732630 9.390733 8.772003 9.210110 8.858563 8.894858 8.136835 8.663071 9.622030 7.798967 9.368523 8.695513 9.223750 7.933600 7.914645 8.163353 9.065153 8.433614 8.666747 9.153108 8.368327 8.854835 7.781307 8.212891 8.384963 9.116772 8.656552 9.371610 8.004814 8.611879 8.516367 7.696720 8.953627 8.471921 8.085581 8.313018 7.915056 8.403971 9.129503 8.129859 8.636504 8.233019 7.675358 8.734320
8.664587 9.622502 8.985979 9.109786 8.616722 9.521250 10.030342 8.633227 9.032058 8.610840 8.236606 9.151250 9.128461 8.037176 9.831089 8.842374 8.356292 8.189652 8.979248 9.192511 8.589420 8.934894 8.123003 9.255958 9.490764 9.561612 9.828570 8.706681 8.938250 8.961653 8.721503 7.689209 7.650593 8.577731 8.436329 9.044862 9.138408 8.687071 8.083562 7.640288 8.737108 8.195504 8.155883 8.731747 8.081263 8.229249 8.263467 8.666432 8.162362 8.531569 8.224868 8.313714 7.944105 9.666197 7.598673 7.821581 7.754075 8.392813 8.622272 8.092282 8.435497 7.706488
9.775066 9.442288 9.003139 9.866129 8.646342 9.310369 9.354093 9.148223 9.228797 8.966786 9.659403 8.801414 9.192783 8.625714 8.822009 8.488141 8.971733 8.186953 8.596881 9.004619 7.964108 8.058543 8.739936 8.346560 8.303219 9.454265 9.058497 8.391991 7.638044 8.926128 9.529638 8.486590 8.706125 7.900950 8.010937 8.220801 7.501087 7.603070 8.785742 8.437188 8.335945 8.037365 9.177998 7.940716 8.147705 8.621887 8.051129 8.524485 7.990633 8.649714 8.728227 7.887561 8.487189 7.732803 8.269496 8.804121 8.746968 9.353700 7.980827 7.937823 8.898069 7.806239
9.491902 9.139863 8.379839 8.296647 8.238617 9.261289 9.708692 8.930823 8.522909 9.927829 8.938935 9.190587 9.428644 9.096707 8.861683 9.274653 8.661565 8.783846 9.693181 8.622581 8.237330 8.213647 8.835354 8.528373 7.935292 8.450416 8.849482 8.228157 8.497635 8.764210 8.527898 8.940351 9.405896 7.289044 9.014806 8.802442 8.035692 8.659222 8.760947 7.781079 8.184915 9.309772 8.557108 8.847132 8.265708 8.385527 8.781058 8.554086 8.472988 8.092385 8.107026 8.184228 7.619141 7.483220 7.550919 8.194440 8.475673 8.268034 7.903916 8.012380 6.891007 8.445038
9.993354 9.046319 8.251920 9.142935 8.392679 8.933560 8.772701 9.986611 9.035769 8.508188 8.954420 8.758536 8.708254 9.391457 9.249391 9.218221 8.419566 9.112511 7.772133 8.297197 9.394098 9.107374 9.449531 8.101488 8.942996 9.123355 8.493783 8.450332 9.532817 8.130007 8.612302 8.930385 7.829179 8.494102 8.607255 8.369041 9.139711 8.559563 7.746346 8.751686 8.054455 8.435060 8.929901 7.357891 8.276649 7.477368 8.761365 8.757196 8.489852 8.125777 8.273123 8.387395 8.375783 7.284449 9.185518 7.210273 7.779661 6.979237 7.947453 8.378985 8.659345 7.887321
8.771412 9.378902 9.227953 8.562161 8.346823 9.550829 9.198905 9.696891 8.922178 9.573570 9.297336 9.214736 9.145495 8.336782 8.840374 8.569200 8.527802 8.545489 8.689572 7.570371 8.885648 8.926074 9.007428 8.716753 8.515933 8.282495 8.414461 7.878802 9.335679 8.295912 8.977223 8.109427 8.547305 8.454010 9.393912 8.092391 8.834343 9.258629 8.910732 8.272750 8.380848 7.934352 8.109639 8.818083 8.744468 8.319182 8.330947 8.847597 8.268428 8.018566 8.416545 7.534692 7.718772 8.670919 8.177589 8.639668 8.231454 8.197123 8.460751 8.673575 8.564541 7.407200
8.877428 9.566541 9.493706 8.121584 9.056978 9.338957 9.047938 8.154654 8.563691 8.840437 8.881741 10.199378 8.196546 9.444674 8.144641 8.944515 9.216411 9.146375 8.699492 9.513540 8.451531 8.972729 9.291469 8.144245 8.757511 8.310439 8.866674 8.479958 9.081116 7.996340 8.569469 9.539248 8.681557 8.631298 8.125072 7.746921 8.645604 9.273822 8.351624 8.632882 9.469014 9.268511 8.099822 8.285038 8.205875 8.143255 8.578880 8.923349 8.485194 9.070629 8.137970 8.541420 7.866461 7.566461 8.343309 8.691737 7.960541 9.074355 7.665484 8.965112 7.327301 7.256876
8.784149 8.663215 8.799802 8.977074 9.006566 8.509363 8.733774 9.085531 8.517603 9.452873 8.669539 8.819809 8.064546 8.548623 8.880593 8.603824 8.585240 9.086857 8.802182 8.766262 9.549728 9.330009 7.523918 8.873636 9.211059 8.237909 9.150347 9.805680 8.142529 7.937043 8.566626 9.479265 8.247257 8.429173 9.293680 8.341116 8.043722 8.047386 8.139088 8.589582 8.625144 9.183268 7.855481 8.214255 8.658141 9.242815 8.255171 8.927181 9.284623 8.794217 8.916130 8.237554 8.421148 8.052424 8.024201 8.975551 8.317604 9.494239 8.017402 8.715682 7.564117 7.908164
9.640265 9.806025 8.838287 8.762779 7.531160 8.052177 9.300485 9.391991 9.412946 9.319906 8.649669 8.782608 8.684747 8.542378 9.406324 8.213029 9.249331 8.676466 9.615931 9.388716 7.786206 9.511688 8.545392 9.144556 9.118519 9.143946 9.118803 9.315924 8.543609 8.933719 9.004696 8.148379 9.406090 8.542222 8.504983 7.896420 8.925040 8.362604 8.137169 8.912002 8.055610 8.235044 8.152766 8.650974 7.881429 8.527550 8.396712 8.448660 8.105809 8.449762 8.820411 8.398932 8.640297 8.403929 8.693665 7.385404 8.090561 7.911560 8.367457 8.184955 7.343110 7.241280
8.883057 9.293386 9.054198 7.788189 9.080853 8.400323 8.163499 9.625434 7.960162 8.874496 9.338249 9.367025 8.285585 8.605018 8.549380 8.810732 9.151089 9.256113 8.748527 8.230536 7.957920 9.055133 8.307389 8.458798 8.576451 8.865321 8.662820 8.421464 8.483108 8.510765 9.024952 9.050681 8.616545 8.206994 8.851319 8.486487 8.941369 9.043243 8.848770 8.314900 8.282616 7.183718 8.576031 9.301197 7.741906 9.009518 7.192115 8.123406 9.048170 7.931519 7.852675 9.118453 7.835869 7.640209 8.248782 8.668281 7.689391 8.051503 8.496372 7.636062 8.101380 8.393735
8.909085 7.930721 9.275979 9.910459 8.825785 9.162656 8.779170 8.277605 8.537112 8.774742 8.477344 8.357030 9.202486 8.296921 9.043007 8.615595 9.946058 9.722095 9.639811 8.095766 8.480107 8.549745 8.011996 9.147431 8.681324 8.304333 9.531811 8.879872 8.492264 8.624134 8.948352 8.071966 8.988419 8.901467 8.187815 7.969078 8.148290 8.226693 8.631685 7.911028 7.413030 8.673288 9.056947 7.598746 8.275436 8.829470 8.073011 8.283454 8.298684 8.745079 7.493068 8.639365 8.843540 8.345515 8.034867 8.165830 7.721033 9.362052 7.642756 8.823935 7.815231 8.588982
9.098821 8.842729 8.545037 9.245241 8.850313 8.729744 9.092563 9.187835 10.297112 8.491278 8.714841 9.346683 8.203789 8.298033 9.005532 8.317687 8.520759 8.643313 9.458008 8.181997 8.677924 8.008069 8.504034 7.927355 8.858701 8.234830 8.495751 9.360375 7.955427 8.515251 9.069921 8.711173 9.056965 9.188847 8.659083 8.186036 8.299764 9.133719 9.044670 7.788710 7.920056 8.134191 8.120135 8.739136 8.719019 7.744700 8.447590 7.913589 7.619988 8.738935 8.074483 8.537807 8.141492 8.200104 8.365931 8.369692 8.270554 8.596439 8.402659 7.814867 8.785645 8.055583
8.111289 9.071446 8.343931 9.627894 9.640680 9.103688 9.051981 8.317251 7.248857 8.796377 10.238348 9.369477 8.779212 8.787586 8.434618 8.988222 8.885581 9.096775 9.072047 8.526615 8.985374 9.058749 9.476083 9.149251 8.617994 8.609290 7.965622 9.099200 8.865447 8.651649 8.308246 8.091829 9.691859 8.943724 8.467878 8.769327 8.360399 8.543206 8.566399 7.728718 8.318177 8.891777 8.356142 9.892765 8.964290 8.130827 8.348437 8.500965 8.166974 7.037752 7.977405 9.057984 8.477761 9.486469 8.693344 7.850025 8.288368 7.899887 8.283207 8.352942 8.135115 8.351898
8.616002 10.002364 8.863430 8.802364 8.957699 8.744202 9.634167 8.439780 8.993744 8.373287 8.398543 8.501004 8.829904 8.675768 7.802683 9.087390 7.989166 8.652066 9.010102 8.557951 8.983030 8.552983 8.228397 8.985530 8.678720 8.053019 9.041690 8.823867 8.716066 8.060555 9.036959 8.248505 8.031376 7.901854 8.418728 8.745812 8.397233 8.651894 8.169971 8.427071 9.025414 8.358623 8.344595 8.260450 7.792878 7.968112 8.107635 8.783264 8.676295 8.094768 7.925340 7.731824 8.915293 7.600104 8.397432 8.069908 7.677729 8.211654 8.446914 8.309341 7.817995 7.870463
9.135495 8.806049 8.046569 8.483738 9.659056 8.138990 8.644564 9.104877 9.424950 8.838745 8.922512 7.986855 9.214539 8.752878 9.078303 8.935534 9.052316 9.570103 8.999512 8.305401 8.125675 8.843575 9.150248 8.226388 9.012502 8.885910 9.098068 8.714643 8.600546 8.210023 8.626717 8.941229 8.571021 8.409611 8.096439 8.301368 8.269742 8.487375 9.272570 7.699355 8.937823 9.236288 8.146084 7.933147 9.192119 7.813715 8.907604 8.126191 8.666592 8.107115 8.399074 8.951405 7.484466 8.009630 7.535594 7.382474 8.219134 7.582406 8.020323 8.429613 8.059256 8.242641
9.165594 9.518674 8.780032 8.386888 8.608944 8.544795 8.545665 9.297845 9.740007 9.151777 7.945053 8.484849 8.850735 8.167350 8.739324 8.382873 8.197565 7.888477 8.882415 7.377242 8.799219 9.011344 7.830804 9.610834 8.717305 8.582218 9.711321 8.023766 8.742344 9.085043 8.125343 7.579274 7.825501 8.381973 9.080795 8.194582 8.738638 8.069528 7.484396 7.546346 7.939642 9.157195 7.646203 8.281209 8.688558 8.529408 9.311471 8.493429 8.309487 7.988590 7.863951 8.095891 7.619929 7.453418 7.613367 8.785897 8.559402 8.173592 8.533353 8.004799 7.967027 8.401770
8.725720 9.788510 9.007109 8.976683 8.647561 9.114003 9.142936 8.817698 8.984209 8.835422 8.846481 7.398673 8.590513 9.249564 8.676611 8.457446 8.151281 8.509868 9.243906 8.840291 8.356206 8.251797 7.991966 9.059900 8.716994 8.562124 9.187855 8.551246 8.894647 8.520608 7.781325 9.339079 8.753067 9.454212 8.405692 8.604835 8.110767 8.100627 9.181352 8.911462 9.434236 8.990929 8.230326 7.759522 8.472116 8.231939 7.550782 8.055155 7.758200 8.031144 8.027689 8.616565 7.788219 7.679568 8.654170 7.635166 8.342335 7.811963 7.844102 7.568211 8.518879 8.186358
9.397231 9.436789 9.002606 8.893190 8.976236 9.010972 8.982404 8.937009 8.349718 8.513610 8.762167 8.366384 8.763015 8.386753 9.070328 8.414305 8.506729 8.988457 9.030175 8.790489 8.645762 8.301541 8.734681 8.632974 9.569667 8.254330 8.324357 9.917704 7.919864 8.131264 7.661113 8.459978 8.844506 8.702713 8.753389 8.998042 9.201453 8.169683 7.799134 8.339993 8.743297 8.203183 7.579972 8.072564 8.906856 8.028798 7.750208 8.041400 8.865836 8.584740 8.336669 8.116273 7.973283 8.047467 7.944433 7.761879 7.983261 8.338409 8.706062 8.434373 8.538848 8.489969
9.418336 8.576985 9.000701 8.918710 8.192316 9.449294 9.005777 8.891612 9.144437 8.810610 8.709792 7.587427 8.893806 9.048971 8.507944 8.974287 8.989994 9.328211 7.967221 8.612260 8.697878 8.833645 9.330895 7.861546 8.797082 7.807662 8.836088 8.500445 9.099963 8.223526 8.391966 8.442298 8.544118 7.504360 8.037865 7.524854 8.719670 8.864996 8.489488 7.410858 8.782215 7.863511 8.894056 8.071742 8.225316 8.309563 8.320726 7.800409 7.175678 8.304527 8.255824 8.192310 8.619451 7.838516 7.936163 7.976800 8.295803 8.682295 7.349961 8.748722 8.541614 7.382957
9.162445 9.165885 9.286323 8.722070 8.772171 8.872038 9.625090 9.464538 8.374946 9.323228 8.728725 8.846351 8.801022 8.460932 9.065382 8.779579 9.363115 7.931763 9.120345 8.749164 8.674126 8.929050 8.537344 7.799125 8.802802 7.658970 7.959610 7.789490 8.901328 7.419622 8.883341 8.799807 8.393950 8.539528 7.794390 8.507814 8.647505 8.132746 8.286762 8.191804 7.756254 7.817164 8.098703 8.735831 8.179917 8.325184 8.382733 8.539259 7.762586 7.962092 8.784845 7.192998 8.364615 7.487678 7.808552 7.854132 8.556161 8.509388 8.384164 9.088545 8.355375 7.885995
7.718832 8.696983 7.957559 9.332270 9.138641 8.718614 8.137566 8.690432 9.373400 9.220269 8.776770 9.084922 8.933971 9.037886 7.481436 8.525989 8.120014 9.222745 9.018441 9.326588 8.423831 7.643316 8.380112 8.132174 8.754850 7.969044 8.487832 9.071043 7.812283 8.484983 9.584442 8.194001 8.705284 8.571928 8.058027 8.198174 7.952879 8.599077 7.718553 8.043939 7.769748 7.433476 8.010757 8.479596 8.350147 6.799534 8.049078 8.464034 8.296134 8.907162 7.195892 8.359376 7.879835 8.916915 7.650847 7.401323 7.740137 8.142317 8.642102 8.909322 9.230111 7.075113
8.583239 9.376592 7.732452 9.465250 7.579071 8.546545 9.117601 8.794686 9.400757 8.325728 8.955463 8.528234 8.561982 8.174503 9.700653 9.612728 8.792638 9.130119 9.652881 7.834062 8.147899 7.747331 7.823695 8.499971 8.970290 8.433384 8.859859 9.661552 9.398838 9.368344 8.385932 8.561530 8.913220 8.473639 8.692054 8.469902 8.729829 7.629482 9.158601 7.760601 8.655867 8.758933 8.638085 7.390204 7.527133 7.784262 8.315718 8.727260 8.670348 7.548675 7.930984 8.323502 8.552500 8.523206 7.107350 7.815204 8.085830 8.082546 8.338619 6.795577 7.497181 8.295898
8.808787 9.493948 9.414036 8.398220 7.951966 8.181939 9.053163 8.936848 9.699347 8.495272 8.263382 8.004191 8.679959 9.584082 8.530151 8.775250 7.667324 8.972535 8.218987 7.783209 8.702476 8.331092 8.602385 8.166437 8.033794 8.436342 8.306683 8.678495 8.230976 8.571145 8.510748 8.490572 7.657679 8.721163 8.438034 7.633298 9.634722 8.016221 8.308275 8.227166 7.485329 8.443966 8.515079 7.382078 8.242367 8.537109 8.327446 8.072757 8.666035 9.043824 8.419526 7.678447 8.083907 8.390523 7.299168 7.065257 8.168590 7.736351 7.794142 6.728572 7.591932 8.229221
9.102896 9.613365 8.163569 8.655796 8.958670 9.439784 7.951231 8.833156 9.293037 9.550354 8.465665 8.965737 8.406602 8.459499 8.917413 9.171764 9.416641 8.667204 8.814730 9.052668 8.115821 8.635707 8.566168 9.264649 7.802423 9.117926 7.728756 8.768150 8.146810 9.276117 9.068306 7.348365 8.137018 8.135332 8.756842 7.247369 8.561775 8.695961 7.730490 9.357454 7.858768 8.327616 9.010072 7.821697 8.644706 8.426550 8.190347 8.125854 7.783134 7.618236 7.706829 8.003161 7.527126 8.258943 8.282563 8.603095 8.116671 7.605871 8.065079 8.317776 8.214794 7.528659
8.825388 8.851140 9.109096 8.811405 8.833757 8.928532 8.589034 9.397783 8.112640 8.794255 8.097998 9.123316 8.444131 7.349170 8.579212 8.136522 9.066864 8.089699 8.172850 8.553904 8.640163 9.203192 9.315778 8.579559 8.542962 8.842423 8.527266 8.034110 9.018138 8.463941 9.095225 8.106816 8.515303 8.864454 8.503617 7.577350 7.557305 8.529502 7.442856 9.536211 8.001874 9.147551 9.358465 8.067085 8.436179 8.363628 8.604765 8.235200 9.137136 7.893369 6.319280 7.964485 8.523990 8.143861 8.646954 8.081389 7.868458 8.871029 8.049450 8.966722 8.923146 8.684794
9.271297 9.162597 9.390908 8.577949 8.744763 7.588189 7.504313 7.959579 8.975039 9.305229 8.752422 8.056749 7.846904 8.971561 8.546025 8.232889 8.383206 9.018064 9.175724 8.963317 9.647107 8.063684 7.979665 8.720592 8.143171 9.096099 7.928780 9.002381 8.979408 8.222866 7.970905 8.062455 8.440548 8.564931 8.517547 7.664436 8.263912 8.048430 8.529959 8.182372 8.345408 8.899445 9.081812 7.911137 7.981922 7.611953 8.755888 8.770066 7.929021 8.595057 8.791853 8.431058 8.428853 8.950240 7.196115 7.359116 8.019173 8.404739 8.460155 7.998615 7.923505 7.463114
