data/CentralBaltic/salinity0000_01.asc
NCOLS 400 
NROWS 400 
XLLCORNER 4750000.0 
YLLCORNER 3200000.0 
CELLSIZE 1000.0 
NODATA_value -9999 
[rows 0 to 26 of 400, columns 300 to 359 of 400]
-9999 -9999 -9999 -9999 -9999 -9999 -9999 -9999 -9999 -9999 -9999 -9999 -9999 -9999 -9999 -9999 -9999 -9999 -9999 -9999 -9999 -9999 -9999 -9999 -9999 -9999 -9999 -9999 -9999 -9999 -9999 -9999 -9999 -9999 -9999 -9999 -9999 -9999 -9999 -9999 -9999 -9999 -9999 -9999 -9999 -9999 -9999 -9999 -9999 -9999 -9999 -9999 -9999 -9999 -9999 -9999 -9999 -9999 -9999 -9999
-9999 -9999 -9999 -9999 -9999 -9999 -9999 -9999 -9999 -9999 -9999 -9999 -9999 -9999 -9999 -9999 -9999 -9999 -9999 -9999 -9999 -9999 -9999 -9999 -9999 -9999 -9999 -9999 -9999 -9999 -9999 -9999 -9999 -9999 -9999 -9999 -9999 -9999 -9999 -9999 -9999 -9999 -9999 -9999 -9999 -9999 -9999 -9999 -9999 -9999 -9999 -9999 -9999 -9999 -9999 -9999 -9999 -9999 -9999 -9999
-9999 -9999 -9999 -9999 -9999 -9999 -9999 -9999 -9999 -9999 -9999 -9999 -9999 -9999 -9999 -9999 -9999 -9999 -9999 -9999 -9999 -9999 -9999 -9999 -9999 -9999 -9999 -9999 -9999 -9999 -9999 -9999 -9999 -9999 -9999 -9999 -9999 -9999 -9999 -9999 -9999 -9999 -9999 -9999 -9999 -9999 -9999 -9999 -9999 -9999 -9999 -9999 -9999 -9999 -9999 -9999 -9999 -9999 -9999 -9999
-9999 -9999 -9999 -9999 -9999 -9999 -9999 -9999 -9999 -9999 -9999 -9999 -9999 -9999 -9999 -9999 -9999 -9999 -9999 -9999 -9999 -9999 -9999 -9999 -9999 -9999 -9999 -9999 -9999 -9999 -9999 -9999 -9999 -9999 -9999 -9999 -9999 -9999 -9999 -9999 -9999 -9999 -9999 -9999 -9999 -9999 -9999 -9999 -9999 -9999 -9999 -9999 -9999 -9999 -9999 -9999 -9999 -9999 -9999 -9999
-9999 -9999 -9999 -9999 -9999 -9999 -9999 -9999 -9999 -9999 -9999 -9999 -9999 -9999 -9999 -9999 -9999 -9999 -9999 -9999 -9999 -9999 -9999 -9999 -9999 -9999 -9999 -9999 -9999 -9999 -9999 -9999 -9999 -9999 -9999 -9999 -9999 -9999 -9999 -9999 -9999 -9999 -9999 -9999 -9999 -9999 -9999 -9999 -9999 -9999 -9999 -9999 -9999 -9999 -9999 -9999 -9999 -9999 -9999 -9999
-9999 -9999 -9999 -9999 -9999 -9999 -9999 -9999 -9999 -9999 -9999 -9999 -9999 -9999 -9999 -9999 -9999 -9999 -9999 -9999 -9999 -9999 -9999 -9999 -9999 -9999 -9999 -9999 -9999 -9999 -9999 -9999 -9999 -9999 -9999 -9999 -9999 -9999 -9999 -9999 -9999 -9999 -9999 -9999 -9999 -9999 -9999 -9999 -9999 -9999 -9999 -9999 -9999 -9999 -9999 -9999 -9999 -9999 -9999 -9999
-9999 -9999 -9999 -9999 -9999 -9999 -9999 -9999 -9999 -9999 -9999 -9999 -9999 -9999 -9999 -9999 -9999 -9999 -9999 -9999 -9999 -9999 -9999 -9999 -9999 -9999 -9999 -9999 -9999 -9999 -9999 -9999 -9999 -9999 -9999 -9999 -9999 -9999 -9999 -9999 -9999 -9999 -9999 -9999 -9999 -9999 -9999 -9999 -9999 -9999 -9999 -9999 -9999 -9999 -9999 -9999 -9999 -9999 -9999 -9999
-9999 -9999 -9999 -9999 -9999 -9999 -9999 -9999 -9999 -9999 -9999 -9999 -9999 -9999 -9999 -9999 -9999 -9999 -9999 -9999 -9999 -9999 -9999 -9999 -9999 -9999 -9999 -9999 -9999 -9999 -9999 -9999 -9999 -9999 -9999 -9999 -9999 -9999 -9999 -9999 -9999 -9999 -9999 -9999 -9999 -9999 -9999 -9999 -9999 -9999 -9999 -9999 -9999 -9999 -9999 -9999 -9999 -9999 -9999 -9999
11.100595 12.585144 11.903514 12.263566 11.411757 12.035878 13.103112 11.302250 11.203911 11.462284 11.425666 11.102791 11.385665 11.867932 12.048897 11.824590 11.376143 12.077998 11.736911 11.811511 11.354237 12.184188 11.439758 11.898195 11.383176 10.990416 11.095560 11.060739 11.344294 10.805486 11.368763 11.081352 10.723884 12.029005 11.732765 10.435010 11.051510 10.659938 10.064287 11.058114 10.754782 10.106376 10.708134 10.080158 10.794255 10.818348 11.010516 12.045196 10.939335 9.191029 10.755918 9.451570 10.154883 11.099394 10.965441 10.765680 9.659067 9.824175 10.658075 10.891852
11.629457 11.384722 11.257831 11.800956 12.731295 11.651847 12.162909 12.169211 12.213529 11.735570 12.148677 11.131052 11.363128 12.393563 12.116783 12.304545 11.182999 11.055564 11.477465 11.942951 11.449295 10.936940 11.093607 11.752195 10.952093 12.134105 11.368933 11.233882 11.552095 11.298711 12.004093 11.066212 11.084447 10.805704 11.158166 12.063344 10.616785 10.632158 10.387319 10.434994 10.215603 10.662911 10.642846 11.428223 11.812810 9.899788 9.992168 10.220708 10.522939 11.211588 9.596730 10.171168 10.491266 10.253351 11.110682 11.260853 10.108764 9.621433 11.019572 10.076065
11.250794 12.269148 11.594003 11.198866 11.947477 12.121287 11.574447 11.428244 11.736600 12.066366 11.548918 11.806893 11.855926 11.385764 11.671256 11.325407 11.271761 11.346274 10.993004 11.894892 11.378512 11.952093 11.230508 11.694035 10.603810 11.267404 10.420655 11.694590 11.089388 10.166568 11.602495 11.228964 10.608818 11.899186 11.876599 11.215947 11.012162 10.891867 10.331073 10.081044 10.704917 11.396805 11.066823 10.489539 10.697313 11.149312 10.858708 10.521651 11.471637 11.123071 9.550788 9.946713 11.007986 10.774171 10.981090 10.598808 10.317236 10.549204 10.054520 10.999224
11.939447 11.928107 12.184103 11.870664 12.151144 11.040916 11.141507 11.834855 11.232753 11.541574 10.999159 10.671588 12.373487 11.603418 11.733310 11.577244 11.681867 11.790675 11.632554 11.338340 10.881406 10.898556 10.987143 11.194571 11.086808 11.323567 10.351411 12.057256 10.687063 10.875146 10.852862 10.959706 10.585764 11.453726 10.998350 12.339223 10.956908 10.275367 10.757439 11.309315 10.984306 10.004255 10.911029 10.975448 10.547778 10.904716 10.987453 10.085561 10.785190 11.145887 11.207535 9.958373 11.382540 10.469865 10.772293 9.840983 10.277031 10.572572 10.432445 10.313634
11.371987 12.559793 12.357242 12.437010 12.133762 12.316599 11.827290 12.167220 11.428177 11.905650 11.930486 12.128868 11.376755 11.472262 11.467555 11.713345 10.822764 11.765543 11.595978 11.664514 11.062895 11.017298 11.667051 10.853852 11.674709 10.532422 11.300043 10.824492 11.352790 11.682865 11.281714 9.831996 11.187892 11.561580 11.387208 9.933143 11.692998 11.253362 10.247830 11.363205 10.624507 11.163979 10.624990 10.927852 10.162490 11.142886 10.464955 10.602444 10.038315 10.939399 10.467120 10.702754 9.824082 9.732993 10.914134 10.761957 10.513346 9.861104 9.566609 10.855481
12.551560 12.471233 12.101176 11.420020 11.231330 12.457463 11.796023 11.903630 11.826776 11.893108 11.933449 12.262996 11.874583 11.889623 10.689141 11.245234 11.969748 11.681193 11.238374 11.572151 11.141337 11.266901 11.793757 11.180900 11.074452 11.567526 11.283400 12.290974 11.455311 10.552151 11.052369 11.039578 10.501727 9.896219 10.393387 11.464318 11.661361 11.255965 11.149852 10.519945 11.198592 10.346164 10.109771 10.032509 10.651157 10.854328 10.794207 10.401113 10.807919 11.089269 11.118063 10.674487 11.588093 11.323832 10.531192 10.224805 10.112785 9.792640 10.074866 9.904416
11.749420 11.912257 11.732896 11.841381 11.262080 11.945550 11.646488 11.171641 11.600685 11.961009 11.846797 12.459006 12.043965 11.483877 11.499559 12.341054 11.686958 11.503557 11.787290 11.251444 11.955307 10.094917 11.314535 10.953616 11.412974 11.165009 10.789172 10.334106 11.917916 10.373489 11.161764 11.679254 11.535523 11.937512 10.921063 10.896734 10.865059 10.823567 10.524544 10.515647 10.997536 10.392650 11.039005 10.826133 10.126293 10.758748 11.258158 10.408328 11.163996 10.552083 10.631680 11.175989 10.813621 10.335870 10.100517 10.118535 9.538739 10.344517 10.281265 10.899257
11.572915 12.425364 12.189176 12.892782 11.606153 12.211423 11.901483 11.116865 12.653204 11.524850 10.772504 11.988099 11.713312 11.209869 11.899199 11.273522 10.902259 10.900964 12.624122 11.568498 11.413823 10.635388 11.472617 11.835088 10.745680 10.971615 11.681604 10.942753 11.154935 11.659883 9.731316 11.242873 10.142538 11.749796 10.974175 11.212748 10.279862 10.970933 11.068857 11.783729 11.308926 11.009630 10.596612 10.882460 11.082074 10.851665 10.217658 10.791073 10.133081 10.275820 10.265726 10.202195 10.138435 10.836822 10.964804 10.439391 10.502852 10.317936 9.918704 10.861440
10.887401 11.388454 11.857903 11.502409 11.542947 11.646020 11.778753 11.645073 11.903223 11.335571 11.576382 11.809560 11.113131 11.676375 10.791610 11.582274 10.711114 11.962868 11.385779 11.281371 10.990125 12.330961 10.823287 11.231512 11.103338 11.797754 11.770468 11.638266 10.777311 11.035360 11.489351 10.638214 11.146454 10.153365 9.948028 11.611910 10.464486 11.459170 10.368979 10.701762 11.061367 10.238248 10.506933 11.351244 10.650139 11.251514 10.626451 10.080897 10.070701 10.626852 10.891790 10.874565 10.346059 9.572851 10.606202 11.251480 10.304628 11.015099 9.796242 9.439521
11.597045 11.639489 11.072722 12.129153 11.202643 12.312321 12.532667 11.488871 11.398147 10.621463 11.743746 11.658839 12.286510 11.620482 11.999171 10.550831 12.254849 11.844571 10.592276 11.877585 11.574283 11.525818 11.473134 11.172076 12.526711 11.440047 11.499881 10.009232 10.925733 10.708977 11.219060 10.901236 11.532761 10.485985 12.000310 11.052491 10.880741 10.219568 11.076870 10.832015 10.832529 11.483677 10.728772 9.996031 11.045214 11.055515 10.191591 10.955741 10.198383 9.979352 10.405109 10.557147 10.846196 9.966700 11.036529 9.352281 9.897827 10.790685 9.983664 10.177814
11.230944 12.019401 11.402428 11.902186 11.386378 11.038382 11.658480 11.163420 11.812483 11.679151 11.260509 10.679186 11.592935 11.850235 11.280917 11.294042 11.384111 12.298037 10.621649 11.377611 12.216501 10.680406 11.175480 11.098583 11.601683 11.251022 10.977633 11.194786 11.692707 11.574328 11.354577 10.713934 10.393699 10.472869 10.670975 10.489313 10.876462 10.837341 10.732700 10.382091 10.340664 9.962614 11.154758 11.076952 10.914039 10.810242 10.567681 10.234603 11.333193 10.362187 10.850620 10.260968 10.007745 10.185519 9.700623 9.108498 10.788578 10.495407 10.448902 9.946654
12.166038 11.951122 12.557881 12.102777 10.729144 11.086288 12.261197 11.593568 10.714821 11.485546 11.971102 11.957480 12.431727 11.389704 10.969832 10.397370 11.120042 11.303940 11.756139 11.403588 11.888745 11.404240 11.038025 11.139105 11.457688 10.815668 12.097703 10.942535 11.394024 10.731383 11.159560 10.673898 10.788853 11.251009 10.017374 11.500538 11.129041 11.499506 10.606561 10.405973 10.089930 11.679969 10.595707 10.639405 11.485534 10.661831 10.405927 10.372357 10.741156 11.081664 11.425169 11.524765 10.482468 10.516590 10.466693 10.924821 10.332476 10.103129 10.422357 9.451621
12.061339 12.202499 11.882513 11.349509 12.364092 12.285226 11.559955 11.025176 11.139131 12.325683 11.479677 11.193950 11.445333 10.821460 10.916399 10.483322 11.556267 11.955052 11.519057 10.505055 11.463149 12.085201 12.130223 11.155469 11.759039 10.812695 11.680748 11.145732 10.664554 11.230509 11.403368 11.241485 10.771437 11.919992 11.050173 10.541661 10.876425 10.660098 11.371441 10.835579 10.459144 10.916077 10.725176 9.890311 10.744515 10.457720 10.669897 10.730190 10.856000 10.562329 10.990441 11.474270 10.806436 10.323097 9.977726 11.267828 10.413989 10.756802 10.667623 9.526405
12.137296 13.117687 11.257062 10.833657 10.749554 12.190599 11.413204 12.380493 11.366672 11.048651 11.323713 12.203511 10.834998 11.158473 11.729094 11.522820 11.732360 10.878416 11.187471 11.486931 11.533395 11.920114 12.075683 11.234012 11.138589 10.950577 10.493228 10.933793 10.907924 10.896564 10.282940 11.198794 10.644702 11.823853 10.375927 11.674774 11.398107 10.857322 11.111525 10.456992 9.770261 11.768146 10.424967 11.661714 10.701958 10.299303 9.865391 11.272417 9.716902 11.108944 10.783788 9.871095 10.629326 10.663485 9.409385 10.407839 9.849501 10.099342 10.452389 10.916728
11.463723 12.202175 11.675438 11.037561 11.402538 11.046912 11.679700 11.443297 11.418856 11.400896 11.931197 10.686914 10.202418 11.210308 10.420114 11.168298 10.733958 11.792479 11.299817 10.698172 11.307427 12.401507 11.234375 11.291844 11.407059 11.256497 11.464433 11.733230 11.758956 10.761277 11.703414 10.991137 10.905016 10.865102 10.262206 11.857155 10.849179 12.197287 10.239243 10.759089 9.831879 10.066378 10.740228 10.356014 10.467068 10.832746 11.481207 10.205493 10.721294 11.496006 10.751384 10.159071 10.556323 10.490538 11.312908 10.362233 10.322589 10.498093 9.987200 10.074823
11.944175 12.333261 12.431981 12.143124 11.677481 11.000850 12.751169 11.369747 11.184551 11.231037 11.711238 12.622824 11.767032 12.122359 12.417512 12.547907 10.926369 11.910323 11.082425 11.318495 10.883150 11.356106 11.274904 11.150519 10.898336 10.788476 11.090475 11.181334 11.089447 11.686777 10.668201 10.972290 10.752987 11.824675 11.462103 11.221639 10.102873 10.967281 10.139330 10.569900 10.999510 10.509102 11.457179 10.746873 10.869769 10.626617 10.343003 11.068474 10.951006 10.166330 10.359309 10.623820 10.491113 10.679202 9.973205 9.796549 10.587957 9.569393 10.507441 9.834201
12.217171 11.594301 11.683619 11.938756 11.435367 11.987455 11.709214 12.796101 11.035906 11.738720 11.051949 11.634485 11.504887 10.939914 10.945780 10.633389 11.453187 10.912134 11.621835 10.782796 11.247877 12.018899 11.689296 10.768403 10.924031 11.639819 11.314041 10.698598 10.920772 10.534185 11.372413 10.168268 10.633696 10.503337 11.188532 9.908289 11.015794 11.747458 10.940507 11.152853 11.225703 10.626474 10.066641 9.742122 10.977098 9.650140 10.539656 9.920354 10.535256 10.406589 10.465688 11.016630 10.044963 10.404230 10.841341 11.039603 10.859324 10.449408 10.097964 9.939744
11.929806 11.842444 11.737011 11.839197 10.830740 12.166781 11.378454 11.260535 11.387827 11.404885 10.722194 11.627844 11.691253 10.928822 11.255042 11.013363 10.584178 11.435415 11.405692 10.437635 12.298758 11.797500 10.863816 10.890540 11.221190 10.753521 11.045196 11.351396 11.802255 10.575429 11.186840 12.343094 10.527033 10.719724 10.838264 11.325407 11.789917 10.984953 10.565150 10.599033 11.747727 11.114322 10.489455 10.183280 10.910200 10.613706 11.508874 10.280278 10.795291 10.190237 10.363489 11.276379 10.654406 10.234451 10.989473 10.855555 9.903240 9.867826 10.390004 10.222196
12.233133 11.889219 10.896918 10.896073 11.407757 12.000601 11.596200 11.824793 11.018973 12.506497 11.572123 11.954335 10.844364 12.546871 11.107394 11.084009 12.036717 11.851161 11.210175 11.796153 11.622701 11.320848 10.911685 11.392007 10.964256 10.778995 11.322883 10.652115 10.258224 11.916207 11.356413 11.239519 10.753158 10.684481 10.138256 10.454283 10.465763 11.389208 11.310760 11.139194 10.649699 10.397967 10.277267 10.809750 10.623162 11.040720 10.530650 10.410012 10.650801 11.022558 10.488937 10.611740 9.556720 10.642578 10.676599 10.510589 10.355936 10.686674 9.585378 10.058273
