data/CentralBaltic/salinity0000_11.asc
NCOLS 400 
NROWS 400 
XLLCORNER 4750000.0 
YLLCORNER 3200000.0 
CELLSIZE 1000.0 
NODATA_value -9999 
[rows 243 to 269 of 400, columns 61 to 121 of 400]
12.563690 11.974256 11.039354 11.579904 12.360651 11.612581 13.555070 11.933924 12.130644 12.002145 12.483457 11.600836 11.828218 12.275082 12.055720 12.164684 12.290570 12.427785 11.449929 12.232788 12.076714 11.533680 12.117103 11.069732 11.470908 12.385555 11.863730 12.583568 11.642252 12.099592 11.592937 11.224359 11.544736 11.573014 11.499543 11.737102 12.120261 12.252214 11.866717 11.876100 11.801760 11.124696 10.887622 11.617015 10.993126 11.112854 11.886027 12.084886 11.948805 12.118417 11.416945 12.243132 11.352487 11.628109 11.711822 11.883920 12.491742 11.485778 11.810965 10.688751 12.703709
11.778831 12.166105 13.507228 12.522464 11.718092 12.015395 12.917353 11.711800 11.325837 11.917104 12.166428 13.115139 12.255144 11.568457 11.527033 11.862377 12.044906 12.032948 11.458783 11.637375 11.576375 12.363712 11.360432 11.914884 11.390906 11.581460 11.976430 12.215969 11.856614 12.226659 11.462744 12.485634 11.300610 11.334260 11.033190 11.494923 11.909495 10.801432 11.930207 11.753101 11.501187 10.970811 11.255013 12.196175 11.548976 11.354752 12.009000 12.078646 12.156837 11.572825 11.558170 12.263971 11.985519 11.750506 11.317528 10.715228 11.067564 11.321338 12.039513 12.140665 11.671196
11.937101 12.513302 12.273746 12.037166 11.316740 12.755774 12.530713 11.761131 12.921837 11.372806 12.182521 11.405460 10.995263 12.399766 12.149735 11.966179 11.999767 11.815945 11.900803 12.050500 11.081355 12.540146 12.059887 12.440714 11.587298 12.207241 12.065266 12.089830 11.984231 12.043104 12.123276 11.233989 11.364088 12.173978 11.684281 11.306394 11.742883 11.933325 11.510563 11.326851 11.929731 12.210780 11.636207 11.259569 12.613487 12.140480 12.079759 12.066818 10.870508 11.575991 11.141927 11.612620 11.592489 12.161972 12.384138 11.444053 11.620583 11.953211 11.596815 11.594780 11.691426
12.222218 11.973698 12.934719 12.065453 12.901929 11.284119 12.294088 11.819296 11.251865 11.830208 11.773452 10.993572 12.234485 12.428762 12.433304 12.265575 11.980717 11.482708 12.890656 12.404857 11.515681 12.271345 12.338449 11.296050 12.639502 11.523223 11.709645 11.829626 11.937122 10.606550 11.529568 12.079404 11.499861 12.701548 11.826880 11.192412 11.667129 11.385007 11.955464 11.783694 11.114932 11.541043 12.011425 12.845309 11.355582 12.521497 11.616684 11.101946 10.746690 12.305057 11.918688 11.130543 12.605291 11.087682 11.857346 11.993838 12.127172 11.267956 11.951884 11.390912 10.735858
12.254628 12.367484 11.766693 11.746553 11.383004 11.575173 11.825469 11.860032 11.871199 11.783937 12.159427 12.286532 12.338397 11.564278 10.568034 11.160106 11.666386 12.159301 11.335562 11.770589 11.615852 11.420108 11.665374 11.579517 12.381395 11.983620 12.490158 11.939003 11.606857 11.650661 11.434682 12.073363 11.539394 12.071723 11.696107 12.229685 10.699707 11.470992 11.725137 11.655896 10.867828 11.561684 10.824570 11.210871 11.507578 11.763138 10.524805 12.298960 12.161807 12.525179 11.697285 11.223877 10.918478 11.650388 11.468819 11.854328 10.882013 10.697165 11.275191 11.219911 11.713724
11.814055 12.930366 11.676110 12.292328 12.407592 12.119135 12.784913 11.934334 11.861328 12.163627 10.706334 11.590217 11.687874 11.603398 11.252216 11.712718 11.610334 11.791296 11.310504 12.075571 11.597087 12.179896 12.714350 12.173319 11.287127 12.440405 11.503330 11.091698 11.634662 11.792185 11.027827 11.714873 12.243080 11.444242 11.194228 12.768632 11.827605 11.133800 11.615727 11.928732 11.222939 11.820945 12.393676 11.860118 11.465385 11.119191 10.876484 11.409623 11.187987 11.682429 12.141940 11.709975 11.789793 11.170296 12.234558 11.398102 12.113589 11.512374 11.713137 10.955207 11.779032
12.994590 12.012528 11.466365 11.672409 11.710291 11.501054 12.490847 12.510596 10.784666 11.972187 11.050362 11.195119 12.000283 11.328866 11.640996 11.919101 12.328039 11.557736 11.686087 11.959382 11.750336 11.443410 11.997864 12.188362 10.998403 11.908938 12.801521 11.823884 10.788681 11.668042 11.271261 12.481675 10.852234 11.978849 11.546867 11.515447 11.111850 11.429437 11.411471 11.071351 11.456966 12.840716 11.114892 11.033994 11.598393 11.153447 10.746399 11.606614 11.693300 11.829486 12.750351 11.960851 12.245186 10.784489 11.136244 11.791095 11.324385 12.624804 10.571435 10.703381 11.342205
12.459031 10.636978 12.297594 11.664029 11.995572 12.181513 12.246891 11.785029 12.349347 11.942820 12.297365 11.273209 11.925141 11.612404 12.000900 12.327703 12.376704 11.214777 12.799615 11.372909 12.445105 12.740701 11.627425 11.428278 11.267094 11.904821 12.518625 11.920399 12.442689 11.879203 11.461792 10.756149 11.796795 11.796948 10.774665 11.240402 11.030462 12.095828 11.127677 11.495966 11.548972 12.677810 11.275129 10.919673 10.909435 10.960526 12.035722 11.011079 10.987324 11.336142 11.558122 11.194432 11.553286 11.378835 11.640499 11.493582 12.860083 11.417654 11.573697 11.226922 11.333620
11.313023 11.075896 11.823740 12.090149 10.788174 11.884387 11.772724 12.622553 12.365191 11.850072 12.204841 11.228795 11.586451 11.263424 11.496931 12.955385 11.700353 11.660285 12.731473 11.670838 11.385043 12.485020 11.624472 10.830213 12.331251 11.998479 12.255697 11.080943 11.429100 11.086246 11.896617 11.121230 11.941170 10.256225 12.001236 11.275964 12.294865 10.787278 12.220641 11.658959 11.224767 11.032429 11.854624 10.709728 11.407040 11.039292 10.673894 11.213385 11.586088 11.318504 11.160423 11.632039 11.017956 12.113795 11.754543 12.021138 10.575795 11.713998 11.539887 12.092153 11.701131
11.471462 12.273919 12.045306 12.418447 11.399894 11.999867 11.991165 12.309806 11.799262 11.867189 11.447325 12.691080 12.089912 12.704526 11.567156 11.072027 11.723726 11.475359 12.300256 12.192637 11.876189 11.619750 11.113023 11.766114 11.967790 11.177107 11.572802 11.847913 12.135087 11.447343 12.042345 11.563802 12.068130 11.333576 12.311280 12.133186 10.832560 12.540420 11.752347 12.235683 11.809530 11.772973 11.648727 11.665318 11.662946 12.158626 11.132266 10.695037 11.500617 11.592616 11.282688 11.979818 11.037853 11.819250 11.079378 11.557029 11.923121 11.339097 11.548743 11.632745 11.328784
11.477977 11.676633 12.039844 11.636023 12.019790 12.159357 12.001520 11.698086 11.071211 12.026159 11.995114 12.637688 12.028477 11.782128 11.605768 12.641634 12.033167 11.373902 12.389625 10.709495 11.469786 11.755529 11.153961 11.677071 11.119834 11.445228 11.741994 11.353222 11.215467 11.603827 11.143892 10.902390 11.268607 12.175440 11.660128 11.450279 12.829115 11.391351 11.647853 12.004952 12.024716 11.793852 11.790768 11.323236 10.950382 12.212836 10.576962 11.687925 11.949496 12.205507 12.258829 12.056963 12.078614 11.198988 11.789828 11.337660 11.282579 12.314476 10.651302 11.070321 10.749601
11.760953 11.979467 12.528280 13.119974 11.673235 11.912561 12.960633 11.329484 11.813800 11.832778 11.551988 12.060115 11.840069 11.707675 11.283699 11.174092 11.334078 11.760094 11.655047 11.523783 12.287484 11.375555 11.378199 11.372932 12.498846 12.075798 11.922910 11.631850 11.484873 11.359416 11.635582 12.015687 11.613508 11.206335 11.781214 11.628430 11.975715 12.154978 12.233802 11.776820 11.868832 11.274834 10.379091 11.848295 11.820417 12.062089 12.157578 10.911474 11.043182 11.209259 11.170086 11.932437 11.407739 11.972488 12.298921 11.504003 10.799025 12.002711 11.615321 11.725030 11.240698
12.512886 12.161626 12.232906 11.502088 10.727924 11.774878 12.152238 11.932750 11.220957 11.642163 11.415485 11.197712 11.663140 12.278638 11.665839 11.896399 11.726216 11.221099 11.385842 11.015881 11.700291 11.381820 11.298850 12.380138 11.436109 12.371703 12.052332 11.992206 11.276707 11.086096 11.232963 12.284407 11.085964 11.788855 12.199009 11.648011 12.061567 11.109640 11.542537 12.663459 11.457669 11.120916 11.158216 11.088088 12.227058 11.580403 11.445755 12.148114 10.890508 11.290484 11.185591 12.212234 11.107978 11.409686 11.175776 11.504256 10.534572 11.443112 11.001957 11.718498 11.347124
12.402912 11.888049 12.282905 11.602167 11.744798 12.464389 11.073204 11.781910 11.102863 11.953988 11.818869 10.899606 12.520767 11.796574 11.957802 12.124283 11.859077 11.013974 10.990015 12.152304 12.431865 11.646120 11.523737 11.539280 11.944348 11.613095 11.713112 11.710339 11.252658 12.134887 11.966785 11.707696 11.502530 11.548706 11.159216 11.575931 11.233663 10.239208 11.720260 11.496236 11.931141 11.318684 11.645162 11.755020 11.502566 10.935275 10.910890 10.918271 11.031714 11.062037 11.192711 12.811872 11.086839 11.671419 11.994700 10.981150 11.388813 9.774096 11.934842 11.932537 11.173434
11.759147 11.012459 11.022271 12.329331 12.188862 11.389438 11.578177 12.539626 10.855560 11.932774 12.118495 10.933863 11.580602 10.778433 11.646043 11.371036 11.218682 11.874679 11.012187 10.477239 11.075681 11.439827 12.169786 11.150661 11.282276 11.281216 11.682486 12.067301 11.771875 11.721693 11.732146 11.660956 10.712871 11.352895 11.874867 10.780079 12.403914 11.043098 12.164076 10.747846 11.089668 11.323623 11.032990 10.948148 11.789508 11.792511 11.740474 11.964662 10.827830 11.147278 11.196774 11.848351 11.314225 12.650244 11.555474 11.133142 10.847824 11.579061 11.227200 12.186734 10.885560
11.629905 11.479114 10.563318 11.806083 12.097500 12.225935 11.451420 12.429814 10.894601 11.786773 12.200808 10.780617 11.671017 11.828937 11.645320 12.268903 11.993394 11.964497 12.550220 11.534213 12.855999 11.719197 11.698091 11.153802 10.940106 11.590478 11.135719 11.388838 11.990065 11.315598 11.165025 10.800151 12.397851 11.461030 11.526793 11.372759 11.411773 12.021204 11.951019 10.811348 11.109378 10.907764 11.722835 11.442737 10.969633 10.725162 11.610516 12.188953 11.425074 11.279628 11.415206 11.001108 10.927693 11.843171 11.591276 11.575527 11.381530 10.757132 11.130168 11.057594 10.341825
11.713947 11.586854 12.458450 10.978949 12.740962 12.507984 11.082791 12.128028 12.256691 11.492506 11.625951 11.209726 11.807381 12.088550 11.744883 12.126222 12.449319 10.444889 10.968114 12.179958 10.665756 12.129456 11.693800 10.782710 11.709494 11.769952 11.838338 11.958260 11.029946 11.045287 11.006353 11.427612 12.578385 11.509377 11.916326 11.430015 10.262343 12.418725 11.286455 11.013147 11.699539 11.132256 10.930131 11.899301 11.539386 11.594860 10.712824 11.158033 12.083751 12.464797 9.996198 10.197801 11.476995 10.991018 10.399512 10.837598 11.624176 11.652246 11.204405 11.638152 11.066172
11.842457 11.633545 11.602672 11.725204 10.846371 10.891005 11.662147 11.475689 12.204785 11.533512 11.672893 12.056037 11.309368 10.789550 11.449336 11.351175 11.207366 11.265732 11.310891 11.391346 11.456710 10.601284 12.119688 10.855805 11.370339 11.820273 11.483979 11.559438 10.276655 11.273680 12.523037 10.834043 12.008087 11.291173 11.444188 11.126385 11.569752 11.459992 11.917162 12.652028 11.363929 11.662719 11.828165 12.466240 12.009256 11.086887 11.578147 11.015558 11.084626 12.535417 10.956130 10.949132 11.322869 11.432498 10.907502 11.184377 11.836912 11.680605 11.102792 11.282038 11.206415
12.500255 10.959690 11.383486 11.810452 11.132605 12.197135 10.483110 11.109308 10.945117 10.339432 11.210879 12.704142 11.799977 11.952135 12.386358 10.801858 11.816591 10.636461 12.545544 11.004422 11.505812 11.052726 12.127218 11.665937 11.793809 11.200071 10.862801 11.788322 11.451904 11.156932 10.528120 11.012708 11.451195 12.084821 11.405036 10.874365 11.648324 11.207653 11.817167 11.605065 11.199495 11.750262 11.052455 10.932297 11.958400 12.934385 10.859148 11.503054 11.620832 10.830558 11.132953 11.493049 11.832598 10.741831 11.687698 10.850263 11.690388 11.969347 11.681030 11.140736 11.210303
11.934391 10.834987 12.298725 12.285836 10.953608 11.578215 11.088699 11.238161 12.360627 11.965538 11.923291 12.381331 11.669554 11.713390 10.901218 11.346211 11.970972 11.714091 12.315347 11.341917 11.309896 11.769176 12.006049 12.201959 11.537762 11.558037 11.270663 11.496340 12.128683 11.036676 11.397836 9.639679 11.869019 12.578863 11.555181 11.486189 11.729909 12.136222 11.424819 11.882553 11.643311 10.654305 11.051616 11.355058 10.312992 11.233773 10.964294 11.292517 11.415120 11.690134 11.075961 10.611138 10.548227 12.333415 11.224025 10.922346 11.216644 11.715898 10.765069 11.697744 10.358811
11.685359 11.872690 11.979854 11.618188 11.778495 11.964215 11.014484 11.813324 11.053391 10.737370 11.427491 12.025386 11.280690 10.942809 10.990834 11.322665 11.474193 11.931633 11.979436 11.265559 12.150012 11.438916 10.419963 12.363464 11.869349 11.321990 11.135562 10.871733 10.882621 11.664501 11.771275 11.808512 10.823753 10.627197 11.528021 10.626156 11.452570 11.457023 11.679030 11.728360 11.365572 10.940204 10.711011 11.116966 11.122745 11.416644 11.495598 11.045073 11.112393 11.080766 11.655528 11.183754 11.826640 11.620619 11.239940 11.094296 11.534754 10.963199 11.052301 10.449951 11.614069
11.524369 11.960000 10.359679 11.721477 11.890046 11.344311 11.199729 11.732618 11.501841 11.557082 11.800089 11.495412 11.265852 11.259086 12.484734 10.986650 11.437538 11.551838 11.759386 10.729764 11.554073 11.537166 11.243478 11.768162 10.845071 10.521229 10.915043 11.325297 12.028782 11.600895 11.371084 10.887787 11.607588 12.255775 11.102145 12.517060 11.092003 11.120560 11.060215 11.281411 11.130353 10.986536 11.308210 11.634579 11.816760 11.400385 11.058208 11.270936 11.214735 11.872271 11.665392 11.309324 11.300222 10.083290 10.936794 10.859621 10.805743 11.221840 10.569819 11.205493 12.000050
10.695404 11.403705 11.224910 12.479605 10.676699 11.725209 10.682574 11.840496 12.288711 11.235152 11.699159 11.002689 11.769443 12.014173 11.196977 11.015497 11.841198 11.843362 11.363408 11.387012 12.364527 10.292290 11.352500 11.970375 10.910862 11.862294 11.170560 11.609975 10.898831 11.556825 11.440736 11.581472 11.663464 11.201215 11.631639 11.426466 11.191979 11.103768 10.554985 11.490146 10.609197 11.511011 11.217521 12.156712 11.510519 11.139669 11.152632 11.713128 11.303098 10.750624 11.812959 11.393468 11.174506 11.513741 10.714920 10.227831 10.597417 10.418212 11.792247 11.071455 10.585305
11.916468 11.616877 12.074162 11.739719 10.974570 11.669009 10.293296 11.750718 11.754570 11.075378 12.098207 11.115693 11.320625 12.118964 11.177612 11.170101 11.275015 12.089400 11.583392 11.467849 10.533306 10.518368 11.638320 11.516579 11.024330 12.106002 11.358998 12.073891 11.779408 10.787131 11.139696 12.152146 11.248934 11.702685 11.488053 10.929952 11.191377 11.153728 11.593040 11.371834 10.926236 11.936781 10.977393 10.981378 11.682130 11.932558 11.442458 11.904609 10.888400 11.731253 10.775475 10.264245 10.609008 10.001854 10.867307 11.041127 11.051645 11.629920 10.969433 10.277776 10.893320
11.464090 11.585059 11.423157 11.262442 11.444591 11.653017 11.847335 12.547969 11.968807 11.738451 11.403583 10.744888 10.718772 11.442095 11.857915 11.744531 11.573598 10.987448 11.107949 11.566964 10.484853 10.857548 11.292723 11.125392 12.025976 10.879250 10.986293 11.003266 11.422162 10.954021 11.588510 11.395635 11.840068 10.853105 10.315758 11.501082 11.268095 11.977708 10.273418 11.261117 11.002431 10.801036 11.037673 11.517634 11.176703 11.887737 11.533579 11.495985 10.522435 11.428256 10.945124 11.582009 11.243040 10.589544 12.131073 11.779904 10.986477 11.178681 10.267433 10.710777 10.873520
11.183378 12.544990 11.224999 12.067227 12.479876 10.555372 12.180067 11.818238 11.536653 12.353499 11.891113 11.009908 11.638993 11.341112 11.960861 11.774527 11.853912 11.545625 12.235987 11.395603 11.770936 11.287766 12.553876 11.569291 11.758587 10.132994 10.739523 11.645016 11.515659 11.323107 11.050470 11.478178 11.821241 11.601668 11.106359 11.462790 11.497210 11.225713 11.676274 10.998526 11.246127 11.686796 11.983560 10.932680 11.174298 10.833083 11.242075 11.690985 12.123544 11.475576 11.728451 10.905010 10.927396 12.397086 11.758465 10.815647 11.300596 11.992698 9.949256 11.847901 10.793813
10.541864 11.175247 10.451312 11.258855 11.568442 11.299691 11.468897 12.028075 12.488244 12.046895 10.366993 10.449557 12.036419 11.229673 12.734380 10.907844 11.315169 11.827166 10.655286 11.795445 10.987481 11.275221 11.423477 11.608695 11.415830 11.876451 11.638023 11.849693 10.590563 11.764426 11.439682 11.576331 11.259045 11.058892 12.347079 11.322853 10.641896 10.815244 11.512900 10.696212 11.487096 11.261274 10.581679 11.218484 11.071657 11.518989 10.431529 10.627589 10.985722 11.184681 11.907699 10.935279 11.697124 11.774878 12.063224 10.219462 12.048078 10.744711 10.818026 11.046177 11.285139
