data/CentralBaltic/salinity0000_01.asc
NCOLS 400 
NROWS 400 
XLLCORNER 4750000.0 
YLLCORNER 3200000.0 
CELLSIZE 1000.0 
NODATA_value -9999 
[rows 189 to 215 of 400, columns 120 to 179 of 400]
12.731120 13.607516 12.071590 13.359768 12.868392 13.237840 12.335798 13.173805 13.766385 13.687005 13.713442 13.524174 12.840354 13.462397 13.126877 13.465459 13.607240 12.722953 12.910479 12.688593 13.266544 13.314433 12.256335 13.519636 13.447782 12.483593 13.371759 13.748276 13.424878 12.859690 12.354306 12.450089 12.867590 12.972013 12.340204 13.316121 11.724091 12.073086 13.052026 12.745414 12.706290 12.495544 12.524797 13.110895 12.200862 13.259830 12.294826 11.967657 12.484240 12.457713 13.000644 13.081744 12.813102 12.570570 12.129703 12.371845 12.902577 12.162479 12.600588 12.764134
13.937765 12.862552 13.038466 14.257076 13.028907 12.816433 13.548038 13.466018 13.014550 13.218066 13.590575 12.953093 13.246601 13.376106 13.386284 14.023863 12.810859 13.266813 13.660379 13.081021 13.910317 13.028673 12.784617 12.767377 11.811587 13.163361 12.459233 13.894985 13.346069 13.507896 12.853301 12.317708 13.054013 13.222606 13.506413 13.997191 12.092881 12.468693 12.955491 12.957157 12.379619 12.946511 12.853424 12.588090 12.130529 13.520091 13.286979 13.081334 12.599153 13.123786 12.602171 12.807573 12.609453 12.219221 12.268248 12.044986 12.847190 12.813246 12.836863 12.186456
13.959036 13.643190 13.756791 13.318174 13.402110 13.635668 13.228158 12.930417 13.816075 13.010186 13.945454 13.256872 13.619945 14.005058 13.761890 13.398545 13.233645 13.676824 13.467606 12.666819 13.416190 12.463518 13.450281 13.239652 12.935495 14.333365 12.980662 13.596611 13.210451 12.986020 12.854127 12.962854 14.216524 12.860156 13.951592 13.654799 13.271487 11.859104 12.920148 13.164103 13.173323 12.527075 12.491868 12.959376 12.733604 13.034269 11.844448 12.400823 13.235620 12.412999 12.282444 12.733758 12.963828 12.053739 12.819967 11.763922 11.747311 12.740559 13.164613 12.873724
13.207949 13.328549 13.199706 13.415445 13.867205 13.224942 12.308237 12.573240 12.971658 12.744695 13.331429 14.036217 12.319773 13.002845 13.223462 12.704180 12.158680 13.313279 13.151791 12.550436 11.942781 13.706683 12.299979 12.833361 14.008933 13.327844 12.641579 12.745571 12.276662 13.405400 13.255204 13.239783 14.061353 13.742303 13.526053 12.378162 13.151537 13.026952 13.479255 12.717321 13.502774 12.656987 12.634954 12.573877 12.081782 12.778418 11.929222 12.254521 12.155870 12.892186 12.790387 12.820672 12.282588 12.830844 12.810062 12.706628 12.219806 13.242471 12.194751 11.566200
13.809176 13.976869 13.502108 13.098014 12.218792 13.412332 13.654509 13.169137 12.942129 13.239024 12.666792 12.329465 13.548440 13.794754 13.350631 13.433009 12.117873 13.514475 13.164370 14.241579 12.904549 13.250204 12.878488 12.601454 12.152810 12.764005 13.408616 13.127981 13.340788 12.549438 13.266096 12.570652 12.699990 12.660621 13.397025 12.858589 12.919648 12.885630 12.452767 12.569306 12.958203 13.316821 12.593320 13.503472 12.909794 12.820552 13.695931 12.908173 12.303708 11.715424 12.647141 12.314098 12.769853 12.987315 11.446121 12.687173 12.797111 12.425039 12.398272 12.924650
12.396886 13.368961 12.416387 13.540056 12.884276 13.048230 13.167332 12.987970 12.669835 14.625257 13.152803 13.640291 13.159204 13.138861 13.428270 12.921267 13.262203 14.573100 13.024509 12.571966 14.549753 13.127707 13.009371 13.641249 12.534089 13.505555 12.083080 13.726035 12.980629 12.482938 11.929353 13.275927 12.984422 13.503807 12.602803 12.707271 13.510298 12.406142 13.010461 12.987687 13.363390 13.282030 13.566888 11.962361 12.629953 12.575370 12.320978 13.523932 12.211424 12.862852 12.261057 12.510920 12.866508 12.419347 11.708313 12.235608 12.956414 12.254206 12.579665 13.443050
12.776052 13.185673 13.437988 13.245547 13.208462 13.009524 13.457617 13.048886 13.229686 13.570264 13.784737 13.474895 13.230858 13.174547 11.911150 12.986526 12.820657 13.134527 12.540624 12.853637 13.124190 13.083873 13.099736 13.390387 12.830240 13.029282 13.145347 13.153102 12.271447 13.202132 12.721251 12.985445 13.507882 12.258610 12.713685 12.130164 12.548967 13.086162 13.035651 13.294568 13.530340 12.787140 12.702445 13.136379 12.797714 12.568841 12.440286 12.626720 12.379313 12.725404 12.104510 13.386033 13.223246 11.797353 12.080015 12.119417 12.879082 12.739056 12.744980 12.805522
13.402711 12.982370 13.644657 13.866540 13.585271 13.412696 13.264292 13.160791 13.470913 12.760203 12.546837 13.550191 12.886144 12.537482 13.185817 12.215591 12.947065 14.141880 12.366874 12.585868 13.494762 12.712748 13.430417 13.415527 13.645030 12.825297 12.706885 12.460547 13.213652 13.078046 12.231579 12.689406 12.104257 11.519144 12.259591 11.526875 11.943257 12.795177 12.857538 12.449014 12.197638 12.389258 12.621292 13.271717 12.872493 12.609725 12.357159 12.827620 12.762760 12.256908 12.024308 12.510521 12.542542 12.277851 13.143216 12.179150 10.926303 12.635179 13.007173 11.690016
13.686078 13.054783 13.410151 13.563428 13.930530 13.087790 13.667759 13.841318 13.829280 13.862536 13.822836 12.916064 13.154845 13.736967 13.268244 12.453580 12.183842 12.508723 12.239054 12.396713 13.465963 12.993811 13.564714 12.931999 12.865448 13.507390 12.902970 13.108850 12.355314 13.339617 13.119404 13.430490 12.394592 13.883195 12.603732 12.563711 12.879527 13.384446 12.021363 12.896628 12.855873 12.885641 11.793827 12.885964 13.343016 12.522753 12.641581 12.070430 13.366946 12.808320 11.863811 12.709137 12.793958 12.179943 12.892551 12.400911 12.181678 12.043911 12.929915 12.045279
12.821397 14.008421 13.312622 13.454056 12.797330 12.260910 12.861883 12.964371 14.225506 13.487940 13.964380 12.599969 14.031673 13.568931 13.190847 13.217303 14.075955 12.949484 13.597264 12.418080 13.684072 13.403590 12.084405 12.915762 12.805266 13.243589 13.059092 13.525984 12.481704 12.890660 12.646494 13.388361 12.341666 12.853683 13.211787 13.185188 13.448331 12.313203 13.379827 12.152629 12.568471 13.754553 12.282942 12.230897 11.840077 12.982222 12.531051 12.733809 12.720021 12.644011 12.653821 12.525862 12.932617 12.842482 12.047437 12.321342 12.350061 11.705968 10.998902 12.076568
13.009342 12.602885 13.779313 13.187579 14.239897 13.877296 13.590973 12.507557 13.391376 12.944290 12.473293 13.089080 12.762185 12.077076 12.915437 13.084456 13.178734 13.176104 12.937523 12.434963 12.779130 12.970287 13.997613 12.185774 13.118135 13.410555 12.803348 12.351602 12.682081 12.905839 12.766383 13.735739 12.882245 12.820583 13.605808 11.516782 13.010414 12.396312 11.835545 12.383643 12.395923 13.045096 12.916334 12.412144 12.315740 12.654089 13.075504 12.763483 11.381123 12.093862 12.627447 13.044846 11.990605 11.838872 12.430414 11.824103 11.683543 12.879229 12.155994 12.308884
12.272810 13.331468 13.125487 13.336141 13.383796 12.821765 13.165380 12.720321 14.124881 13.490213 13.176797 13.130282 13.377132 12.903602 13.270756 13.895490 13.791235 12.865323 13.220075 13.152180 12.323505 13.337784 12.631646 12.730107 12.087285 13.447956 12.129484 12.903245 12.274287 12.400162 11.490150 13.605775 12.403307 13.110622 12.632655 12.708757 12.456124 12.672091 12.857330 13.069548 12.855176 12.511382 12.966580 11.710013 13.202997 12.513338 12.632478 13.095803 12.215257 12.646682 12.627131 12.602654 11.579154 12.380506 13.225828 12.314874 12.665079 11.725610 12.532778 12.660768
12.668153 13.070515 12.937395 12.008392 13.090741 12.896463 13.399873 12.201244 13.669756 14.184244 12.848065 13.477989 13.608005 12.544208 12.970789 12.756944 12.666838 12.791765 13.315068 13.642237 13.070901 12.569509 13.013105 13.322212 13.001740 12.733797 12.137507 11.770269 13.167291 12.721713 13.109398 13.063478 13.028540 12.398269 12.623634 12.794519 13.121705 12.796851 12.096221 12.204213 12.403174 12.315461 12.139921 12.853773 13.368800 12.326901 12.736114 12.159287 12.832818 12.338719 11.810211 12.429601 12.208823 12.575707 12.749397 12.498122 12.600153 12.886114 11.772122 12.453460
13.196233 13.903151 13.287615 13.041384 14.028605 12.931325 13.605165 13.269343 12.366761 12.044590 13.300509 12.936702 12.322691 12.868314 13.053420 13.321101 13.693591 14.069938 13.547459 13.211476 13.331105 12.781202 12.695258 12.052299 12.366028 12.982391 13.505087 12.650964 13.277500 12.785787 13.270019 12.762696 13.441377 13.324429 12.926231 13.146302 12.358606 13.088706 12.664637 12.716333 12.656069 11.708744 11.996475 12.665139 12.681696 13.429990 12.372114 11.292163 11.706938 13.634634 12.753385 12.661657 13.260998 11.534731 12.365451 12.360024 12.532181 12.696120 12.453885 12.344143
14.267150 13.420521 12.646593 13.161102 13.315367 13.705587 12.723071 13.182784 12.644057 12.414002 12.401497 13.810094 13.717919 13.916447 12.464919 13.129367 12.642532 12.647403 13.270676 12.319097 13.038477 13.281190 12.592779 12.535396 12.436778 12.831346 12.896585 13.079670 12.853807 13.185078 12.795117 12.433185 13.742587 12.419344 13.284603 11.688337 11.905330 12.767953 12.465780 11.436616 12.576541 12.670534 12.664177 12.427204 12.435328 12.485872 13.600767 11.736492 13.333600 11.211753 11.623210 12.590397 11.650914 13.226474 12.279028 12.822532 13.292450 12.042826 12.186052 12.113011
14.258278 12.271265 13.133555 12.927553 12.178510 13.394476 13.984448 13.345881 13.155152 13.122067 13.401364 12.607940 13.435113 12.390824 12.232133 12.877307 13.271628 12.606362 13.157485 13.225474 12.365927 13.037904 12.346479 12.505280 12.568356 12.206194 12.963823 13.144903 12.833937 13.305925 13.127021 11.103562 11.902427 11.878629 13.551230 11.458607 12.394029 11.660697 12.124197 12.603721 12.898360 12.601556 12.172991 12.015500 12.416866 12.245280 12.549468 11.606178 13.004535 11.869155 12.869740 12.829882 12.261779 12.579860 12.635090 12.638910 12.548313 12.461767 11.988277 12.546763
12.858126 13.196567 13.011062 13.689785 13.358324 14.006936 14.027574 13.123868 13.774739 13.132550 13.056069 14.087557 12.694949 12.325935 12.400343 13.452911 12.583717 13.033018 12.868472 13.628274 12.491867 12.762969 13.265855 12.613942 13.009872 12.345493 11.865069 12.711043 12.789563 12.398044 12.912326 13.320325 12.880663 12.585077 12.710068 12.550593 12.802562 12.299489 12.970529 12.620761 13.777498 12.489833 12.705661 12.338526 13.053653 11.799112 12.207011 12.689425 12.346417 12.724140 13.168938 13.293054 12.553700 12.645869 12.997603 12.717915 12.083066 12.721289 12.593552 12.623113
13.603548 13.395040 12.229784 13.317845 13.643224 12.685626 12.648572 13.506191 13.760142 12.743333 14.026639 12.958670 12.882609 11.970394 12.214240 13.247993 12.434039 12.531574 12.708761 13.732633 12.769334 12.625292 12.814873 13.297927 12.612215 12.749158 12.242168 12.167725 14.023508 12.163804 11.874659 12.799682 12.532670 13.010672 12.888548 12.949947 12.348767 12.688667 12.345860 13.394957 12.063319 11.949756 12.360899 12.740249 13.461896 12.085794 12.624817 11.158334 11.770797 11.990552 12.047146 12.039746 12.294547 12.702713 11.738224 13.084524 13.128160 12.382044 12.290431 12.196581
13.029883 12.697673 13.327138 12.546601 12.823870 12.474715 12.841463 12.677012 13.120894 13.185004 12.333767 12.922010 12.834971 12.722094 12.802870 13.226465 13.659680 11.740828 13.687985 13.341349 12.929333 13.253061 12.990850 12.421905 11.902780 13.361696 13.363119 13.400668 13.158385 12.592124 12.461630 12.624576 12.391206 12.723845 12.339622 12.023289 12.668970 12.446982 13.177199 13.360500 12.572138 12.844549 12.871210 12.119294 11.766373 12.366525 12.870601 12.963998 13.157155 13.003571 12.471229 12.596657 12.190154 12.230919 12.625103 13.356407 11.656749 11.864613 11.958925 12.086635
12.645594 12.955781 13.157052 13.623269 12.480739 13.320949 12.116194 12.472644 12.937432 13.240011 13.325464 12.666838 12.719799 12.808026 12.574188 13.107655 12.597791 12.384237 13.858333 12.809242 11.262709 13.319601 12.427142 13.004575 12.998881 11.884832 12.193126 12.466313 13.166549 12.722203 13.040503 12.684878 12.011468 12.435648 12.119561 12.517848 12.775260 12.974730 13.090918 12.177313 13.022655 13.275598 13.082725 13.152596 13.182521 11.777570 11.981556 12.801787 12.671695 12.855261 12.479260 12.246908 13.022766 12.681663 12.329255 11.692753 12.260434 11.736551 11.986232 11.383828
12.944796 13.377015 12.479840 13.734767 12.680605 12.790096 13.139392 12.122127 12.835023 13.416157 12.679159 12.858549 13.139969 13.302781 12.556145 12.774747 13.322870 12.105168 12.244545 13.058387 11.533721 12.302135 13.043064 13.351357 12.627238 12.887366 13.781937 12.179212 13.331582 12.731506 13.079360 12.079518 12.941696 12.800383 12.482663 12.537993 13.103599 13.000736 12.530353 12.275877 11.729375 11.542785 12.291828 11.919136 12.042323 12.892543 12.645557 12.187366 12.283818 12.436485 12.610471 12.098574 12.442642 13.208366 12.298874 12.386502 11.795081 12.769939 11.662939 11.948426
12.429310 12.955837 13.379780 12.947771 13.487948 13.608725 12.004767 12.592743 13.179064 12.892355 13.040118 12.844503 12.902527 13.190425 12.125934 12.855684 13.320246 13.240309 12.589968 12.759225 12.595547 12.698013 13.181130 11.702312 12.544711 12.402182 12.603080 11.300155 13.172896 12.959082 12.963962 11.900046 11.951014 12.182666 12.419744 12.008884 13.083378 12.697949 12.764355 13.201539 11.952742 12.326973 12.052537 13.122181 12.942902 11.695212 12.167802 12.194023 12.306037 12.909665 13.078504 12.412695 11.477111 12.890501 11.534681 12.507720 11.658002 11.685318 12.190514 12.400279
13.679805 13.054225 12.986962 13.208448 12.992962 13.015359 13.666874 13.009567 13.145154 13.222252 12.867954 12.237700 12.962086 12.660587 13.398647 12.835167 11.765143 12.014210 12.985639 12.791335 13.194676 13.038726 12.201689 12.192899 11.941027 11.808338 13.546708 12.438139 12.515206 13.231293 12.697593 11.590091 12.419925 12.568213 13.730846 11.956698 13.203076 12.583065 12.390757 12.313732 12.566542 12.955694 12.608159 12.362200 12.402988 12.320915 12.270224 12.250951 12.076173 12.575952 12.712376 12.508034 12.949784 11.946230 12.120156 12.342422 12.704945 13.035428 12.222461 12.594256
13.504905 13.400069 12.518459 12.752568 13.542930 11.957313 13.580009 12.726562 12.794444 13.190973 13.248689 12.891396 12.159713 12.569573 12.841041 11.736199 13.399840 13.988039 12.338326 13.693535 13.283187 12.911764 13.355452 11.971866 12.748236 12.798026 12.057864 12.183255 11.763948 13.090871 12.967292 12.891632 12.979541 13.221695 12.640533 12.384073 12.627159 11.938963 12.502232 12.352777 12.181496 11.722176 12.901253 12.492728 12.235909 13.013101 11.654551 12.541989 13.280421 12.034058 12.932048 13.262781 11.490472 12.990386 11.956521 12.341954 12.418818 11.847113 11.412442 11.750475
12.941345 12.269966 13.163210 13.069571 13.605223 12.449643 12.974124 12.549660 12.886872 11.914944 11.725900 11.686133 12.870435 12.679712 13.239465 13.522913 13.012059 12.471938 12.869330 12.040546 13.306827 12.881324 13.113415 12.878018 13.389331 13.220732 12.343563 12.466806 12.479502 13.048120 13.242111 12.549022 12.596284 12.889497 12.412391 13.062733 12.648347 11.906810 11.770934 11.958656 12.658216 12.294002 12.180202 12.701445 12.405652 12.225577 10.837282 11.618781 12.828499 12.556061 11.376823 11.520899 12.505240 12.352343 12.853916 12.530058 11.881966 11.760952 12.237453 12.297341
13.037314 12.466568 12.873528 12.378940 12.946439 13.063378 12.474635 12.689160 12.477569 13.737326 13.368773 12.699070 12.329159 12.794249 12.641841 12.944286 13.634886 13.428004 12.060996 13.113222 12.625972 12.347669 13.037911 12.381278 12.401562 12.452087 11.649863 11.937152 12.534413 13.214578 12.188416 11.944505 12.225598 12.202782 12.230094 12.552729 12.296039 12.852838 12.278787 12.902376 12.168837 12.302152 11.953032 12.079152 12.555713 11.481786 12.595020 12.970349 12.313531 11.595893 11.675183 11.947212 12.958774 12.457123 11.885991 12.070118 12.836059 12.384561 12.796846 11.201464
12.925389 13.328936 12.339990 13.059982 12.192478 12.945780 13.093218 12.492091 13.247845 13.237929 12.798046 13.589986 11.779384 12.668492 12.303528 12.985762 12.515319 13.339516 12.031651 12.280546 12.593777 12.239767 12.472787 13.082060 12.127497 13.047085 12.625736 12.859248 12.988220 12.071365 11.647544 12.146751 12.014330 11.893898 11.912104 12.504078 12.157304 12.862285 12.354549 12.288690 13.392567 12.673615 12.368682 12.477180 11.741606 12.375169 12.550727 12.382351 11.377604 12.312102 12.061094 12.134673 11.925877 12.734199 11.695229 11.524549 11.993707 11.907110 12.084044 11.727030
