data/CentralBaltic/salinity0000_12.asc
NCOLS 400 
NROWS 400 
XLLCORNER 4750000.0 
YLLCORNER 3200000.0 
CELLSIZE 1000.0 
NODATA_value -9999 
[rows 189 to 215 of 400, columns 240 to 299 of 400]
12.387896 11.323798 11.948068 12.247528 12.077568 10.604944 11.500615 12.157263 11.733934 11.269294 10.731192 10.962797 11.318036 11.410662 11.107649 10.468659 10.806764 10.875228 11.248315 11.037651 11.989992 11.428604 10.460043 10.301607 11.773644 9.899278 11.448005 10.775635 9.834479 10.242415 10.755776 10.976148 11.057632 10.700504 11.453163 11.326207 10.326225 11.790708 10.634851 10.575006 10.167289 10.685281 10.662288 10.531341 10.070217 10.256711 10.645868 10.755006 10.525718 11.060563 11.046101 11.308467 10.325576 11.342823 10.503331 10.356602 11.070952 11.015100 10.833057 10.942653
10.153496 11.595138 11.673214 11.659099 11.566330 11.194626 11.956866 10.929446 11.478843 11.570435 11.004001 10.508656 11.509066 11.135817 10.944056 11.296353 11.303989 11.289678 11.176080 11.647853 10.801376 11.569701 10.213860 11.457743 11.173565 11.296394 10.764204 9.780813 11.215570 10.254452 10.480144 12.205765 10.642282 10.549372 11.543583 10.217391 11.683492 11.464857 10.600302 10.426933 10.696549 10.736122 11.082554 10.903399 10.764687 10.836044 11.362111 11.203879 11.619813 10.462242 10.216700 9.782476 11.189344 10.173685 10.588512 10.684230 10.450995 10.728832 9.855985 11.094327
11.769218 11.138552 11.790689 10.708299 10.961763 10.841960 11.102610 10.645043 11.298387 11.139224 10.856156 11.163430 10.840113 11.072090 11.268988 11.354004 10.449692 11.784852 11.431351 11.307727 10.657691 11.748403 11.179943 11.106159 11.590774 10.617491 11.400387 10.948755 10.297975 10.140041 11.109411 10.694435 11.035820 11.343995 11.461872 11.399607 11.429207 10.432683 11.377153 10.256457 10.971943 11.515425 10.175205 10.993963 11.214333 10.325336 10.463394 10.925606 11.040649 10.912631 9.537343 10.463245 10.875183 10.968688 10.775009 10.758601 11.107446 10.803800 10.273395 10.725180
10.991726 11.555830 11.389427 11.757529 11.272962 11.873898 11.871787 11.397237 11.544606 10.927281 10.970201 12.050431 10.430232 11.424875 11.491351 12.534843 11.771546 11.516071 11.103398 10.660470 10.685987 10.634384 11.267065 10.796200 11.147531 11.182575 11.019280 11.273380 10.773026 11.491720 10.448200 11.287197 11.389431 11.202565 10.584910 11.065699 11.136468 11.163581 10.851370 10.800132 10.325569 10.203308 11.400052 10.774530 10.114621 11.647557 11.800339 10.364216 9.699741 10.609059 10.353782 10.025685 10.140203 10.828890 10.508020 9.648734 10.801174 11.218092 10.640632 10.752293
12.056526 11.354780 12.331649 11.562078 10.383978 10.811216 11.723858 10.364384 11.235862 11.241521 11.685594 10.961168 10.386041 10.845651 11.954966 10.822017 10.713495 11.442328 10.881628 11.178167 11.511881 11.068298 11.652554 11.949714 11.497541 11.061724 10.442403 11.521930 10.551465 11.067697 10.629802 11.251307 10.464314 10.406724 11.404504 11.305748 10.523820 10.537483 10.999132 10.782386 10.708693 10.826228 10.632568 10.694285 11.358445 10.060718 11.107146 10.724786 11.062854 10.490479 10.684871 11.024521 10.661731 9.886048 11.514899 10.814389 10.841499 9.121559 10.597694 10.406202
12.122144 11.909895 11.948707 12.819606 11.299006 10.878292 11.155940 10.658790 11.259546 11.012771 11.723066 10.692893 11.458600 10.742909 10.843215 11.279208 11.379927 11.128373 10.890269 10.585552 12.134194 10.673965 11.001767 11.854809 10.551412 10.642634 11.307461 11.303357 11.098725 10.241418 10.851281 11.196664 10.405057 9.914106 9.306238 10.736895 10.692243 10.723305 10.727964 11.110515 10.247995 10.815202 10.942202 10.477090 10.108207 11.747942 11.139501 10.153481 11.243648 9.665606 10.126292 10.722536 10.572870 11.131179 9.814109 9.430676 11.273142 9.736502 9.660749 11.426430
11.113845 11.441270 10.833017 11.325711 11.344675 11.112472 12.218685 11.594260 11.293581 10.740148 10.862947 11.014428 11.796068 10.603416 10.840052 11.123046 10.743403 9.925444 10.533034 10.666178 11.233125 11.088533 9.935178 10.144729 10.446253 12.134089 10.919283 11.863451 10.783090 10.644057 10.783488 10.595685 11.106417 11.361906 10.024619 10.734167 10.638185 11.177547 10.293200 10.715172 11.318562 10.623759 10.521498 11.455542 11.073698 11.021021 10.790013 10.482031 10.732017 11.056410 10.396544 10.315450 9.962313 9.933302 11.251644 10.474333 10.604795 10.493903 9.158485 10.132129
10.834926 11.587115 11.411151 11.077641 11.491223 10.810608 10.538371 11.257446 10.397742 11.422244 10.708781 10.852560 10.750993 10.608823 10.619979 11.427554 10.373083 11.506408 11.980417 10.901802 10.173226 10.112533 10.975068 10.455873 10.482753 11.196635 10.758352 11.234850 11.623630 10.568966 10.025272 10.736665 11.475009 11.321248 10.726563 10.300713 10.983941 11.656014 10.221614 11.029957 10.378835 10.853769 11.571733 10.313072 10.722352 10.681331 10.618133 10.889559 11.139351 9.892597 10.262145 11.197048 10.536257 11.910205 10.623139 10.156582 10.007644 10.559947 9.601445 9.770212
11.678973 11.150752 11.827705 11.773240 11.753813 11.944245 11.146412 11.458684 11.426485 10.792189 11.969798 11.033815 10.168074 12.002695 11.932157 11.395601 10.902781 10.961923 10.885341 10.741441 11.751483 10.487065 11.217771 10.175964 11.308155 10.418986 11.525188 10.987434 10.934984 10.681986 11.128703 10.899409 10.272185 10.872943 10.458504 11.513000 10.810251 10.780925 11.128643 11.427751 10.551276 10.522022 9.684264 10.519707 10.565288 10.757735 10.777666 10.623572 10.227342 10.248282 10.657671 10.474841 10.667640 10.385583 10.168412 10.295893 10.897985 10.899392 10.940047 9.851013
11.916952 10.754736 10.938299 10.587898 11.341630 11.188580 10.181571 12.412901 10.645367 10.984320 11.660739 11.620089 10.826706 10.003182 11.964777 10.847940 10.795166 11.481675 11.255474 10.791035 11.081205 10.981697 11.177163 10.366570 11.336481 10.865100 11.358105 9.943566 10.426031 10.681264 10.677370 10.433715 10.204170 10.713875 11.114014 10.580671 11.056249 9.823308 10.561186 10.118069 10.482711 10.900724 9.903918 10.298926 8.409796 11.322116 10.192241 10.168805 11.050133 10.528248 10.159172 10.507302 10.445995 10.389925 10.338716 10.777580 10.347133 11.115220 9.018623 10.079777
11.647264 11.360192 10.264700 10.439982 12.055191 10.303308 11.042253 10.410951 11.316285 11.540461 11.062009 11.034106 10.832442 11.760151 10.907759 10.988594 11.352047 11.397906 11.635021 11.442351 10.705203 11.467944 11.604786 11.438977 11.662511 10.942200 11.292633 10.158083 11.291317 11.352765 12.111029 10.753315 10.618263 11.143414 11.025105 10.162409 10.877581 10.528704 11.157915 11.203314 10.481516 11.877727 10.862608 10.705555 11.052696 10.012444 10.690914 12.045764 10.467603 10.263566 10.795354 11.679314 10.962727 10.382799 10.398201 11.237221 10.962010 10.573576 10.483396 10.570747
10.852064 11.234809 11.284230 10.454905 9.828529 11.366535 11.072120 10.937536 11.790304 11.089423 11.542738 10.969019 10.452425 10.645141 11.363564 11.311469 10.830685 11.834145 11.397256 11.240804 11.345051 10.429957 10.589112 11.170873 9.933834 11.437002 11.005824 11.670523 10.328588 10.686726 10.037047 10.622390 11.238653 10.827748 10.822223 10.433042 11.385476 11.041210 10.741502 10.512767 8.749765 11.049920 10.566607 11.393457 10.862438 10.538030 10.395601 10.658073 11.194543 10.713773 10.477217 10.008061 9.760717 11.210588 11.030894 10.573228 10.383543 10.530749 10.840196 10.133728
11.169369 10.804794 10.881421 11.338429 11.120692 10.933373 11.137532 11.470470 10.738038 11.506715 11.659118 10.996600 11.183788 11.064894 10.712448 11.354786 11.050011 11.575922 10.015543 10.991866 10.943387 10.477773 11.534177 10.691917 10.626007 10.690943 10.988240 10.823830 11.080958 11.002544 11.592130 11.263475 10.847696 10.555699 11.269829 10.226454 10.127625 10.793526 11.341087 10.224545 11.252679 10.738369 9.848371 10.464316 10.405788 11.233146 10.427485 10.531312 10.502734 11.101476 10.181533 10.486811 10.460256 11.316033 10.141413 10.378028 10.961419 10.692437 9.415678 9.782001
11.158959 11.578288 11.277131 10.542134 10.640017 11.222750 12.158339 10.949548 11.556365 11.707179 11.385528 10.643387 11.684646 11.206930 10.569032 10.595670 11.036233 11.148235 10.701420 10.730923 10.588485 10.962937 11.315092 10.208555 10.958117 11.381197 10.882325 10.927628 11.105979 10.659008 10.046831 10.340639 11.079659 9.890185 10.696678 10.312108 10.511517 10.812657 9.604568 11.839131 11.040436 10.800608 11.013315 10.318519 9.814267 10.758500 10.776955 10.739894 10.772742 10.143574 10.461071 10.111930 10.699517 10.594183 10.605669 9.665921 10.240236 11.096125 9.426887 10.719982
11.720216 11.481340 11.147530 11.380722 10.840147 11.051604 11.228524 10.373210 11.633939 11.613427 10.761239 10.785796 11.176040 10.696824 10.646036 11.260971 11.147533 11.064007 10.947432 10.849608 11.309422 11.065104 10.557123 10.334063 10.883543 11.153786 10.747582 10.507304 10.724826 10.232330 11.046162 10.916784 11.198325 10.780209 11.420101 11.300818 11.591862 11.144804 11.614915 10.670587 11.084489 10.648351 10.402641 11.272303 11.205799 10.624896 10.185759 11.196759 10.552820 10.196806 10.308641 8.991914 10.801342 11.184232 11.214230 10.328446 10.479255 11.597388 10.386190 10.091407
11.426171 11.410313 11.666148 11.667328 10.956038 12.016470 11.098586 11.071698 11.189793 10.516807 10.022874 10.807808 11.322783 11.011709 10.732013 10.649032 10.860143 10.887585 10.690404 10.350126 10.898539 10.647759 10.671227 9.784372 10.971176 11.039766 9.707127 11.396350 11.131569 12.006211 11.233721 10.971035 10.947639 10.539950 10.513658 10.730416 11.101714 10.616568 11.008502 10.967676 10.549087 10.987468 10.471324 10.542566 10.063919 10.967280 10.732094 10.699359 10.479142 10.464827 10.968446 11.074241 10.466766 10.170603 10.494745 10.865750 10.281021 9.984539 10.585619 10.610269
11.375505 11.304659 10.769755 10.678078 11.237849 10.345277 11.634063 11.056286 11.184682 11.324234 11.291776 10.655733 10.833777 11.143058 12.557735 12.970184 12.129784 11.627655 11.073338 10.947458 11.585342 10.572834 10.349346 10.974639 10.603328 10.575751 10.911048 10.811760 10.599690 10.091775 11.003025 11.430241 10.363880 10.332982 10.648803 10.799978 11.204420 11.537896 10.380487 10.965277 10.941573 10.564539 10.601001 10.365456 12.375748 10.240650 11.470177 10.176055 10.146798 10.548935 10.035284 11.168610 10.660085 10.632745 10.343720 11.258945 10.464016 11.191649 10.667465 9.747090
11.613711 11.195609 11.467733 11.458538 11.449763 10.632611 11.409591 11.818066 10.954926 10.395903 11.451532 10.027681 10.126037 10.947772 10.692639 11.533658 11.207745 10.662530 10.876901 11.585077 11.961550 11.485636 11.171882 11.057704 10.634266 10.963955 10.602241 10.374666 10.109880 11.268001 11.663801 11.131233 10.881318 10.996845 11.951342 10.173103 11.336449 10.526742 10.058014 11.128607 10.761903 10.253574 11.178968 11.361105 9.670516 10.535729 10.338855 9.922271 9.868897 10.932537 10.773140 10.505779 10.680570 10.439411 9.662114 11.046208 9.678176 10.532187 10.143697 10.306234
11.855081 10.791502 10.814112 11.816836 11.299530 10.710911 10.955325 11.647223 11.354062 11.363703 11.746680 10.963593 11.400553 11.635179 10.468668 10.669929 10.891447 11.414597 11.388514 10.713748 11.222926 10.484565 12.071933 11.090835 10.113091 11.001975 11.425505 10.523012 10.813747 10.170187 10.270349 11.275030 10.552026 11.433847 10.224768 9.960145 10.824241 10.583534 10.089083 10.570056 10.136247 11.155491 10.426634 9.746457 10.486263 10.542658 10.735754 11.462880 10.397412 10.114741 9.954579 10.385692 10.482285 10.365512 10.536463 10.388689 10.605828 10.967354 10.968842 10.132564
11.870173 11.070250 11.387568 11.514170 11.418676 11.045370 10.098767 10.847974 10.881919 10.703548 10.368922 11.505097 11.787513 10.805027 10.762761 10.875519 10.782532 11.082900 11.109757 11.498138 11.188899 10.977063 10.255875 10.120720 10.831900 10.456882 10.906576 10.723693 10.457723 10.510011 11.232460 10.733528 11.228672 11.199114 10.963320 10.136327 9.968343 9.745848 10.355948 10.366120 10.747886 11.265097 10.180610 10.916448 9.743852 9.591285 10.556009 9.565369 10.744557 11.478867 11.140450 10.299985 10.202948 9.996423 10.189874 10.427156 10.690945 10.786516 10.121210 10.380403
11.382913 10.895415 11.398114 11.306717 11.718029 11.255109 9.813088 11.314067 11.370666 11.455592 11.300036 11.834983 10.940238 11.339541 11.490601 11.533686 11.443778 11.470904 10.699415 10.764028 10.723331 10.372629 10.514968 10.434320 11.503844 10.364495 11.000984 10.439270 10.976160 11.538525 10.404360 10.520328 10.885606 10.291100 10.685284 10.095145 10.743322 9.709648 11.818530 10.820665 10.325170 10.725267 10.410011 10.292684 10.918339 10.265047 11.215826 10.429239 10.261212 10.868887 10.973599 10.378866 11.167592 10.762533 11.290463 10.755342 10.116637 10.402643 10.717351 9.972893
11.173506 10.470111 11.032821 11.251033 10.719670 11.155894 10.840605 9.121178 10.336680 11.014946 12.447158 10.993684 11.163474 10.697730 11.000876 11.093108 10.546463 10.738779 10.288437 11.018722 10.329394 10.992164 11.984067 11.847468 10.708857 10.610492 10.594992 11.014824 10.214333 11.313970 10.771312 10.997633 11.042518 10.862425 10.597377 11.056450 10.516542 11.656452 10.309084 10.921379 10.847454 10.671024 10.077627 9.794795 11.020342 10.707812 10.768455 10.350394 10.632208 9.410048 10.211455 10.449762 11.101584 10.972533 9.620788 10.156194 9.707074 10.738498 9.320253 10.453135
10.847717 10.554971 11.321110 10.860820 10.860877 11.602488 11.584815 12.147749 11.536444 10.681054 10.766867 10.065576 11.220740 11.863847 10.897646 11.070678 11.428565 10.483797 11.048367 10.708795 11.454833 11.341078 11.168865 10.463409 10.932963 10.872902 10.325056 11.764590 10.403397 10.217626 10.973973 10.604018 11.741658 11.385943 11.704288 11.015360 10.917622 10.871435 10.708834 10.902127 10.813279 10.057494 11.396629 10.654338 10.871331 10.049053 11.004367 10.596045 11.455931 9.141494 10.996256 10.713370 10.275116 9.875305 10.868885 10.678690 9.866196 10.063882 10.044492 10.352694
11.082428 12.268251 10.959354 11.258107 11.334858 11.798119 10.944462 10.793473 10.475895 10.228210 11.713854 10.965262 10.152338 10.660212 11.636356 10.299503 11.507342 11.095369 11.258660 9.896981 11.215372 11.187342 10.939161 10.750945 10.010907 11.302639 9.503761 10.770438 10.370410 11.050779 11.660116 9.625106 11.214530 11.398422 11.061670 10.690667 11.682496 11.553430 10.596982 10.527339 10.587793 10.518130 10.843704 9.871139 9.911951 10.634594 11.149790 10.210521 9.697163 11.707522 9.723716 9.978850 9.894712 10.545855 10.906040 10.055539 10.909548 10.091055 10.783689 10.898940
10.968123 10.820339 10.473168 11.487580 11.743102 11.021364 10.558950 11.628528 11.443325 11.394312 10.755915 11.825922 11.459692 10.554972 11.452110 10.741421 12.058603 10.701062 10.232077 11.107274 11.148262 10.341468 11.472600 10.186113 10.709334 11.230495 10.738696 10.848538 11.074214 11.758545 9.812079 11.008115 11.132274 10.297045 10.195805 10.564906 10.256237 9.887953 10.249884 10.367631 9.905540 9.669599 10.044565 11.313251 10.417117 12.186457 11.292165 9.577883 10.432645 11.128908 9.970999 10.338846 10.323835 9.309317 11.134284 10.469986 9.680497 10.581377 10.488998 9.614827
11.119313 10.989582 11.966076 10.710205 11.483687 10.929446 10.738204 11.443889 11.001299 11.025465 10.549608 10.645240 10.508561 10.711766 10.492261 10.425447 9.911058 10.379225 9.978728 10.855366 10.713259 10.880531 11.252396 11.009719 10.652103 11.540536 11.056738 10.777765 10.905155 10.075607 9.825078 10.228466 11.036709 9.959584 11.627623 10.239453 10.656806 11.225722 10.277512 11.354460 10.909703 10.697783 9.597011 10.875150 10.307757 10.448514 11.107676 10.823037 10.128603 11.102694 10.618923 10.979339 10.572144 10.414816 10.541332 11.327731 10.293858 10.423064 11.068874 11.436596
11.165082 11.128898 11.078742 11.579096 10.785120 10.273829 11.045657 11.049251 11.883825 10.701638 11.505215 9.917236 11.299398 10.694705 10.941991 10.200958 10.386791 10.732525 10.761374 10.943573 10.705253 10.655210 10.842804 10.081369 11.711922 10.568283 11.866052 10.639784 11.022250 11.327506 11.284612 10.818034 11.053396 10.676435 10.297040 11.434181 11.250578 10.686756 11.648039 10.551886 10.809552 10.610995 11.068853 10.800787 10.106527 10.406561 10.373554 10.383820 10.778213 10.300712 9.325354 9.841444 10.007802 10.924145 10.304248 9.744192 11.196182 9.392686 9.701333 10.730889
