data/CentralBaltic/salinity0000_01.asc
NCOLS 400 
NROWS 400 
XLLCORNER 4750000.0 
YLLCORNER 3200000.0 
CELLSIZE 1000.0 
NODATA_value -9999 
[rows 108 to 134 of 400, columns 300 to 359 of 400]
10.904007 11.702033 11.695346 11.345301 11.165559 10.366473 11.875517 10.840148 10.756627 10.756331 11.604826 10.409683 10.949384 10.718990 11.380386 11.224515 11.852141 10.336795 10.906149 11.333823 11.417014 10.559874 10.486388 11.786504 10.514442 10.472917 11.090273 10.159556 11.013947 10.478969 10.270660 11.301396 10.219768 10.437001 10.906847 10.720324 10.776220 10.115261 10.829957 10.402166 10.984620 10.512979 10.656612 11.185535 10.335755 10.399742 10.461338 10.892854 10.861729 9.090113 10.419079 10.693054 9.537910 10.173749 9.673640 10.206326 9.222873 10.974990 9.428002 9.707573
11.548395 11.424501 10.550441 10.948502 11.683949 11.557692 11.502391 12.044487 11.036961 10.575676 11.647829 10.524174 11.555892 11.049722 10.992970 10.719882 11.219012 11.387363 11.354599 10.142062 11.310433 10.260762 10.841557 11.075237 10.869534 10.626231 11.037199 11.347203 11.126393 10.766705 11.076561 10.416279 10.133207 10.697845 10.979294 10.549043 10.772688 10.734596 10.238416 9.934544 10.440284 11.019967 10.288590 9.727121 10.763974 10.671124 11.295382 10.155624 9.703729 9.099530 9.660867 10.348928 10.386593 10.382532 10.078052 9.476911 10.312378 10.651601 9.035853 10.200675
10.201281 11.669192 11.224135 11.068761 10.781085 11.541638 11.792761 11.773298 11.171765 10.486336 12.093283 10.970737 12.326061 10.313756 11.281467 11.218703 10.462957 11.155259 11.394890 10.640378 10.899206 10.674718 10.529501 10.853621 10.889070 11.345153 11.583830 11.899562 11.527858 10.433611 10.319695 10.771417 10.377509 10.910740 11.066376 9.724256 10.497919 10.734993 10.681099 11.278435 10.710800 10.759443 9.774570 10.522669 9.717114 10.563670 10.161098 8.737413 10.286955 10.010968 9.366137 9.941584 10.554222 10.784647 10.125891 10.333531 9.802928 11.112442 9.755088 10.952339
11.158262 10.433763 10.777897 11.039895 11.535144 11.367506 10.594529 11.361111 11.569402 11.117173 10.638245 10.779154 10.674841 10.310459 11.130620 11.527943 10.275249 10.773355 12.247799 11.229339 11.117288 10.326405 10.276257 10.973078 10.741810 11.426531 10.832725 10.636830 10.544986 10.321412 10.251500 9.120611 10.592701 11.204379 10.744464 9.743993 10.492533 10.363906 11.206158 10.158372 10.211562 10.406225 10.345246 10.418935 11.560935 10.321627 9.870455 10.222852 10.199289 9.906478 9.124267 9.542184 10.489319 10.541733 9.692555 10.397432 10.338286 9.747168 10.189803 10.886216
10.058255 11.714667 11.346262 11.623821 10.954086 10.760770 10.898917 10.278989 11.144066 11.547701 11.322304 10.835261 10.993878 10.041375 11.410168 11.780361 11.272706 10.669714 11.018274 10.683769 11.339171 10.681741 9.848865 11.293828 10.188664 10.020342 10.876937 9.930707 11.399699 10.554221 10.773414 10.167227 11.126366 10.376278 10.586007 10.762969 9.842220 10.208823 10.556837 10.590581 10.111554 10.032189 10.486896 9.856273 10.598032 10.145659 10.384930 10.139769 9.622552 10.140546 10.383473 11.179043 10.411670 10.447976 10.940646 9.618384 10.464844 11.165486 9.328573 10.316072
11.633797 11.253057 10.544632 11.596870 10.702371 10.558473 10.528377 10.501356 11.077770 11.764882 10.896828 10.933678 11.424345 11.279711 10.443492 11.168062 11.275683 11.012372 9.881922 11.967769 11.019993 11.397846 10.092374 10.757611 10.590236 10.573111 11.165213 11.119753 10.296882 11.239385 11.040016 11.662530 10.823767 10.048245 10.409793 9.600416 9.495738 9.984619 10.787151 10.292577 10.418080 9.814574 10.535917 10.670056 10.821360 9.650110 9.552268 10.301028 11.113403 10.826288 10.007804 10.637029 10.788996 11.152717 10.270298 10.280673 10.551741 10.804452 10.290912 10.570408
12.088834 10.947240 10.714770 11.539363 12.132781 10.517246 11.840068 11.301958 11.385287 11.808965 10.635035 11.653457 11.830026 11.347550 11.557293 10.758450 10.515481 10.182322 9.988029 9.839510 11.040258 10.356624 10.558330 11.054213 10.991183 10.038261 10.318934 11.196969 11.062797 10.600110 10.461656 9.728072 10.556511 10.734072 10.210612 10.492639 10.235204 10.379821 10.936620 10.186794 10.352740 10.269400 10.295150 10.324782 9.968247 10.057665 9.336766 10.837424 10.861253 9.752994 9.061390 9.813581 10.701817 10.173735 9.829384 9.360928 9.555585 10.884137 9.675821 9.672206
10.799237 11.135106 11.209315 10.285852 11.487905 11.520881 12.260058 11.670250 11.545896 11.702744 10.810956 11.420494 11.454157 10.591208 11.337776 11.143649 11.505025 10.744468 11.768079 11.798753 10.601598 10.805260 10.483895 10.747562 10.103156 10.795531 10.742820 10.343723 10.117245 10.306915 10.814311 9.862631 10.792670 11.097820 10.975704 10.663606 11.128216 10.681938 10.874220 10.999951 10.520821 10.108215 10.462299 10.512377 10.189607 10.814726 10.760254 9.901075 10.159296 10.513581 10.154284 10.204258 9.926329 10.475568 10.417084 10.391898 9.765085 10.290598 10.586755 10.048893
11.539420 11.952399 12.046510 11.636497 10.723275 10.734790 11.891691 11.189808 11.419725 11.214104 10.937439 10.752927 10.647823 10.759643 11.638385 10.790787 10.364431 10.661299 11.182769 10.758792 10.400418 10.424466 9.948505 10.885034 10.537788 11.407234 10.350178 10.526218 10.191120 10.286129 11.245568 10.858181 10.583539 11.112357 10.463999 10.584355 9.934297 11.700829 10.348605 9.822287 9.720465 10.275950 10.025248 9.904417 10.275027 11.286682 9.732906 10.355499 10.244612 9.647081 11.258960 9.997339 10.047285 9.987713 10.001880 9.970002 10.681921 9.858426 9.968076 10.738992
10.654658 10.844046 11.427099 11.359098 11.638385 11.379390 11.314717 11.373736 11.042811 11.079906 10.902062 11.218263 10.605110 11.007880 11.281392 11.616054 10.613234 11.333625 10.247019 11.338220 11.447493 10.835690 11.364189 10.625473 11.212331 11.326613 10.272147 11.107352 11.193458 11.044926 10.181582 10.774245 11.261424 9.884260 10.972703 11.134775 9.883125 10.352339 9.748929 10.316158 9.950991 10.512354 10.506574 10.664177 11.471039 10.552531 9.630589 9.749821 9.744481 9.349451 10.485063 10.680721 10.070859 10.375622 9.248945 10.458985 10.136526 9.483727 10.069113 10.728013
11.859033 11.381298 11.759862 11.864398 11.522024 10.947600 11.150027 10.464931 10.756450 11.142483 11.765877 10.941574 11.198189 10.646778 11.220761 10.944374 10.534798 10.027278 10.949004 10.431230 10.940396 11.142964 10.675399 10.975755 10.466762 10.115360 11.118174 11.171521 10.614289 10.804500 10.642185 9.868127 10.480253 11.412444 10.788557 10.184020 10.238780 10.109058 10.373524 10.832977 10.256028 10.825338 9.812483 9.324392 10.204259 10.740020 10.332272 10.369696 11.029444 10.163938 10.383033 10.073829 10.933817 9.808020 10.336581 9.719013 9.464629 9.612155 10.114820 9.812132
10.895965 11.550595 11.612769 10.703530 11.484347 10.415695 11.135993 10.470801 11.840335 11.716595 10.757892 11.276106 10.517895 11.051587 11.166820 11.421590 10.876255 10.503045 10.900401 10.408445 10.889317 10.389917 10.957250 10.476265 10.489300 9.846589 11.067358 10.201038 11.090149 10.168619 11.145723 10.866221 10.325619 9.979210 9.768876 10.783153 10.145841 10.361895 9.991996 10.618606 10.971709 10.231579 10.466201 10.457269 10.168530 10.282380 10.116368 9.322238 10.003474 9.643378 9.076107 10.829931 9.763627 10.359199 10.524121 9.725105 9.993950 11.240632 10.197469 9.042916
11.574393 11.021760 10.979124 11.054933 11.671281 11.369636 10.869041 11.307717 11.776227 11.428900 10.733004 10.964518 11.455541 10.968702 11.312191 11.151239 10.897921 10.131889 10.205796 10.789223 11.070836 10.491911 10.723653 9.846363 10.917861 10.482944 9.971816 11.186388 11.087664 11.037007 11.038654 11.165611 11.000152 9.947156 9.433036 11.152680 9.793844 10.933832 11.133177 10.933566 11.636589 10.637342 10.006447 10.153505 9.025320 9.780559 10.574947 10.213618 11.130931 9.795165 9.079988 10.221873 10.407538 9.543706 9.695121 9.630473 9.994126 9.971727 10.235354 10.144923
11.093447 11.471329 11.330040 10.743688 11.436388 10.987229 11.105827 10.952108 11.530168 10.963663 11.041072 10.790760 11.509696 11.094048 9.840512 11.223416 11.363318 11.511389 11.001976 10.452884 11.646023 10.861504 11.661049 10.521129 11.623291 10.698604 10.558326 9.828274 10.427449 9.943750 11.131190 10.398028 10.940988 11.035691 10.619309 9.854951 11.340448 11.001652 9.260863 9.385252 10.178439 10.151496 9.760932 9.154084 9.990869 10.046845 10.219057 9.666889 10.476572 9.854824 10.320267 10.577296 9.849380 10.529846 10.189972 9.672026 10.103012 9.522821 9.886611 10.359270
11.717099 11.101123 10.931122 10.975962 11.519130 11.918478 10.736249 12.107021 11.490993 11.090891 11.076475 11.075529 10.306750 11.146661 10.431110 11.395679 10.750596 10.732798 10.865032 11.228594 11.118700 10.826736 10.771455 11.101220 10.937277 8.976719 10.004618 9.786342 10.834057 10.841128 10.608371 10.347697 10.486456 10.309323 10.699793 9.888931 10.452044 10.499013 9.358426 11.412536 10.772996 9.345197 10.696755 11.182649 8.977588 10.215970 9.825520 10.824136 9.714536 10.574666 9.720772 9.859697 10.195496 9.491739 9.870808 9.239082 9.948093 10.807237 8.830619 11.030272
11.993440 10.816636 10.801340 11.450256 11.227799 12.194162 10.907132 10.493886 10.936258 10.898201 11.527733 11.475339 11.089063 11.238883 11.814551 11.158583 10.960541 10.831556 10.074583 10.904810 10.396236 11.514454 9.566725 10.632472 10.912189 11.622767 10.560155 10.821980 10.150679 10.239281 9.953214 9.409728 10.367365 10.482241 11.105699 10.484905 10.475119 10.390004 10.180822 10.367220 10.648798 10.775482 9.900644 10.184925 10.711924 10.655374 9.637104 9.836923 9.910497 10.223820 9.075319 9.105290 10.106391 10.623217 10.025828 10.319270 10.755800 10.278643 9.724342 10.517332
11.613279 11.410877 11.255358 10.751970 11.179805 11.171528 11.281771 11.283789 11.714107 11.055958 11.397012 10.556226 10.325278 10.816697 10.867152 10.867286 10.998341 10.035551 11.411627 10.991923 10.701292 10.240129 9.778421 10.643949 10.603376 11.260451 10.978873 10.209378 9.710827 9.759841 10.232055 10.498872 10.640681 10.798666 10.849566 10.646955 10.969061 10.022580 10.247560 10.247564 10.270865 10.871493 10.885732 10.566597 10.126950 10.287679 10.591492 9.481936 10.256976 9.940703 10.318214 11.015874 9.064626 10.433155 10.767669 10.374382 9.718443 9.893950 10.142050 10.412788
10.111473 11.167522 10.821365 10.359645 11.434862 11.062752 11.071262 11.907435 10.160065 10.920936 11.183681 10.851539 10.403415 12.025952 10.387239 10.808645 9.307418 10.091751 11.126888 10.613598 10.451917 11.063116 11.061232 11.186978 10.288041 10.759137 10.762276 10.505651 10.031034 11.869720 9.919636 10.756569 10.824208 10.725409 10.558207 10.536702 9.904143 10.432457 10.212559 10.908350 11.321314 10.975968 9.757766 10.367319 10.306965 10.009137 10.374070 9.969539 10.773346 10.248611 10.101217 10.731179 10.158960 9.683136 9.923645 9.711903 9.896767 10.325939 11.334735 10.452711
10.748363 11.640603 11.705992 10.204242 10.991104 11.010862 10.147734 11.088340 10.911834 11.508680 10.272887 11.893983 11.100150 10.495652 10.697877 11.041155 11.327192 11.043900 10.248439 11.085936 11.060496 10.539882 10.932367 10.104430 9.595494 10.270167 11.187916 10.367886 10.703966 11.367248 10.793404 10.482855 10.993198 10.364628 10.279471 10.861842 9.356066 10.475964 9.950557 10.344743 9.878818 9.544536 11.248225 9.926030 10.476766 10.749107 10.716237 10.932746 10.586998 10.394662 10.189448 9.837947 9.586847 10.356533 10.710223 10.027950 9.812168 9.806042 10.514710 10.169290
11.440764 12.215341 10.512861 11.694175 11.611516 10.694310 11.196636 10.635588 10.950734 10.731795 11.050855 10.639553 10.457414 10.910460 11.392769 10.704585 11.022890 10.463817 11.107687 10.721145 10.852325 9.923401 11.244252 10.717802 11.001192 10.040722 11.035205 9.702255 11.125200 11.573215 10.114348 10.516991 11.220098 11.665130 10.215471 10.205796 10.922303 10.314659 11.569978 9.871435 10.744881 9.937023 10.338345 11.305372 10.179160 9.976221 10.489896 11.052974 10.827153 9.623549 10.665961 10.305288 10.595121 10.345071 10.542355 10.010876 9.962355 10.334074 9.772654 9.393367
11.745520 11.319055 10.886158 10.525932 11.641342 10.762023 9.807012 10.831367 11.053840 10.242513 10.959757 10.444244 11.500291 10.018109 10.707183 11.770609 11.611591 11.630141 10.616168 10.913853 10.179734 11.025782 10.439849 11.067608 9.925921 11.311431 10.381662 10.373485 11.040411 10.266443 10.375282 10.226125 10.349699 10.926766 10.630395 10.213346 10.775011 10.124626 9.870664 10.227300 9.698765 9.884165 9.889377 10.577816 9.908008 10.325095 10.736262 10.190859 10.436508 9.928628 9.974600 10.150010 11.016914 9.655941 10.134944 10.661415 10.252699 9.538095 10.600714 8.995769
11.040958 11.226679 11.420074 11.177237 11.497135 11.550012 10.800466 11.020147 11.152844 11.080393 10.725288 10.459667 10.985292 11.111120 11.092221 10.832351 11.298463 11.055573 10.498758 10.390745 11.311356 10.603435 10.912763 11.161718 11.817008 11.663436 10.003535 10.456980 11.057995 10.999856 10.167883 10.882841 9.419325 10.426996 10.760822 10.617685 10.894241 10.842509 10.579853 9.583141 10.915589 10.621706 10.349077 10.633403 10.183814 10.863058 10.416729 10.137446 10.814389 10.175649 9.576802 9.909420 10.934484 10.848649 9.471236 9.669976 9.272005 10.249022 9.938630 9.736917
11.516932 11.042415 10.763519 9.874742 11.215007 11.370151 10.561820 10.932250 11.209938 10.557440 11.535517 11.010608 11.308221 11.142542 11.265524 10.519199 10.358282 11.110424 10.937813 11.606459 10.440931 11.012050 11.198015 10.620374 11.073048 10.084543 10.610399 10.237058 10.714800 10.720029 9.951680 10.118663 11.166447 10.269502 10.397414 9.832054 10.673531 11.040654 10.827642 10.713636 10.924389 10.490415 9.958581 9.969074 10.222946 10.474888 10.232863 11.123833 10.097712 9.619514 9.687137 10.126409 9.732622 11.260376 10.591445 10.144209 10.769231 9.747368 9.575252 10.354953
12.174195 11.040408 10.835391 11.842168 12.017822 11.248354 10.636991 10.548974 10.721593 11.612349 11.878337 10.648239 10.160659 10.418968 11.969641 10.445946 10.249253 10.776207 10.697341 10.612972 10.467243 10.454196 11.357997 11.284708 11.566161 10.903047 10.328055 10.658323 10.795069 10.886457 10.491750 10.268559 10.480903 10.264715 10.389268 10.228793 10.738510 10.718844 10.770670 10.581442 10.252482 10.614545 9.562464 10.370071 10.776386 11.171713 10.112635 10.012357 10.508890 9.661736 9.741441 10.537801 9.143393 10.465565 10.553062 9.950186 9.647719 10.156171 9.993470 10.230888
11.152411 11.644819 11.105578 10.646710 11.137317 10.588044 11.149067 11.000711 10.942077 10.633704 11.583910 11.134709 10.854148 10.895168 11.779585 10.685432 10.869222 10.331555 11.215667 12.008709 10.103827 10.389256 10.027356 11.332808 10.541456 10.661618 9.941812 10.735172 9.716926 10.096797 10.154973 10.526854 10.319096 9.885097 9.813733 11.054549 10.963505 10.847100 10.394755 10.333218 9.605090 10.444463 9.970483 9.911420 10.674298 9.981468 11.192664 10.258154 10.409354 10.286033 9.704183 9.396388 9.477115 9.172579 9.290742 10.315273 10.247209 9.088701 10.382286 10.065017
11.407372 11.319182 10.487838 11.481244 11.202335 10.785504 10.980029 11.255891 10.734575 10.789310 9.745080 11.572749 11.402817 10.597090 9.782843 10.208942 10.495020 10.746693 10.537883 11.110639 10.469000 10.477582 10.454928 11.006937 10.449747 10.222211 10.746933 10.968430 10.477982 10.607476 10.053437 9.779837 10.941659 10.234850 10.474969 9.637563 9.708909 10.898749 10.283163 10.231954 10.114404 11.045276 10.588771 9.178088 10.542961 9.801093 10.280886 11.092110 10.509872 9.355126 8.801823 9.641993 10.676880 9.833361 9.848949 10.212612 10.241859 10.015644 9.860778 10.665460
11.166994 11.209263 11.380856 11.754374 11.379344 11.847265 11.140817 10.611920 10.762265 11.941990 10.805731 10.841282 11.284273 10.161349 9.570890 10.940947 11.453819 11.143924 10.389539 10.902695 10.507511 9.939919 11.784989 11.355057 11.343391 10.814812 10.835269 10.314073 10.827186 10.163836 10.948699 11.425525 9.997077 10.069392 10.548292 10.312835 10.784004 9.655352 9.745898 10.615160 9.070543 9.994918 10.082561 10.139289 10.612556 10.957898 9.845373 9.439895 11.174837 10.088099 10.331082 10.536036 10.276946 10.880291 10.381159 10.909297 9.404825 9.192541 10.128482 10.586734
