data/CentralBaltic/salinity0000_11.asc
NCOLS 400 
NROWS 400 
XLLCORNER 4750000.0 
YLLCORNER 3200000.0 
CELLSIZE 1000.0 
NODATA_value -9999 
[rows 270 to 296 of 400, columns 183 to 243 of 400]
9.819677 10.074039 10.525469 9.780911 9.970203 10.008709 9.913191 10.700442 11.635162 10.879796 9.944528 10.377964 10.531834 10.112143 10.071092 9.937660 10.633973 9.656911 9.661097 10.324021 10.584908 10.423329 9.717797 10.877387 9.409400 10.565993 11.094208 9.772977 11.265694 10.544822 10.950585 10.273702 10.688412 9.926115 10.332766 10.555425 10.342428 10.637897 9.925742 10.184871 10.280667 11.218589 9.924966 9.585541 9.688795 9.879007 10.041121 9.867824 9.669389 9.970377 9.933375 10.834348 10.251805 10.453602 9.771505 9.105631 10.590789 9.851741 9.965597 10.189967 9.988922
10.764769 9.637070 9.353921 11.504761 10.186182 11.133256 10.822252 10.040813 9.732387 10.687803 10.621004 10.211623 10.694062 10.032174 9.755650 9.936715 10.323979 10.112532 10.290847 9.889958 10.420374 10.909747 9.433930 10.389295 10.087360 9.872978 10.013373 10.267974 10.595750 10.411771 10.149225 10.321901 9.673657 9.372791 10.424651 10.087804 10.483511 10.143729 10.354571 10.749265 9.248171 10.456720 9.921755 9.761275 9.375694 10.422577 9.243167 8.913759 9.607558 9.775657 10.221657 10.029145 10.270519 9.758513 10.205426 9.587344 10.376344 10.281676 9.759819 9.896541 10.000765
10.288059 9.861839 10.690586 10.251500 10.520704 10.402445 10.869985 9.913484 10.735105 11.090843 10.201133 10.888024 10.577587 9.995347 9.955299 10.169900 10.585204 10.690514 10.032396 9.448961 10.784102 9.951066 10.311423 10.493999 10.362728 9.509437 9.404681 10.114286 10.623875 10.013158 10.145279 10.771190 10.861977 10.150860 9.931662 9.442667 9.153845 10.975746 10.652926 10.317285 10.218649 10.144092 10.520694 9.411637 10.715884 10.064187 10.550813 10.051317 9.945514 10.376696 10.251136 9.495576 10.323231 9.681558 9.811291 9.714834 10.352626 9.821521 9.987771 9.406454 10.583990
10.313360 10.801620 10.366001 10.281969 10.502315 11.295832 10.876421 10.915050 11.427283 10.828468 11.164885 9.672941 10.558695 11.106751 10.627604 11.266658 10.751869 9.596191 9.964757 11.079440 10.223822 10.073236 10.410904 9.729117 10.290139 10.535383 10.809524 9.877830 10.496055 10.607513 9.251648 10.593182 9.706787 10.373143 9.840239 10.182033 10.951448 9.729342 10.694497 10.813445 11.067345 9.644466 9.801586 9.493927 10.243842 10.193984 10.520273 10.401436 11.073049 9.112270 9.433169 10.348846 10.799596 9.388605 10.357263 10.040707 10.266726 10.522865 9.336966 9.493356 9.981352
10.288190 11.411663 10.682679 11.016434 10.779461 10.362453 10.291455 10.331342 11.685445 10.404602 8.974338 10.561619 9.903960 11.173474 9.230345 10.735647 11.098714 10.292924 9.670306 10.536242 10.890676 10.126463 9.802166 10.404478 10.748386 9.846393 10.085519 9.545862 10.812007 9.832306 10.008317 10.629721 10.592433 10.464597 10.217229 9.850900 9.753046 9.632578 10.191817 10.032021 9.585586 10.025062 9.944085 10.472444 10.857816 9.632190 9.892404 10.176035 10.700218 9.532060 9.415470 10.316796 9.961788 10.126602 9.777761 10.159456 9.579732 9.780700 9.194871 9.555803 9.347651
10.536011 10.345125 9.637544 10.002546 9.749525 9.813488 9.869666 9.905293 10.818941 9.806697 10.737151 10.821046 10.356643 9.591849 10.082236 10.304839 11.207115 9.586775 11.067052 10.691649 10.710887 9.694128 10.219860 9.897698 9.780026 10.643156 9.479252 10.438709 10.771692 9.969488 10.337705 9.839333 10.198954 11.416713 10.259616 10.072841 9.254805 10.986852 11.084038 10.114622 9.641188 9.455817 9.758141 10.073824 10.473132 9.892307 9.838446 9.481448 10.139149 9.781060 10.060507 10.528640 10.712709 9.917070 10.597697 9.662706 10.383504 9.848782 9.334497 9.550189 10.249058
10.832005 10.690128 10.066334 10.062513 10.607890 10.423193 9.969337 10.697617 10.448060 10.484059 9.461535 10.987923 10.648093 10.756807 11.112879 9.810643 10.091671 9.540797 10.661697 10.080035 9.921326 10.626235 10.767002 10.107875 10.270161 10.359877 10.261577 10.067446 9.526902 10.314527 10.355470 9.784051 10.253022 10.648959 10.013020 10.067632 9.346116 9.779420 9.385149 10.072950 9.403094 9.082343 11.049289 9.867769 10.170873 10.058854 9.918804 9.467078 10.031556 10.261197 9.776613 10.615876 10.691471 10.393533 9.476679 10.086225 10.321891 9.476287 9.653634 10.024949 9.976258
10.414236 10.672960 11.207164 10.274896 10.473464 11.178995 10.268858 9.398664 10.338920 9.157687 10.018516 10.090771 10.798279 10.115528 10.229998 9.631317 10.568187 9.943262 9.371360 9.847727 9.904535 9.832252 10.328958 10.186461 9.839178 10.127716 10.240282 9.593289 10.560492 10.336476 9.160427 9.917165 9.215206 10.090620 9.839546 10.558549 10.671978 10.279104 10.339419 10.214626 10.569923 9.704212 9.593262 10.236602 11.194764 10.194472 10.638132 9.813810 10.614040 9.789001 9.213046 9.543390 10.331033 9.669964 11.297833 10.114687 10.048295 10.029108 10.238560 10.002728 9.719419
10.321465 10.400653 10.526752 9.582434 9.937887 10.560117 10.469945 10.330080 10.383944 9.923780 9.365921 10.262674 10.339399 9.520164 10.749960 10.223321 9.994900 10.010538 9.613231 9.853330 10.638210 9.888118 10.429852 10.532904 10.054486 9.893035 10.208988 9.062547 10.425632 10.296943 9.976083 9.749956 11.052859 9.746637 9.636021 9.225854 10.366721 10.483489 9.591758 10.054288 9.908625 9.329501 9.411328 10.730214 10.189864 10.617557 10.212675 9.924995 9.410268 10.251792 10.367610 9.829353 9.885429 8.979251 9.743277 9.588307 9.907196 9.370625 9.368579 10.603961 10.395698
11.094831 10.086440 11.120266 10.143540 10.719214 10.320658 11.050400 10.221457 9.696377 11.270848 10.506475 10.520510 10.700343 10.787978 10.892649 11.194103 10.591937 10.075314 10.208939 10.036678 10.273961 9.668461 10.833864 10.193071 10.546818 10.096100 10.280299 8.936470 10.446119 9.534345 10.126186 10.109753 10.737279 10.019650 9.791595 10.132642 10.590952 11.166056 8.953002 9.256927 9.855057 10.466005 11.311486 9.633649 10.453494 9.978057 9.787353 9.612476 9.039041 10.164379 9.548478 8.919258 10.155652 9.592944 9.941238 9.964815 9.603204 10.079448 9.814583 10.653340 10.637703
10.891853 9.555470 10.289820 11.200341 11.119842 10.756557 10.937814 9.734768 10.265608 10.386638 9.681772 9.493079 10.144309 9.779287 10.240937 9.377620 9.213701 10.482321 9.437494 9.681856 9.878197 9.716864 9.232895 10.387036 10.599161 10.279559 9.659149 9.220472 10.022778 10.184981 10.156149 10.485977 9.641342 9.668780 10.667456 10.742044 10.823641 9.758324 9.773278 9.372250 10.228654 9.859122 9.309458 10.364849 10.193780 10.837282 10.053244 9.346185 10.061269 10.006665 9.993925 10.297912 10.370868 9.734221 9.438710 10.057785 10.055592 9.384695 10.045287 9.876217 9.969380
10.515436 10.016947 10.434135 10.233201 10.285809 10.681008 9.167329 10.957927 9.823171 10.275423 10.151268 9.412731 10.046799 10.584690 10.034321 10.807377 10.031126 10.690768 9.411479 10.787650 10.312935 9.456151 11.486803 10.292138 10.201722 9.970062 10.268277 10.103281 10.284212 9.347426 10.495827 9.929185 9.712271 9.438368 9.555855 10.610374 9.674143 10.455885 10.302370 10.720295 9.850332 10.479337 10.194174 10.163958 10.118167 10.122815 9.456409 9.419582 9.648862 10.032265 9.578266 9.833796 10.623645 10.018662 9.721010 10.134252 10.117719 9.263842 9.762229 9.561410 10.377605
9.586414 10.824224 10.524771 11.027017 10.328207 9.349067 10.401990 11.127410 10.345717 10.456584 10.063906 10.628894 10.824490 10.212255 10.291288 10.519073 10.881924 10.257235 10.163084 10.110440 10.258725 10.257974 10.114014 10.077981 10.936575 10.272814 9.056524 10.378364 9.472274 10.162035 10.173034 10.261007 10.006775 10.167190 9.603566 9.947823 10.328693 9.984354 9.226435 10.500376 9.957751 9.912699 10.155047 10.423174 10.301555 9.747482 9.676364 9.146376 8.541352 10.046410 10.295890 9.698866 9.850960 9.638928 9.457771 9.970262 10.596781 9.814320 9.930502 9.950093 9.871462
10.103037 9.614089 10.251267 9.508857 9.406211 11.227976 10.250159 10.673205 10.428794 10.585019 9.212542 10.524172 9.806763 10.123364 11.027635 10.401664 10.039671 11.124765 8.828833 10.844276 9.678207 9.535228 10.339649 10.222069 9.931128 9.848291 10.292258 10.172024 9.132935 10.166384 10.872187 9.999326 8.961219 10.020945 9.939023 10.550226 10.335089 9.645273 9.536802 9.675316 9.665415 10.706804 9.482211 9.595858 9.539293 10.384962 10.448369 9.635256 10.054201 9.469472 9.549392 10.186731 9.787443 8.884731 9.669543 9.105950 9.393345 9.400228 9.117560 9.801603 8.715658
10.684610 10.731458 10.110681 9.414791 9.527080 10.770934 9.947673 10.101161 9.494526 9.965213 10.152538 10.699337 10.727281 10.996967 10.244862 10.998425 10.103868 10.389405 9.501721 9.845642 9.937998 10.048273 9.925922 9.941727 10.364021 9.680532 9.604575 10.546332 9.920020 10.248165 10.411757 9.918709 9.738565 10.618141 9.572090 10.348788 10.127964 9.518674 10.781405 10.509962 9.183507 10.028066 9.498212 9.504893 10.144693 10.491072 9.746376 9.430328 10.362925 10.142033 8.949191 9.410341 10.160192 9.654559 10.316452 9.864931 9.952572 10.291070 11.029351 8.930849 9.914291
10.174408 10.310414 10.050506 10.413912 9.578404 10.332799 9.344164 10.669668 10.107586 10.003770 11.278017 10.886109 9.469906 10.227166 9.902188 9.963423 10.199347 10.008036 10.293075 9.636090 10.064303 10.656065 11.174258 10.808792 9.869987 9.996280 10.002239 9.640406 9.481048 10.392514 9.667042 9.438626 9.855445 9.780071 9.174940 11.024675 10.364663 9.778528 9.963811 10.247100 8.678551 9.155156 10.134678 9.412355 9.922614 9.782872 10.482061 9.571686 10.100821 9.693914 9.533590 10.501895 8.872023 10.559107 10.373681 9.786884 10.019599 9.495974 10.423643 10.212830 10.082440
9.463508 9.682752 10.568553 10.169388 10.004484 9.721729 10.617740 9.684982 10.492800 10.263921 10.424905 10.688661 10.614616 10.086100 10.017784 10.485226 10.153041 9.575947 10.283212 10.633948 10.089309 10.058729 10.898957 10.512148 10.132199 9.940999 9.889831 10.772242 10.532470 10.337379 10.240671 9.274695 9.746162 10.226153 8.879570 10.540563 10.665502 10.556807 9.257602 10.934230 10.559096 9.434401 10.086139 10.601386 10.565062 10.095890 10.374773 10.569698 10.169261 10.483170 11.233870 9.584465 8.892310 10.006653 10.398069 9.695201 10.518554 10.690895 9.658405 10.979943 9.610452
9.276798 10.379530 9.786006 10.896240 10.416984 10.388862 9.779752 10.033534 10.690893 10.075062 9.586432 10.290720 10.269732 9.638874 9.726362 10.420605 10.201991 9.993809 10.732773 9.277841 10.322792 9.465191 9.844698 10.049999 9.822397 9.609623 9.543482 10.200145 10.004210 9.741274 10.421544 9.332379 10.067556 10.414265 10.521300 10.216614 10.638090 9.986825 10.486179 11.009832 9.579002 10.121257 9.835052 10.288989 10.150715 10.789518 10.185723 9.780622 9.572693 9.486184 10.711617 9.347192 10.266223 9.184082 10.017019 9.889510 9.871262 9.740750 8.803747 10.320474 9.767163
10.602217 9.678872 10.389044 10.360394 10.541552 9.540827 10.965347 10.811845 9.573611 10.496369 9.405615 10.443745 9.149287 10.232702 9.512659 10.377458 9.422397 10.161129 9.890858 9.882837 10.220266 10.265626 9.854586 9.892975 10.130258 10.377996 8.655427 9.490131 9.613536 9.574846 9.933420 10.660171 10.869364 9.696962 9.750857 9.780432 9.360788 10.154771 9.683131 10.466363 10.405854 10.542729 8.781186 9.198181 9.670968 9.454007 10.056321 10.260595 10.688296 9.194317 9.308884 10.136553 9.147903 9.591942 9.489636 9.973192 9.153149 9.069960 9.604608 9.955359 9.448324
10.512885 10.779537 10.673270 10.255788 10.864569 9.984261 10.476540 10.952383 10.338359 10.801175 10.244866 10.026143 9.317460 11.488840 9.837727 10.104199 10.348392 9.251130 10.660378 11.053211 9.729329 9.927478 9.790508 10.586026 9.817762 8.509704 9.740077 10.225645 10.522859 10.469387 9.700925 10.556541 9.547068 10.634935 9.918727 9.723322 10.964293 9.820870 10.472092 9.395789 9.890673 10.324505 9.837523 10.399527 9.721935 9.033458 9.190040 9.067888 9.896564 10.423236 10.264001 9.725803 10.840849 9.503461 10.377189 10.371469 9.787180 10.127192 9.793303 9.483166 9.369088
9.772489 10.010489 9.604941 10.005217 10.156851 10.630583 9.592341 9.985840 9.612360 9.988593 10.927526 10.058820 10.867551 10.006282 10.281613 9.296498 10.029508 10.127568 10.138907 11.620885 10.739050 10.442989 8.981156 9.882872 10.791936 9.680691 9.804422 10.201925 9.579437 9.985424 10.587466 10.461500 10.858760 10.566473 9.616110 10.124670 10.284806 10.180067 10.601181 9.995005 10.410406 10.102356 8.682279 9.221745 10.782555 9.805927 9.418855 9.746687 9.681244 10.734899 9.867288 9.587719 8.971143 9.720451 9.924766 9.418265 9.872095 9.649991 9.962209 9.174541 10.301744
10.430707 10.166823 9.149296 10.333427 10.628502 10.394755 9.828923 9.740183 9.483446 10.278076 10.174725 10.181656 9.632126 9.843964 9.746602 9.657879 9.874840 10.796826 10.100706 11.071781 8.927196 9.386105 8.731668 10.260402 9.541389 9.524527 8.963045 10.093366 9.517483 9.649989 9.843334 10.282573 10.039641 9.179542 10.693186 9.329545 10.846957 10.485507 9.075809 9.443403 9.932621 10.023696 9.430751 9.697507 10.205196 9.204716 9.721134 10.384546 10.091038 10.392039 9.868465 10.272700 9.156283 9.372159 9.221626 9.967280 9.739783 10.224074 9.936058 10.104579 9.383943
9.899523 9.667354 10.858873 10.835655 10.372297 10.624887 10.218836 10.339282 9.655273 11.133720 10.174087 9.924733 10.049015 10.151058 9.548564 10.306834 9.328297 10.487147 10.067990 9.775144 9.208420 10.470187 10.420103 10.803987 9.772602 10.326426 11.112971 9.592737 10.495220 9.331666 10.050038 10.009329 9.911247 10.009204 10.752467 10.616470 9.677291 10.559546 10.128877 9.132925 9.544025 10.686562 10.243189 9.250578 9.872619 8.908664 9.249184 9.813436 10.375511 9.451979 9.695918 9.202940 9.730417 10.406108 9.808660 10.163352 9.323594 9.506396 8.978147 9.066829 10.037491
11.004391 10.505133 10.411872 10.215876 10.309688 11.145970 9.828103 10.138893 10.441686 9.489595 10.651812 10.253826 10.171072 10.004117 9.839858 9.979307 10.954480 10.141263 9.412675 9.134880 10.116285 9.496836 10.558399 9.807422 9.480736 10.536764 10.548418 10.058150 10.072715 8.642739 9.798808 9.807152 10.054342 9.585987 9.942346 10.205351 10.257309 9.772629 9.755846 9.768473 8.994302 10.032368 10.987201 9.184731 10.126945 10.295860 10.511547 10.082632 9.297235 10.367536 9.820797 9.648354 9.566982 9.646443 10.585707 9.840427 8.997827 10.194166 8.525478 10.471419 9.211134
10.410477 10.019239 9.621609 11.021201 9.890602 9.427725 10.208270 9.980426 10.689489 9.545558 10.544790 9.968998 9.747267 9.209158 9.466847 10.315539 9.837414 9.215991 10.520414 10.531238 9.160918 9.387173 9.586788 10.906513 10.499114 10.433768 9.638445 9.295268 10.039115 8.972786 10.743565 9.232867 10.040651 9.488537 9.204053 10.491632 9.211140 9.335614 10.423960 10.636156 9.379576 9.844286 9.409916 9.293556 10.084316 10.101746 9.816637 9.776527 9.573939 9.479550 9.554356 9.092467 10.454310 9.368448 9.775488 10.377984 9.803159 9.245468 9.731997 9.705025 9.459453
10.264457 10.605257 9.829667 9.824517 10.147068 9.645099 10.211174 9.905088 9.985724 9.717314 9.912589 10.263001 10.339052 9.788949 10.051410 9.412301 9.892586 10.546534 9.594589 10.089578 9.800908 10.549394 10.027634 9.483855 9.901959 10.246087 9.885572 9.680274 9.862813 9.716313 10.060609 9.662769 10.497301 9.676640 10.218019 9.518992 9.011569 9.410091 9.396881 9.401603 10.654247 11.033990 9.017838 9.611053 9.446588 9.788810 9.766935 9.526280 9.327712 10.009456 8.525653 10.446556 10.930500 10.006626 9.096818 9.415683 10.126969 8.911779 10.398264 9.499781 9.808777
10.611257 10.200331 10.496284 10.010994 9.387203 10.360674 10.508137 9.834240 10.409053 10.141460 9.044695 9.809301 9.842173 10.032272 10.402016 10.227165 10.024201 10.467701 10.147558 9.813278 10.934977 9.895039 9.404274 8.788322 9.904814 10.407403 9.405178 9.738898 8.942844 10.210571 10.473711 8.993018 10.642772 10.497742 10.014474 9.397054 9.966508 9.950067 10.041611 10.151810 9.438654 9.744182 9.781361 10.554994 10.220177 10.218281 10.048467 9.834944 9.138439 10.712410 10.672553 9.690222 10.224306 9.517367 8.412942 10.093191 9.689373 9.642394 9.231030 10.100738 9.437416
