data/CentralBaltic/salinity0000_08.asc
NCOLS 400 
NROWS 400 
XLLCORNER 4750000.0 
YLLCORNER 3200000.0 
CELLSIZE 1000.0 
NODATA_value -9999 
[rows 364 to 391 of 400, columns 248 to 309 of 400]
7.236140 7.512479 6.788057 6.933632 6.310074 7.705195 7.226001 7.625748 7.030059 6.503192 7.055670 7.492162 7.911958 7.458161 7.470862 6.788228 7.462010 7.678203 6.777184 7.822659 7.349285 6.675684 7.027755 6.256748 8.013576 6.159811 7.072858 7.422918 7.316526 7.083537 6.413329 6.529123 6.784613 6.552364 7.681544 7.842794 7.531053 6.925327 7.066311 7.434172 7.596180 8.343430 7.162563 7.117085 7.525953 6.637554 6.941033 7.000456 7.800930 6.692845 6.442592 6.482329 7.526575 6.411168 6.957916 7.254064 7.787396 6.740173 7.474614 6.427163 7.305054 7.533281
6.950237 7.393307 7.154302 6.710246 6.958326 6.430602 7.490116 7.023808 6.970860 7.180144 6.900781 7.652212 7.388669 7.209894 7.009208 6.758028 6.972176 7.896787 7.525730 6.643746 8.151051 7.261192 5.691753 5.981994 7.351058 6.974473 6.553184 7.099108 7.685263 8.385747 7.572678 7.936123 7.259516 6.572783 6.763962 6.906719 7.254003 7.889480 6.935190 7.759874 8.101513 7.154842 6.814252 6.852465 6.800607 7.202972 7.123071 6.975653 7.590981 6.564974 7.001965 6.841057 6.689040 7.683251 7.007402 7.518331 6.769893 6.405336 8.149180 6.895248 5.394570 7.170375
6.971487 6.043814 7.166396 7.226731 7.075968 7.165212 6.841182 6.467810 7.413371 7.387113 6.497995 7.361789 7.603625 6.238852 7.552048 7.278970 7.177466 7.505146 7.640334 7.495164 7.001130 7.081109 6.913567 6.984241 7.258074 7.603752 7.662926 7.045812 6.672694 6.487142 7.629496 6.749863 7.255479 6.679560 8.047663 7.347453 6.393367 7.748711 6.934653 7.376460 8.105782 7.407036 6.382211 7.926790 6.285309 7.399116 7.059046 7.413924 7.173306 8.024625 7.067793 6.310561 7.127227 7.143352 6.836022 6.373328 6.397423 6.986615 6.594835 6.813987 7.062060 7.117723
6.969919 7.828673 6.729732 7.660010 7.781035 5.990269 8.290753 6.981661 7.725962 7.583253 6.930383 7.910292 7.494030 7.293768 6.734977 7.549965 6.516913 7.814033 6.570596 7.599007 7.680375 7.337391 7.504362 7.476414 7.565238 7.774945 6.773185 6.698062 6.290125 6.785901 7.316788 7.230977 6.833480 6.598337 7.872173 6.993779 7.186126 7.242607 6.950437 7.992520 6.914565 6.752405 7.687949 6.387936 6.816914 7.223679 7.946243 7.303933 7.328817 7.574104 7.087283 6.597583 6.805351 7.584117 6.712738 6.437000 6.359526 7.760777 6.854320 7.100765 6.922130 7.402641
7.437189 7.285796 6.554468 6.922786 7.381611 7.346013 6.776866 6.358787 7.868202 6.645544 7.784556 8.003528 7.300623 7.207404 6.673581 6.691077 7.202430 7.403869 7.178548 7.152988 6.756590 7.464230 6.452539 6.847880 7.312984 6.463479 7.640869 8.044758 6.196324 6.950334 8.129478 7.383002 7.664425 7.287807 7.520272 7.720993 6.720571 6.602019 6.365287 7.807331 6.371850 7.083788 6.967406 7.365055 7.325750 7.340460 6.804050 6.795845 7.170505 7.749620 7.260612 7.284368 7.856949 6.456505 7.086668 6.305143 6.471489 6.872445 7.537723 7.317493 7.442036 6.742164
6.355556 7.789045 8.534620 7.166439 7.783074 7.540196 7.522698 7.027646 7.914692 6.509721 6.970147 7.545686 6.706301 6.114773 6.408809 7.225427 7.571186 7.201008 7.941835 6.728069 7.568680 7.232406 7.038146 7.466707 7.536999 7.610602 5.818545 7.181444 7.155346 7.040020 7.575186 7.150654 6.609879 7.107266 6.646602 6.949231 6.668309 7.024904 6.951479 7.107517 6.899099 7.716630 6.695860 7.154913 7.891515 7.079772 7.602221 6.495734 6.280747 6.743118 7.388523 7.950074 7.356248 6.442717 7.610921 7.588769 7.076471 6.816381 6.696589 7.133193 7.350917 7.406536
7.361678 7.634285 7.138796 7.930778 7.020850 7.933188 6.438676 7.550382 7.167774 6.891923 6.987313 7.178731 7.159392 7.484178 7.523333 7.417212 7.496003 6.781430 7.320519 7.377316 7.857633 6.790827 7.809384 6.898378 7.412134 8.052726 6.374610 7.744901 7.158632 6.275949 6.988063 7.407517 6.942523 6.237758 7.042108 7.000453 7.808109 6.845870 6.801895 7.171480 6.737909 7.255871 7.882004 6.463563 7.392839 6.865316 6.753239 7.034960 6.749158 7.745208 6.838384 7.751195 6.536199 7.586723 7.436538 6.565194 7.468101 8.043639 7.849113 7.363948 6.948121 7.479004
6.317357 6.800557 7.866764 6.854130 8.052945 7.185910 7.662107 7.931388 6.968248 7.312589 7.909896 6.393157 6.928388 6.709242 6.997109 6.762253 7.169402 7.452709 7.470713 7.234206 6.265071 7.251112 6.887427 7.901365 6.873645 7.177620 8.241397 7.017903 6.550375 7.540404 7.010559 7.706771 7.089459 7.845428 7.031838 7.956361 7.622710 7.551659 6.578889 6.780700 7.306535 7.278949 7.363582 7.622122 6.873807 7.403580 8.658980 6.238528 5.719809 7.018524 6.512647 6.443552 7.360258 7.746709 7.300077 6.611718 7.497392 7.161652 7.290707 6.842034 7.282913 7.223904
7.410192 7.039382 7.428636 6.813553 6.087122 7.152988 6.972830 6.162808 6.838169 7.255001 7.614992 7.192350 7.089460 7.192470 7.312939 6.612384 8.150809 7.334705 7.227902 7.931939 6.845498 6.790984 6.255782 7.099313 6.531619 6.569236 7.217064 6.829456 6.971621 7.359149 7.751851 6.216279 7.844012 6.897451 6.608775 7.734695 7.210137 6.400260 6.947161 7.046742 7.111905 7.432572 8.070947 7.056053 7.358870 6.292376 7.358564 7.120940 6.374561 7.420188 7.697732 6.749659 6.863913 7.078362 6.760594 7.554605 6.894304 7.070748 7.201060 7.302481 6.815014 7.979317
7.622924 7.169222 7.239314 6.529601 7.790494 6.805332 7.644824 7.299883 6.911861 7.322389 7.093912 8.200427 7.961021 7.500249 7.282091 6.386154 7.944768 6.289662 7.155001 6.853367 7.746252 7.363211 7.434874 6.866560 7.322787 7.107608 6.387919 7.086912 6.746997 6.777329 7.047477 7.302801 6.315161 7.312401 7.003554 7.313483 7.631583 6.627828 7.113076 6.383528 7.579324 6.894459 6.829483 7.196373 7.057113 7.258663 7.038153 6.856452 7.981515 7.388612 7.347785 7.168407 7.424315 7.798719 6.611482 7.383375 6.056395 6.944291 6.924465 5.660543 7.540962 7.913334
7.122086 6.504502 6.814355 6.177432 6.821537 7.014711 6.968288 7.474781 6.808918 7.320925 7.391221 7.273007 6.697044 7.325248 7.851031 6.438320 7.445027 6.790585 6.945109 7.371732 6.673149 7.624450 6.503217 8.301603 6.690524 7.067516 7.503046 7.318925 7.620599 7.075464 7.500061 6.720697 7.519421 7.195345 6.530126 7.174929 6.780222 7.207684 7.296242 6.885009 6.868160 6.389038 7.652734 6.464378 7.715250 7.019143 7.935744 6.354006 7.325871 6.329880 7.590368 6.801653 7.224135 6.727780 7.159626 6.632056 6.816455 7.895142 7.618650 7.239612 7.222167 7.529586
7.656513 6.946436 7.036625 6.155771 6.660831 6.310011 7.619455 7.158137 7.546050 7.174199 7.167109 7.669361 6.965393 6.552831 7.125014 7.448822 6.936728 7.741185 7.263072 7.439388 6.989578 7.429574 6.670540 6.802056 7.044033 7.213509 6.795637 6.994803 6.574344 6.875801 7.482250 7.007596 8.036652 6.921851 7.907730 7.463253 7.751332 6.604811 6.996317 6.977915 6.160393 6.947380 7.222609 6.864304 7.710718 7.141423 7.441016 7.245814 7.505970 7.021422 7.241707 7.167919 7.160230 8.053297 7.557542 6.771455 7.126238 7.701188 6.675934 7.310035 7.445797 7.293128
7.268594 6.486951 7.694584 7.424023 7.463048 7.030076 6.720674 7.243306 6.852193 7.166737 6.987583 6.919860 7.032369 7.081383 6.795817 7.351176 7.700095 6.202017 7.130702 6.968159 7.433334 6.559852 7.864580 7.324048 6.951619 7.033523 6.993034 7.110253 7.067324 7.083750 6.812839 6.750599 6.420912 6.790628 7.298335 7.045393 6.915583 7.500969 6.463408 7.457182 6.774907 6.769736 7.188044 6.290820 6.534958 6.895631 7.502448 6.496840 7.006475 7.530112 7.290071 6.880990 7.258531 8.260504 7.603814 7.126093 8.221089 7.281818 8.411450 7.239237 7.708682 6.904432
6.829668 7.234694 6.619008 7.283699 8.010945 6.636314 7.479605 8.075169 7.003102 7.929521 6.410211 7.434675 7.913447 6.204036 7.786097 7.208929 7.181785 7.476148 7.001032 6.317736 7.564396 7.214652 6.699553 6.897281 7.888213 6.447222 6.281742 6.148318 7.405612 7.201072 7.088930 5.980224 6.707516 7.465501 7.311951 6.869355 7.689519 7.128059 6.837762 6.675154 7.414201 7.451968 7.435046 6.852770 6.657697 7.141317 6.695673 6.913310 7.661390 8.163949 6.680100 7.343513 6.692779 7.022576 7.255987 6.749706 7.246747 7.078110 5.816471 6.423973 6.572834 6.622073
7.123859 6.587819 6.674734 7.343506 7.404513 7.334069 7.211318 6.140036 6.529154 6.946846 6.418466 7.544414 7.266085 7.535666 7.490586 6.452224 7.514940 7.665697 6.570126 7.115825 7.357328 6.534509 7.234234 6.435255 7.370581 6.873062 7.312536 7.904471 7.156664 6.422066 7.876924 7.132279 7.224073 6.908029 6.977191 6.732490 7.214749 6.939330 6.923241 7.319454 6.159903 6.886134 6.538688 6.896330 7.788086 6.910055 6.674244 6.872893 7.354356 7.240462 6.601938 6.496028 7.502985 6.734001 7.335784 7.631714 7.189840 7.744146 6.472465 6.280865 6.393502 6.601672
6.518113 6.240250 6.848771 7.189747 7.152454 7.022539 7.073963 6.908449 7.355456 6.625955 6.754960 7.097462 7.770800 7.593408 6.941110 7.190274 7.156409 6.866041 6.469094 6.653444 6.278837 6.617545 7.093658 6.992709 6.397537 6.894771 7.474932 7.271451 6.260586 6.536296 6.972203 7.744253 6.506693 6.727185 6.942434 6.711152 7.035923 6.928003 6.619401 7.396220 6.804625 7.432617 7.042161 7.069805 7.570719 7.164523 6.568780 7.146635 6.991493 7.320768 7.478945 7.622415 7.344041 7.835886 6.759828 7.238041 7.818463 7.977849 7.541132 7.623453 7.097376 6.892096
6.390068 7.361871 8.110809 5.878002 7.448553 6.874221 7.064031 7.718987 7.664863 7.066788 7.416989 7.054818 7.751286 6.712031 6.384064 7.568271 6.895876 7.381547 7.291681 6.304602 7.670876 7.803514 6.887018 7.540445 7.505363 6.604477 6.751693 7.296124 6.327698 7.678017 6.865510 6.972636 7.599829 6.611909 7.467930 7.492448 6.809811 7.115405 7.100677 6.981757 7.134264 7.139097 5.979774 7.195364 6.837337 7.012660 7.229239 6.474818 7.109929 7.269071 6.821112 7.137580 7.416288 7.020976 7.069876 6.719816 8.100690 7.787140 7.674665 7.201154 7.231974 7.295771
6.948763 6.243965 6.465283 6.729466 7.319647 7.083111 7.083070 8.648451 6.916889 8.125718 7.007186 7.020090 7.388151 7.506984 7.881841 7.344482 6.988714 7.038642 6.337236 7.810123 6.847263 7.123463 7.121851 7.342471 7.753553 7.175115 8.169847 6.350772 7.354600 7.382406 7.214998 7.340961 7.662308 7.015102 7.446581 7.333126 7.464570 7.327031 7.436784 6.289279 6.895970 8.064403 7.296840 7.122149 7.460266 6.734521 6.938696 6.217635 7.452157 7.697876 7.370430 6.925661 8.103492 7.468519 7.103412 7.333912 5.874804 7.348635 6.105143 7.011198 7.329206 6.834505
7.403857 6.756134 7.085815 8.127254 6.992731 6.843956 7.004565 7.538534 7.272549 7.350121 6.836319 6.732995 7.548140 6.165261 6.224660 6.534918 6.921459 7.064616 7.489385 7.370006 7.654095 7.692837 8.278822 6.625350 7.245253 7.412961 7.363964 6.790342 7.117392 7.681282 5.638513 6.626394 6.826314 6.758017 6.882192 7.907312 6.979094 7.003227 6.798837 7.680715 7.073505 5.875729 6.868561 7.658937 7.262860 6.835863 6.786705 6.747487 7.173972 7.542512 6.837690 6.949947 6.438612 6.674379 7.747416 7.320970 7.131338 7.313569 7.261765 7.399564 6.979962 6.599558
7.872977 6.787616 6.703812 6.658976 8.120936 6.378754 8.147339 7.220525 7.511174 6.659265 7.362727 7.292917 7.314685 6.599914 6.867297 6.705143 7.607855 7.054142 7.152232 7.396493 6.478371 7.566215 6.687624 7.886656 6.636958 7.951503 7.089168 5.971475 5.886347 6.864756 5.512097 6.783418 7.509274 8.003261 7.008210 7.197592 6.816463 6.986109 7.444294 7.819548 6.681016 6.604415 6.984262 6.921617 6.479144 7.682384 6.662777 7.800964 7.065459 6.717293 8.048793 6.788875 6.237666 6.628863 7.979889 6.433829 7.017434 7.478708 7.286518 6.987979 6.906669 6.877262
8.144323 6.830146 7.295717 7.155815 7.316265 7.196133 6.842837 6.922411 7.527623 7.284260 7.295931 6.775333 7.447665 7.833742 7.497025 7.242321 6.627536 7.105423 7.482117 6.920563 7.299599 7.320485 7.299716 7.111641 7.558078 7.234664 7.798643 6.986798 7.477306 9.313604 6.731493 6.462979 7.101516 6.934419 7.188721 7.586231 6.668040 7.445743 6.828072 7.548841 7.323110 7.486772 7.089341 7.116834 8.028397 6.906143 6.749481 7.964930 7.309161 6.172092 6.984884 6.375268 6.380259 6.237772 6.691269 7.385156 7.076678 6.616344 6.815060 7.306187 8.118204 7.534162
7.178060 8.040768 6.965185 6.227533 6.323911 7.481595 7.039598 7.277191 6.212027 6.468565 6.970141 7.455073 6.947609 6.935059 7.297319 5.895041 6.738168 7.265424 6.256241 7.099014 6.748544 6.668677 6.795880 6.674356 7.349833 6.431923 7.345053 7.167054 6.950659 7.487268 6.676831 6.191707 6.734487 6.804481 7.205725 7.944531 7.472187 6.995584 7.721523 6.420357 5.965058 6.743855 7.035044 6.229931 7.006010 6.054653 6.228767 7.386948 7.115446 7.595703 6.883411 6.623197 6.728566 6.564405 7.342974 6.689329 6.775388 7.233522 7.061504 7.878832 6.832478 6.944974
6.907946 7.866721 7.198510 7.172555 6.967922 6.754337 7.339791 6.320990 6.155743 6.449631 6.963018 7.403763 7.337094 7.305177 6.758616 7.757957 6.953023 6.873617 6.998642 7.173001 6.732975 7.335615 7.657215 8.047422 6.883726 6.736967 7.410675 7.489727 7.436012 7.128840 6.938710 7.946468 7.675239 6.776243 6.881205 7.286796 7.757246 7.899484 6.865772 6.809696 6.131621 6.110633 6.647390 7.036952 7.088725 6.863979 7.131728 6.589857 6.322093 8.127568 7.513482 6.901766 7.446092 7.215333 7.036911 6.761384 6.661310 6.460797 7.543165 7.356742 6.247871 5.850242
7.778226 7.183640 6.185550 7.643972 7.037956 6.937105 6.537011 7.329507 7.774364 6.436488 6.815914 6.340432 7.828179 6.416395 7.588642 6.592313 7.125767 6.708099 7.351102 6.733568 7.350473 6.534279 5.875073 6.422228 7.348858 7.579978 6.396615 6.861801 7.423460 6.392539 7.434914 6.637703 7.165125 6.974355 6.535052 6.776016 7.332190 6.940124 7.241781 7.394363 7.644205 7.642196 6.617975 5.921653 7.060295 7.118703 6.728538 7.346966 6.978007 6.800109 6.945122 6.695722 8.260257 7.667869 7.738693 6.974483 7.406830 6.812405 7.900688 6.253558 7.196591 7.381941
6.946438 6.310072 7.708546 7.419828 7.622351 6.265197 7.604971 7.020284 7.821675 7.353646 7.110949 6.716595 7.202481 7.262096 7.158367 6.935986 7.102184 7.142585 7.407820 7.434500 6.800940 6.026939 7.880504 7.426893 7.778243 7.147342 7.142893 6.867028 6.583682 7.284727 8.338609 7.677762 7.421471 7.327094 6.805408 6.776619 6.805444 7.042634 7.085039 7.137459 6.713707 7.228901 6.811565 6.842351 6.455406 6.801248 7.228902 6.505389 6.575180 6.676736 6.896429 7.167699 6.309545 6.606484 6.965597 7.649222 7.000966 6.650644 6.939936 6.870450 7.268650 6.905106
6.942127 7.308086 7.514752 6.229537 6.472610 6.814815 7.076050 7.587212 7.454026 6.118435 7.483761 6.911182 7.984462 6.743613 7.162426 7.434576 6.772378 7.377224 6.599944 7.509581 6.933487 6.947605 7.665582 5.700523 6.633219 7.191722 6.990421 7.421334 7.339442 6.916471 6.662165 6.874747 7.045358 7.109473 6.684187 6.731926 6.353864 7.620891 6.742927 7.286447 7.322710 7.519036 7.771998 6.764871 7.148514 6.180183 6.679138 6.199437 6.829034 6.524945 7.475383 7.462824 7.593335 7.870141 6.277008 8.000332 6.689873 6.071094 7.619819 6.487557 6.525272 7.533873
6.839139 7.113492 6.718279 7.017817 6.494196 7.950674 6.418181 6.917215 7.464665 6.945131 6.097613 7.380799 7.575030 7.015386 6.613265 7.126699 6.941198 7.152658 7.035035 7.084118 7.519362 8.011477 6.939306 7.031935 7.284272 7.135551 7.343225 6.936369 7.998592 7.291238 7.011789 7.183437 6.972163 7.299781 6.119921 6.364458 5.790817 6.345477 7.332822 6.482055 7.321551 8.401670 7.250464 7.830597 7.786132 6.637818 7.380720 6.768079 6.751817 7.138886 7.228842 7.672965 6.217045 7.299412 6.698033 6.943358 6.769312 6.797192 6.740936 5.854369 7.351621 7.162601
7.657311 6.592166 7.519273 7.046731 7.278783 6.944932 7.257707 6.968755 7.175658 6.314664 7.583718 7.684532 6.888429 7.468778 6.992147 5.814895 6.810329 7.324207 6.342814 7.084561 6.132426 6.381425 8.331785 6.627353 7.425242 7.327167 6.593115 7.248532 6.113417 6.372241 7.312829 6.401007 6.821706 6.460088 6.452657 6.901855 7.015025 7.236799 6.334226 6.974599 7.342315 7.143427 6.832009 6.755374 8.002635 6.855207 8.332917 6.317078 6.816859 7.385745 6.849346 7.417113 6.745750 7.423262 7.397645 6.861560 7.777397 6.862665 6.386635 7.050172 7.147783 7.473338
