data/CentralBaltic/salinity0000_12.asc
NCOLS 400 
NROWS 400 
XLLCORNER 4750000.0 
YLLCORNER 3200000.0 
CELLSIZE 1000.0 
NODATA_value -9999 
[rows 54 to 80 of 400, columns 180 to 239 of 400]
14.361605 13.987863 14.374546 13.376514 14.841310 14.293457 15.037863 13.896762 14.022734 14.111598 14.738158 14.734491 13.887585 13.481971 14.678090 14.562459 13.779002 14.092596 13.567172 13.404626 13.856812 13.488552 14.026981 13.260119 13.827418 13.501188 13.941338 13.479735 13.129590 13.415907 13.536579 14.025532 13.754103 14.326743 12.528483 14.366690 13.572408 13.831399 13.845823 13.356070 13.216059 13.136650 14.032551 13.727953 13.563233 12.743228 13.324987 13.489484 12.763444 13.428371 13.494489 13.184709 13.542192 13.217763 12.120048 13.306383 12.767306 13.372329 12.057569 12.905482
14.047831 13.543372 14.491734 14.271115 14.683462 14.408574 14.322551 14.458162 14.939298 14.561005 13.415859 14.310457 14.487784 12.965089 13.962666 14.625039 14.510908 13.783092 13.947848 13.613889 13.929211 13.365032 14.014048 14.614616 13.375030 13.208799 14.071927 13.456983 13.793954 13.743002 13.544571 12.935710 13.834355 13.946110 13.915069 13.430117 13.659104 13.164050 13.969856 13.538568 12.749345 12.964944 13.425709 13.531776 12.691422 14.001463 13.041260 12.972764 12.869296 13.269420 12.417068 13.581353 13.772197 13.342515 12.635568 13.240588 13.791123 12.785132 12.705331 12.770987
14.541445 14.583025 14.176079 14.553330 13.979138 15.392472 14.838496 14.714241 14.482559 14.699649 14.061689 14.158159 14.657353 13.756333 13.839450 14.178775 14.277915 14.126958 14.492060 13.934366 13.662599 13.759347 12.884866 13.622615 13.782728 14.459115 14.169792 13.426460 13.574279 13.795435 14.169610 14.268915 13.126580 13.853731 13.856964 13.192221 12.866113 13.676920 14.029737 13.329199 13.576240 12.905093 14.085102 12.563520 13.336105 13.135923 13.284889 13.560244 13.568882 13.717723 12.725766 13.136665 14.519348 13.317063 13.074668 13.711417 13.388984 13.292764 12.855784 13.092865
14.397353 13.617432 13.829805 14.350200 14.829111 13.826209 14.009729 13.664116 14.206273 15.083676 14.405541 13.787382 13.382970 14.468853 13.782726 13.893108 13.401723 14.186811 13.467179 14.087162 14.776357 13.613988 14.462365 13.689323 12.913663 13.617567 13.887046 14.049500 13.954761 13.253258 13.236996 13.797401 13.768123 13.848800 13.659865 13.274653 13.616003 13.248433 13.854801 13.355821 12.795300 13.213443 13.336893 12.916823 13.333664 13.338320 13.513294 13.791348 13.752875 13.967142 13.249479 12.806238 13.728078 12.791711 13.433758 13.557511 13.397749 12.604622 12.796855 13.429843
13.645104 14.008552 14.125344 13.778182 14.610079 13.371832 14.110969 13.960841 13.322497 14.308004 14.490393 14.152148 14.017507 13.996092 14.324963 13.663667 13.469455 14.235366 14.044319 14.550817 13.892484 14.770116 13.391152 13.825679 13.765382 14.729383 13.572766 13.452513 13.920549 12.729797 12.996341 14.408095 13.220094 13.694622 13.104565 14.382427 13.435451 13.787548 13.642253 12.894112 12.371370 12.925985 13.652354 13.593862 13.389397 13.770814 13.495152 13.182093 13.969628 12.858364 12.733244 13.654160 13.580728 13.365328 12.903836 12.215896 12.447398 13.038421 12.980028 14.293664
14.024403 13.794599 14.127424 14.269984 14.352674 14.774327 14.155926 14.845995 14.618675 13.683617 14.745278 14.712416 13.746869 13.561586 13.989216 13.453075 13.952966 13.828655 14.121133 13.755024 13.746028 13.676504 13.758025 13.030752 13.688490 12.897930 13.480598 13.727221 13.708041 13.905078 13.882489 13.065958 13.813787 12.460584 13.377357 13.786263 13.165919 13.553662 14.175502 13.759870 12.477638 13.743871 12.694531 12.785895 13.109240 13.348563 12.957030 13.450163 12.778432 13.221174 13.942654 14.067066 12.448906 13.546968 12.293916 12.218179 12.733563 12.726553 13.481823 12.476052
13.933868 14.262328 15.184286 14.023255 13.688098 14.718375 13.913131 13.883384 12.961281 13.484807 13.337215 14.251619 14.533961 14.951603 13.489517 14.490642 14.220458 12.398541 14.061592 14.608430 13.545232 13.822510 13.909533 13.564327 13.749402 13.561904 12.818012 13.993670 13.417514 13.197299 13.491513 13.619901 13.979014 13.603663 13.997488 13.756741 13.686140 13.592171 13.989793 13.066315 13.809144 13.627476 13.272614 13.800164 13.318510 13.242332 13.605411 13.282602 12.544172 12.639480 13.515439 13.867344 13.344272 13.100672 12.475562 12.831558 12.833923 13.232596 12.845363 13.830659
14.862033 14.723903 13.754763 13.041859 14.092289 14.382037 14.574091 14.180937 13.175453 14.772414 14.084694 14.501830 14.597866 13.846308 12.708084 14.117536 13.875906 13.351749 13.672241 13.830317 14.147577 12.796615 12.320738 13.819738 13.606279 13.296163 13.513133 13.747000 12.654047 13.494677 13.154466 12.482797 13.690603 12.548378 13.421731 13.472585 13.370719 13.331768 13.827786 12.286977 14.096450 13.726539 13.049557 12.531709 14.684464 13.722530 12.594207 13.172384 12.497659 12.785692 12.986275 12.595490 12.841189 13.507505 13.655580 12.386742 12.623890 12.574372 13.301801 12.997622
14.608846 14.217032 13.241194 14.072005 13.552902 15.515290 13.942174 14.844247 13.669424 13.635718 14.244616 14.455923 13.854782 14.430363 13.922585 14.604278 13.380535 13.373581 14.585066 13.241879 13.392238 13.940898 13.749064 14.207152 12.914731 13.739092 13.114880 13.067243 14.566851 14.115335 14.053322 13.479390 13.628531 14.093945 12.876406 13.286368 14.147558 12.074206 13.118824 12.918353 13.085731 13.653582 12.870360 13.041013 13.853510 13.543220 13.532090 13.117503 13.257316 12.598656 13.575621 13.092398 13.086354 12.534233 12.895158 12.088777 12.245742 12.399391 12.458478 12.158005
15.143645 14.327817 14.596955 14.404254 14.105931 14.301568 13.949530 14.247667 14.597790 13.481807 12.543908 14.026722 15.024099 14.344482 14.748918 13.273925 13.894836 13.842100 12.742832 13.437010 13.730931 13.816949 14.580494 13.489438 14.011402 13.397217 13.351396 14.627761 14.583340 12.735651 13.275016 13.929327 12.672020 12.993572 13.143567 13.769112 13.837583 13.478504 13.711179 11.927813 13.702509 12.897891 14.060730 13.252419 13.511649 13.511118 12.936807 12.721502 13.222927 13.160512 12.580578 12.455394 13.364944 13.216982 12.511638 13.140398 12.517395 12.256739 12.738043 13.123335
12.870295 14.602582 14.206682 14.399133 13.787499 13.889420 13.938209 14.199799 14.207649 14.520640 13.434370 14.434565 13.638102 13.603753 13.786093 13.229581 14.817761 13.401669 14.348749 13.413629 13.516785 14.052027 13.143749 14.162953 14.521474 13.975656 13.807090 12.995893 12.949444 12.836236 13.882990 14.060420 12.717545 13.287510 13.420205 13.200783 13.270444 11.912944 13.197289 12.839983 13.445532 13.119068 13.870480 13.273598 13.198124 13.037312 12.529168 13.233789 13.067789 12.793296 12.976167 13.292299 12.495656 13.141795 13.427283 12.995915 12.880772 12.843497 12.779421 13.022303
14.000350 13.977348 14.886980 13.925306 13.401912 14.261833 14.217001 14.530762 14.080565 13.606648 14.286395 14.618172 13.348008 14.069228 14.271548 13.648095 13.760012 15.009800 13.988878 13.620012 14.628496 13.518709 13.644936 13.587464 12.968138 13.387791 13.081183 14.039062 13.794106 14.275225 13.263833 13.123699 12.643588 13.464983 13.204805 13.516484 12.734979 12.420726 12.349090 12.286136 13.528342 12.609413 13.335178 12.555639 12.442197 13.326681 12.773839 11.843175 13.030208 13.402926 13.126479 13.674183 13.071208 12.393120 13.784324 12.268322 12.441975 12.891556 12.408467 13.307978
14.236480 14.168730 13.472477 14.794232 13.478864 14.263050 14.996386 14.661436 13.648099 14.116313 13.533709 14.195777 13.803273 14.399610 14.092659 14.547358 13.456556 14.154643 14.406774 13.720276 13.981673 14.170553 13.685103 13.394246 14.056911 12.738884 12.755787 13.855083 12.846051 13.078888 13.437874 13.096295 13.306624 12.243025 13.273371 14.518068 13.076848 13.337617 13.964846 13.143662 13.479811 13.215701 12.430099 13.237596 12.862440 12.154378 13.362750 13.246869 12.388779 13.286155 12.474713 12.480114 13.019642 12.958238 12.855381 12.469260 12.825915 12.992507 12.791589 13.153767
14.238653 14.095742 14.370257 14.638295 14.494318 14.225167 13.996962 13.643745 13.971594 14.980014 14.068089 13.806891 13.907486 13.258102 14.089233 14.036451 13.669364 13.580950 13.250484 13.536025 13.977382 14.326872 14.161595 14.457980 14.499264 13.720812 13.694426 13.490683 13.972657 13.246309 14.118567 13.395329 12.562021 12.852496 13.642556 12.937803 13.484783 12.862449 14.323064 12.653315 13.379620 12.964878 13.539097 12.637271 13.998582 13.211505 12.898000 12.589899 12.681206 12.930936 12.264771 12.510229 12.568467 13.119459 12.669211 13.587716 12.886140 11.947767 11.298205 13.439404
14.515320 14.835916 14.349879 13.316982 13.689252 14.381829 13.741500 14.008631 13.322108 13.905287 14.719389 13.046408 14.409279 13.818609 13.846284 14.092387 13.458298 13.455897 14.199993 13.036417 14.212885 13.697214 13.166356 13.109248 12.970859 13.560329 14.946570 13.906164 12.387490 13.571472 13.029797 13.562375 14.078744 13.370538 13.728626 13.637744 12.635903 12.428607 13.403264 13.062743 13.054485 13.137401 13.664530 14.043003 12.699751 12.578876 13.279295 13.706572 12.126879 13.266005 12.910430 12.926458 12.876965 12.696829 13.105935 14.186449 12.779730 12.429722 12.958404 12.588687
14.627161 14.216402 14.616492 13.854333 13.827995 14.556630 13.303143 14.840225 14.084669 13.284877 14.442395 14.049693 14.086433 13.111691 14.433856 14.293567 14.513059 14.009825 12.909624 14.054852 13.880830 14.847034 13.558678 13.583088 13.206115 13.926336 13.943727 12.105485 14.401651 13.591913 12.616526 13.407434 14.443544 13.469874 13.433540 13.295169 13.421183 12.857072 13.155369 13.625930 13.843887 12.188974 13.145193 12.595743 13.121509 13.506696 12.793148 13.724950 13.252237 13.230523 13.528577 13.167524 13.106791 13.281782 13.528896 12.544801 12.508646 12.255577 13.296464 12.748110
14.246378 14.263509 14.090853 14.154313 13.799031 13.704223 13.901875 13.039809 13.411296 14.649033 13.333059 14.271222 14.104167 12.971283 13.817638 14.362219 13.735067 13.833110 13.903163 14.775244 13.046710 14.064744 14.373635 14.043911 13.515216 13.579867 13.577619 12.889751 14.542441 13.573931 13.054887 13.706898 13.110099 13.271282 13.186937 13.465085 13.412403 13.510008 14.029723 13.010944 13.218166 13.245397 12.486378 12.660707 13.511509 13.096221 12.653417 12.500758 13.615564 12.723170 13.382233 13.516029 12.646553 13.644785 12.693728 13.273138 13.197439 12.932538 12.684512 12.597806
14.162074 14.238853 13.896777 14.639842 13.983086 13.845102 14.843136 13.688482 13.977911 13.466769 13.980481 14.354689 13.518515 12.914543 13.247539 13.145733 13.725428 13.955433 13.287410 14.327003 13.431041 13.618686 14.300743 13.746015 13.861610 12.541349 12.786208 13.123526 14.098931 13.658596 13.990726 12.774244 13.638504 13.009015 13.051433 14.070420 13.127526 13.800513 13.940137 12.775969 13.446803 12.627651 12.989823 13.135280 13.145256 12.262608 12.890875 12.729342 12.733149 12.758688 13.416507 12.887435 12.540625 12.116938 13.188112 12.210273 13.763965 12.599453 12.763459 13.029630
14.071475 13.814303 15.106267 14.467544 13.592656 14.839568 13.491022 13.141858 13.694980 13.398594 14.309062 13.981001 14.521048 13.747077 13.326419 13.568366 13.753997 14.336166 13.520372 14.218525 12.551930 13.570085 13.560842 13.164497 13.642062 12.719064 13.277460 13.672591 13.275094 13.171359 14.496771 13.466858 14.128066 13.787708 13.444294 13.454595 13.226893 13.234692 13.417343 13.547688 12.878529 12.622982 12.906323 13.198532 13.733642 12.977568 13.469762 13.621616 12.058220 12.786565 13.522758 13.490739 13.163529 13.636347 12.717301 12.830322 12.383673 13.216500 11.936128 13.159957
12.221384 14.892420 14.104363 14.150535 13.247079 14.090803 13.962118 14.318288 13.959675 13.418705 13.683006 14.463979 13.968993 13.411808 14.583315 14.267752 14.008942 13.497162 13.138101 14.430273 13.703159 13.850431 14.355748 13.588321 14.037672 13.006853 13.746491 13.857551 13.721032 13.208716 13.148845 13.159227 13.666441 13.485119 14.057548 13.918440 13.030493 13.039859 13.838411 12.493073 13.261897 12.811098 12.670850 13.478085 13.147459 13.105173 12.804435 13.538598 12.191077 12.743251 12.815336 13.638782 12.742138 13.193737 12.102134 12.913580 12.817820 13.092717 12.575874 12.810916
14.650605 14.144260 14.227549 14.295837 13.319441 13.811139 13.662905 13.915471 13.875390 13.184976 13.938500 14.058916 13.811918 13.629567 13.175370 14.021590 13.820768 14.031725 14.412911 14.216916 13.332209 13.809802 14.172599 13.767869 14.133321 13.366441 13.723081 13.154903 13.451556 13.104457 13.641385 13.275441 13.214410 14.537397 13.886447 12.871993 12.287371 12.456325 13.271392 12.758575 11.823002 12.721230 12.772662 13.074647 12.917338 13.007348 12.108231 13.281299 13.548604 12.093204 12.914914 13.235500 13.305422 12.585659 11.908596 11.718878 13.575154 12.524981 11.853237 12.635062
13.245870 13.924393 14.397963 14.264470 13.596466 13.341636 13.969762 14.215794 13.572267 13.925492 14.422679 14.298471 13.873667 13.457887 14.513635 13.452802 13.988421 12.987217 13.758995 14.596154 13.391196 13.538783 12.681481 13.763122 12.996157 12.530994 13.828349 12.259759 13.631868 13.431101 14.258554 13.073950 13.084463 13.086837 13.080914 12.817094 12.511624 12.592024 13.433299 12.801445 12.422168 12.763091 14.077177 13.053510 12.996400 12.694609 12.616210 13.098063 13.137191 13.162532 13.033219 12.844557 11.730321 12.828988 12.284120 12.724963 13.116839 11.729313 12.318466 12.510167
14.497126 13.693037 14.832870 14.681172 14.783873 13.406630 14.262947 14.079821 13.541740 13.338003 13.014847 14.908489 14.093403 14.008451 13.383612 13.748766 13.465193 13.613852 13.641493 12.957539 12.815834 14.630854 14.810817 13.139467 13.543638 13.493818 13.916533 13.533268 12.766930 13.275703 13.396653 12.014516 13.366641 12.371853 12.322328 14.229108 13.158134 12.530929 12.716953 12.633875 13.646941 13.216001 13.407477 13.880330 13.272377 13.195003 12.847232 12.452011 12.175082 13.530149 12.876194 12.759301 13.040472 12.765176 12.968429 13.005565 12.811621 12.740648 13.527397 12.683286
13.740262 13.564867 14.808432 13.346800 13.176970 13.792744 14.277495 14.456530 12.511036 13.593286 13.196361 13.799570 13.243012 13.975632 14.171885 13.688609 13.855838 13.502479 14.628197 13.403338 14.340089 12.446022 13.836572 13.169293 13.077448 12.948198 14.075996 12.923835 13.795792 12.746992 13.535462 12.892497 13.930829 13.073014 13.619269 13.054077 14.748678 13.181316 12.443491 13.257597 12.267168 12.429482 12.604805 13.155722 12.586657 12.762814 13.755684 12.544507 13.034897 12.040823 12.752728 13.088043 13.136212 12.615917 13.098340 12.629019 13.005191 12.044059 12.384303 12.478794
14.196214 14.534655 14.745770 14.154595 13.725917 13.823719 13.805385 13.506137 13.785329 13.863397 13.632169 13.755801 13.392685 13.035829 13.439885 13.579022 13.710275 13.397190 13.816965 13.204716 12.872446 13.829930 12.502528 13.102557 12.434536 13.926540 13.669797 14.321718 14.397630 12.969567 13.632120 12.680205 13.137083 13.331756 13.542157 14.057246 14.238277 12.671249 13.252888 13.595700 13.152950 12.634472 13.156007 13.289999 12.377599 12.266876 13.622676 12.013387 12.686715 13.011836 14.194826 12.584147 13.421708 12.958449 12.463126 12.892953 12.341264 12.781830 11.973072 13.346263
13.967590 14.146933 13.862887 13.727714 14.135898 14.480369 13.973418 13.955509 14.353840 13.580313 13.818718 13.600394 13.861668 12.793207 12.790335 13.828860 14.048153 14.036591 14.126466 14.609320 12.914471 13.548181 13.121261 14.269916 13.223127 12.928374 13.790839 12.925257 14.019511 13.290354 13.910539 13.216779 14.129188 12.996275 13.311391 13.758974 12.336492 12.240602 14.019078 12.603826 13.340269 13.248918 12.339067 12.869963 13.366493 12.694003 13.660220 12.249867 13.037760 12.309022 12.765283 13.756700 12.672991 12.982435 12.794583 13.071613 11.940667 13.027147 12.899590 11.928482
13.859702 13.834138 13.988417 13.126425 13.461604 13.369120 13.777048 13.499604 13.658886 14.386515 12.838002 14.284820 14.261002 14.314458 14.083501 13.628604 14.361555 13.814744 13.838712 13.356871 13.574179 13.228608 13.620030 13.693551 14.763852 13.416097 13.817397 12.797776 13.951624 13.329368 14.187067 13.950234 13.415670 13.209650 13.032976 14.360896 13.707426 12.858456 12.889102 13.540214 12.664666 12.565421 13.127487 12.294022 12.393251 13.351498 12.926555 12.251423 12.439354 12.376382 13.068710 12.382964 12.815176 13.388872 12.820948 12.334009 11.668530 13.111309 12.993646 13.009910
