data/CentralBaltic/salinity0000_07.asc
NCOLS 400 
NROWS 400 
XLLCORNER 4750000.0 
YLLCORNER 3200000.0 
CELLSIZE 1000.0 
NODATA_value -9999 
[rows 336 to 363 of 400, columns 186 to 247 of 400]
6.728895 7.124759 7.402619 7.402641 7.964955 6.896721 7.025179 8.130434 6.937034 6.956055 8.445840 7.767607 7.409505 7.504670 7.745198 6.811047 7.696659 7.581506 7.433466 7.432157 6.191305 8.001063 8.395073 7.831030 7.411963 7.419977 7.043799 8.090708 7.733484 6.801341 8.097498 7.826197 7.069170 6.829351 5.751244 6.783100 7.660117 7.352084 7.720350 6.955271 7.246934 6.837447 7.491984 7.278759 7.452243 7.248943 7.452530 7.481241 7.140446 7.311821 7.298695 6.804368 7.309793 7.890838 7.818114 7.923302 7.312071 7.026900 7.310377 7.069364 6.960897 7.749431
6.819349 7.316639 7.649334 7.623818 7.842003 8.542018 8.457076 7.763769 7.601435 7.203635 7.914768 6.620310 7.024446 6.603499 8.050699 7.829584 7.847266 7.397981 7.734615 7.429796 7.787506 8.187731 7.974496 8.644022 7.531092 6.786420 7.296138 7.673197 6.916786 7.030541 7.226390 7.654982 7.848946 7.703386 7.489091 7.778688 8.007276 6.719111 7.224539 7.112746 8.228087 7.252265 7.385085 6.096202 7.592000 6.729268 7.548443 7.451462 8.152903 7.569283 7.109648 6.777644 7.572499 7.253858 8.390028 6.052002 8.279979 6.302578 8.028601 6.261393 7.136727 7.637504
7.308763 7.746843 7.509878 8.553530 7.678851 8.310157 7.202166 7.809709 7.453916 8.262314 6.894419 7.184767 7.881389 7.245307 7.689342 7.272350 7.827540 8.149233 6.863123 7.070955 7.292114 6.620480 7.588334 7.639404 8.042032 7.198552 7.366904 6.849956 7.484608 7.141291 8.153047 8.154305 7.681259 7.427491 7.172257 8.273635 7.380634 7.217187 7.815828 8.035447 7.672918 7.505855 7.026427 6.901087 7.531586 6.534862 7.129203 6.982359 7.305323 7.717792 7.128629 7.433623 7.451492 7.228828 7.280077 8.276356 7.948287 7.416073 6.720420 6.967933 7.250958 6.391288
7.616526 6.995285 7.834615 8.032965 7.455920 7.408558 7.878024 7.959033 7.189887 7.209753 7.986803 6.437538 7.300915 7.061667 7.695126 7.109081 7.567998 7.870972 7.901740 7.677405 7.699694 7.380994 7.116031 7.418260 8.527949 7.375571 7.175521 7.277556 7.740854 7.476911 6.820475 6.880447 7.280347 6.480565 8.078041 9.169202 7.508166 6.864353 7.552169 6.321460 7.577781 7.471677 7.401385 8.343248 7.288779 7.662393 7.187679 7.451745 8.378319 7.349855 7.725317 7.649357 7.105332 7.622903 7.040837 7.365726 7.518079 8.023550 7.368975 8.044465 6.907516 7.571549
6.425965 7.369158 7.401432 7.594376 8.592014 7.322994 6.584691 7.383969 7.312086 7.355308 6.036912 7.839826 7.518782 8.332651 7.203777 8.222774 6.822894 7.307031 7.302915 7.360811 7.209016 7.174316 6.684540 6.987444 7.376381 6.173320 7.112561 6.264136 7.609216 7.474816 6.812030 7.213671 8.062271 7.410584 7.147778 7.212233 7.540608 6.153692 7.004780 6.136114 7.257895 7.984817 8.080529 6.693587 7.451013 8.194692 7.555703 7.023282 7.171904 7.203492 7.049466 7.950606 7.324804 7.542565 8.461267 6.835670 7.787265 7.708698 7.957021 6.591710 7.202552 6.748346
7.616373 7.063068 7.464966 6.956662 8.764695 8.206836 7.548680 8.019859 7.502861 6.395645 7.628858 6.632699 6.981071 7.565552 8.289793 7.488841 7.540880 7.138009 7.455928 7.164853 7.210950 7.079819 7.385801 7.705530 7.855896 8.063448 6.931804 8.171823 7.358192 6.643994 7.863696 7.326240 8.012532 7.184207 6.498088 7.709967 7.519114 7.073272 6.744095 6.938194 7.905348 7.839709 7.691149 7.002759 6.080457 8.089551 6.595755 7.268485 8.002852 7.559731 7.768812 7.674392 7.128851 8.088589 7.137029 7.806445 7.198478 7.841040 7.658591 7.889738 7.582379 7.491699
6.844667 7.015748 7.663220 7.560707 6.708036 7.815558 7.647272 7.855882 7.300708 7.306533 7.034003 8.551223 7.248056 8.162201 7.046108 6.841070 7.581917 6.627990 8.181868 7.230371 7.491655 7.297288 7.914098 8.398028 7.234606 6.966754 7.918244 6.501520 7.323208 7.587116 7.090410 6.850986 7.331263 6.530489 8.633702 6.953196 6.897304 6.884961 7.202685 7.392318 7.774083 7.959829 7.366948 7.620211 7.963261 7.871201 7.637813 6.716890 7.811970 7.908629 7.747390 6.745611 6.856526 6.809141 7.669952 7.354406 7.409738 7.744503 7.368563 7.941869 5.968649 6.699455
6.812224 7.122630 6.705655 7.985987 7.329414 7.523542 6.781027 7.390939 7.830972 7.413092 7.150992 7.727943 6.952253 8.293977 7.509253 7.805197 7.352782 7.394715 6.804023 7.327322 7.710314 7.282512 8.049284 8.857722 7.802222 7.365127 7.744148 8.013835 6.518138 6.800577 7.397295 7.015605 7.293685 6.994383 6.560317 6.848540 6.604859 6.820695 7.871779 7.007656 6.767866 5.569021 7.191364 7.443116 7.582943 6.940776 7.519368 7.154768 7.956575 7.067527 7.164484 6.773243 7.777923 8.759618 8.158684 7.637856 6.904119 7.704306 8.119930 6.471051 6.393706 7.815667
7.107556 6.891388 8.672126 7.416546 8.553856 7.770501 8.523920 6.964768 7.983528 7.521863 8.092093 7.141061 7.367642 7.220904 8.427064 7.596726 6.939812 8.619251 6.712904 8.499668 8.456098 7.487727 7.641302 8.096062 7.119221 7.400783 7.602112 7.076545 7.753933 6.902848 7.271884 8.446941 7.274797 6.862886 6.747789 7.459216 8.026543 7.703131 7.642636 6.728567 5.940606 8.223564 6.676420 7.012481 7.613832 7.884389 6.684942 7.567053 7.452687 8.405383 7.038953 8.125314 7.351453 7.632838 6.746664 7.562390 7.654847 7.490350 7.506357 8.204493 7.671538 7.859794
6.822323 7.161221 7.650777 6.510847 8.015480 6.978344 7.135972 7.079887 6.818177 6.597491 8.011394 6.535117 7.119788 7.376515 7.609185 7.066330 6.651919 8.099621 8.050469 6.988743 7.548829 7.094417 7.548205 6.417327 7.385303 7.683128 8.728306 8.011280 7.048767 7.600547 7.655430 6.956873 6.453293 7.183545 7.380285 6.903174 6.408271 6.090107 7.446665 6.225430 6.329155 7.368741 7.233169 6.283463 7.141462 7.150023 6.952301 7.438916 7.807547 7.234481 7.478450 8.193267 7.579227 7.836999 7.795719 8.134527 6.807946 7.770045 7.402405 7.639886 7.048603 6.812524
7.119481 7.799590 6.810395 7.995440 7.589822 7.089129 6.554578 8.177074 6.684546 7.940199 6.881740 8.272893 7.819059 7.824540 6.591520 5.729313 7.841290 7.859317 7.459482 7.984769 7.950407 6.719460 7.104086 7.700721 7.570339 7.208033 7.391527 7.833775 6.861581 7.502658 7.939569 6.971018 7.142869 7.975929 8.194248 7.507462 7.312757 7.294537 7.365469 7.138428 7.421590 6.941398 7.621641 7.748408 7.008189 6.979912 7.075446 7.572044 7.244101 6.242766 7.570463 6.791647 7.889794 7.229507 7.102553 6.490810 7.252662 6.810402 6.732667 7.635042 6.656737 7.694161
8.119095 6.895312 7.218744 8.504954 7.917204 6.327796 7.441739 7.487014 6.846566 7.823156 7.107459 7.924615 6.805836 6.934523 7.583979 7.893139 7.442384 8.039933 7.685802 7.341626 7.490855 7.358643 7.987089 6.334576 6.628783 7.798876 7.899357 7.371846 6.341529 7.260929 7.216561 6.809820 7.710540 7.516257 7.694446 7.794700 8.096041 6.908733 6.410340 7.536841 7.264954 7.377466 6.955994 6.891524 7.904219 7.756482 6.521332 7.768924 7.050130 7.025010 7.453242 7.056754 8.100570 7.168252 7.464277 7.505610 7.643321 7.534064 6.937696 7.977921 6.891470 7.462614
7.244851 7.575185 7.932179 7.610017 7.879534 7.722233 7.150478 6.977333 7.490069 7.501855 7.229189 7.654342 7.522301 8.325554 7.741635 7.774893 6.898069 7.116714 7.449682 7.937859 7.498017 7.618886 6.559855 7.432317 7.406852 7.121233 7.699265 7.824174 6.824235 7.057204 6.369637 7.147498 6.258179 7.853170 7.831785 7.474847 7.107060 8.047131 6.582827 6.956757 7.193555 7.092987 7.446232 8.328513 7.521479 7.549068 7.687517 8.270782 8.760003 6.502917 7.826138 6.845180 7.341890 8.415490 7.014666 8.051534 7.220070 6.208424 7.665555 6.772607 7.153684 7.131137
7.588767 8.111138 7.456835 7.608915 7.621387 7.781516 6.796028 6.364713 7.209636 7.326232 8.316775 7.230557 7.732977 7.702004 6.985764 7.965181 6.268008 7.387869 7.930873 7.208397 7.056425 7.419615 6.712549 6.712855 6.722225 7.104555 7.460123 6.982395 7.348865 7.788095 7.476923 7.440907 8.749908 7.916772 6.537811 6.794699 7.492775 8.652823 6.678255 7.387904 7.081977 7.931283 7.238374 7.005423 6.355117 6.928876 7.399338 7.168781 7.845992 7.900026 8.145147 6.941498 6.972165 8.010574 6.880489 6.819280 8.006978 7.017747 7.158889 7.037773 6.863831 7.033414
7.804600 6.535232 6.676741 7.591057 7.269787 6.696709 7.596181 7.931320 7.017184 7.137138 7.351714 6.992338 7.120589 7.504066 6.715037 6.840136 6.402879 7.941590 7.369949 7.136308 7.527520 6.936862 7.149326 6.337087 7.211678 6.965419 6.957362 6.898053 8.141619 7.081080 6.097189 6.949930 7.431127 7.368850 7.140301 6.595249 6.716348 7.623962 7.169352 7.156524 6.927448 7.613928 7.965029 6.896934 7.154898 6.750006 6.983431 7.195845 7.590817 7.301155 7.697499 6.893636 7.364498 7.116244 7.276557 7.356200 8.091212 7.869618 6.732996 7.521871 7.942325 7.038060
6.977905 6.963301 7.651968 7.029749 7.802508 7.651003 7.730022 7.773547 7.147971 8.013659 6.888476 7.463689 6.959508 7.320660 7.710175 7.825553 6.747450 7.814303 7.417581 7.371777 7.236670 6.359570 7.101430 7.149651 7.718511 7.228051 6.920565 7.672650 8.035380 7.611985 7.413831 6.782850 7.480608 7.532873 7.209448 7.129058 7.509533 7.332296 8.177952 6.596518 7.281344 7.489623 7.323990 7.349398 7.130671 6.371019 7.943513 7.931678 7.447923 6.814633 7.780178 7.461063 6.850578 7.377345 7.589941 7.187991 6.947159 8.201558 6.498052 7.479541 6.717407 6.316203
7.541099 7.961430 7.859040 7.831740 7.778369 7.767712 8.355802 8.076049 7.055602 7.126055 7.089637 7.014444 7.203104 7.106540 6.656968 7.876708 7.597034 7.735770 8.176506 7.084350 6.620390 8.376213 7.267616 7.395152 6.560912 7.125146 7.440222 7.117787 6.431419 7.850914 6.682167 7.482830 6.926478 7.288347 7.146742 7.654072 7.756831 7.257289 7.701991 7.010237 7.246520 7.724632 6.738829 7.178890 6.863142 6.372859 6.981064 7.495707 7.972652 6.766279 7.435415 7.807004 7.283291 7.822147 7.392289 7.189064 7.149446 7.140421 7.163977 6.353708 7.403779 7.687559
7.151850 7.268311 6.811675 7.463519 7.854255 6.405351 7.038301 7.489579 7.302875 8.774303 8.080736 7.787637 7.592911 6.627442 7.251455 7.489148 7.008743 7.367884 7.003733 7.063650 7.016348 6.779077 6.884834 6.977689 7.212518 8.111998 7.136466 7.501487 6.077587 7.088415 7.422782 6.271064 6.750584 6.907429 7.861237 5.619849 7.825152 7.666916 6.489403 7.619375 7.606966 6.826638 7.242053 6.709893 7.561335 7.483609 7.292086 7.686681 6.722410 7.686129 6.645990 7.525094 7.714513 7.184097 7.222657 6.450993 7.519528 7.102350 7.021833 6.970045 7.497108 7.478895
7.423046 7.077496 6.981700 6.868399 8.158847 8.117496 7.929253 7.359486 7.124611 7.190141 7.417603 7.577876 7.166095 7.046944 7.232769 8.191869 6.769152 7.458335 7.499146 7.401950 7.057907 8.053847 7.100735 8.182069 7.250686 6.986643 7.173944 8.197085 7.191152 7.929921 8.017588 7.314594 7.941075 7.085931 7.633145 7.473278 7.379610 7.291198 7.120879 6.647531 7.541601 7.006678 6.470721 8.211597 6.801973 6.874047 6.970969 7.257097 7.383466 7.410569 6.828912 7.178479 7.409384 7.714386 7.274407 6.897454 7.006674 7.287444 6.830337 6.672974 7.154895 6.700576
7.420054 8.023165 6.808225 7.597729 7.386336 7.580610 7.980624 6.588437 7.768234 7.538094 7.257549 7.110852 7.133556 7.983150 7.709630 7.306169 7.300658 6.999353 7.115573 7.965695 7.098798 6.973563 7.331630 7.502847 7.198693 6.852191 7.319645 7.340849 6.232744 7.438162 7.105188 7.432249 6.910268 6.566946 6.624716 6.643972 7.314895 7.417131 6.450701 8.036324 5.981835 6.635202 6.888112 7.573093 7.473774 6.435560 7.914823 6.967962 7.211103 7.304271 6.770272 6.976264 7.538547 7.491880 7.001036 6.984835 6.474618 6.888957 7.480153 7.436191 6.753770 7.338794
6.530880 7.438171 7.168569 6.857746 7.593161 7.195540 7.633607 7.887686 7.325132 7.437846 6.234678 6.503808 6.792681 7.561163 7.370173 6.642538 7.401987 7.442976 7.965737 7.477683 7.445412 7.379083 7.645597 7.155125 7.172209 7.440818 7.102871 7.404400 7.538090 7.580623 7.510542 6.743230 7.055961 7.583703 7.957258 7.534672 6.891676 7.001072 7.212365 7.646423 7.651115 6.750697 6.796477 7.896189 7.204668 6.765862 7.340649 7.544093 7.202526 6.726985 7.386630 7.214607 8.069897 6.968655 6.205504 6.446007 7.011709 7.123474 7.828784 6.927703 7.219546 7.627202
6.065108 7.403484 6.464133 7.576976 6.628107 7.290700 6.543613 7.431689 7.428435 7.210855 7.128681 6.421064 7.038700 6.844949 6.496540 6.838025 6.718184 7.853417 6.874226 7.445415 8.125562 6.967796 7.235054 7.142414 7.735703 6.402286 6.917606 7.163827 6.973859 6.874640 7.815080 6.884034 6.867503 7.102785 7.335529 8.034468 7.727746 5.806203 6.948264 7.855291 7.231070 7.746964 7.459266 7.298331 6.558495 6.051819 7.657583 7.239294 6.363493 6.715098 7.273983 6.201372 7.485233 7.158779 5.607073 7.121779 7.000685 7.751205 7.630393 6.264034 7.370066 7.502365
7.178543 6.849123 7.908025 7.846151 7.183717 6.684305 7.849047 6.654795 7.826088 7.132108 7.321839 7.505061 8.037979 7.831647 7.230215 6.410734 7.836842 6.508691 7.157092 7.274419 7.353756 7.310076 7.071391 7.482722 7.142416 7.127100 7.612667 7.048536 7.782117 8.611831 7.607881 7.417852 6.677571 7.083744 7.850905 7.367632 7.390207 6.555967 7.528816 6.878295 7.817220 7.305890 7.016380 6.826221 7.342675 6.647959 7.329899 6.501936 6.908640 7.142023 6.618836 8.124606 7.478873 7.422365 6.549279 6.694375 7.165339 6.950226 7.222897 7.428688 5.863631 7.229340
5.973852 7.000865 7.118487 6.862304 7.495948 7.690056 7.120581 7.098634 7.305872 7.767108 7.501007 7.030689 7.645156 7.971601 7.635174 7.453171 7.813041 7.154620 6.747633 7.035103 7.111970 6.348805 6.516462 7.759571 7.100510 6.930048 7.382075 6.925052 7.345983 7.358039 7.514328 7.572670 7.363432 7.026228 7.865729 7.641092 6.541633 7.691691 7.898058 7.257471 6.618247 5.860093 7.310537 7.423211 6.799628 6.898410 6.703202 6.817497 7.485996 7.500774 7.243118 7.478777 7.333003 6.962387 7.111971 7.525595 6.689088 7.315858 7.745890 6.379978 7.636257 7.242817
6.411130 7.463366 6.926809 7.714005 6.982880 7.763441 6.606837 7.048372 7.068600 7.306143 6.697315 6.858749 8.403496 6.579580 6.654429 7.819722 6.890199 6.947938 6.830088 6.921143 6.738671 6.909797 7.640982 6.803564 7.775637 7.709460 6.871227 7.089337 6.802479 7.607914 7.147847 7.165085 7.567005 7.425230 7.210761 7.306793 7.716288 6.834362 7.730455 6.322230 6.739550 6.400506 7.112261 7.414702 7.859117 6.799773 7.923597 8.733710 7.739829 6.878624 7.733071 8.066857 6.665190 7.063211 7.345407 6.990857 7.256008 7.470886 6.600824 7.215655 7.348101 7.488247
6.780376 7.188918 7.443777 7.733865 7.334063 6.907840 7.511119 7.543535 7.786100 7.487963 7.313375 6.998792 7.536063 6.845360 6.786168 7.723420 7.286388 6.490777 6.688283 8.065479 6.820047 6.500367 7.914967 7.572800 6.529741 7.438482 7.043737 7.791131 7.497550 8.266035 7.243379 6.502467 6.879942 6.576432 6.526104 7.828426 7.805145 7.584356 7.556141 6.894413 7.071838 6.826398 7.447507 7.779960 6.548708 6.650336 7.246856 6.463399 7.282518 7.594705 7.343051 6.604446 7.071693 6.733810 6.805033 6.998681 7.763553 7.608148 6.718329 6.842888 7.798444 7.380842
7.014757 7.280137 7.619004 7.104406 7.127234 7.814900 6.879235 7.527947 7.194345 7.215907 6.087872 6.898319 7.259139 6.771152 7.435180 6.808206 7.857216 7.302902 7.878438 7.535803 8.022507 7.744138 7.206296 6.296722 7.608406 7.106969 6.860839 8.433403 6.895407 6.619529 7.358168 6.942530 7.223368 7.658191 7.675006 7.394153 6.814040 7.206561 6.767545 7.686436 7.014926 6.924487 7.129199 7.470330 6.497539 7.406972 6.394692 6.583516 6.863008 7.221957 6.898464 6.676074 7.233313 5.918935 6.690684 6.519346 6.166637 7.261097 7.420090 7.029489 6.246892 8.416333
6.412315 7.171550 7.205339 7.340447 6.811685 6.361012 7.701210 7.705896 7.078222 6.990146 6.739160 7.955446 6.787599 6.784894 7.319113 8.371253 7.740068 7.403558 7.259172 7.161338 7.024304 6.576902 7.162417 7.273439 7.979068 6.869090 7.648050 7.109144 7.711232 6.748375 8.060907 7.650861 7.082255 6.716054 6.514569 6.442771 6.847854 7.368952 7.143258 6.774384 7.275289 7.158864 6.684917 6.555880 6.585561 7.315278 7.513396 6.959500 6.460378 7.325863 6.952132 6.949044 6.894545 6.340215 6.716864 7.046256 7.224393 6.348274 6.804612 6.407933 7.315651 6.719044
