data/CentralBaltic/salinity0000_07.asc
NCOLS 400 
NROWS 400 
XLLCORNER 4750000.0 
YLLCORNER 3200000.0 
CELLSIZE 1000.0 
NODATA_value -9999 
[rows 364 to 391 of 400, columns 124 to 185 of 400]
7.100254 7.327518 7.409165 7.659454 6.807380 5.545204 7.489106 8.532710 7.578775 6.856180 7.798111 6.934702 8.222604 7.039153 7.170606 7.648360 7.142386 8.042327 7.630399 6.345187 7.194573 6.980366 6.471843 7.557309 7.356623 6.867185 7.971732 6.790332 6.638338 7.954527 7.579263 6.808862 7.406330 6.651690 7.589636 7.218843 7.244932 7.545073 6.655212 7.633426 6.693707 6.852332 6.866657 7.081265 6.714322 6.893521 7.010984 6.890200 7.003265 6.804227 7.491429 6.915059 7.553134 7.551785 6.739177 7.521880 6.961689 7.240771 7.232113 7.248637 6.862856 6.439379
7.096893 7.680516 7.068645 6.789107 7.278608 7.591215 7.556490 7.901328 6.989442 6.974604 6.080465 7.342090 7.586955 7.927759 7.230943 6.933995 7.605682 7.396508 7.971210 6.605030 7.412998 7.140943 7.562807 7.200258 8.347700 7.312766 6.927008 6.830375 7.895060 7.525043 6.854937 7.241321 7.991332 7.052611 6.723864 7.297538 8.073118 6.948982 6.868440 6.880431 6.475068 6.786462 6.189773 7.708228 7.633148 6.870403 6.875847 8.031805 7.431956 6.948365 7.576733 7.336990 7.253797 7.527244 6.740540 7.266953 7.313759 7.572267 7.078304 6.494496 8.295066 7.199741
7.855657 6.799130 7.583274 6.676895 7.270323 7.200858 7.702529 6.615667 7.997139 7.404258 7.649208 7.518494 7.222305 8.062689 7.129915 7.958552 7.409389 7.233546 6.189542 7.334666 7.390124 7.060712 7.787681 7.810777 7.104754 7.302146 7.678690 6.831800 7.485882 6.390557 7.607737 6.692011 6.462051 7.173981 7.024734 6.308255 7.048643 6.856586 7.114136 7.499854 6.985746 6.584099 6.871456 7.307262 7.279315 7.705087 6.731825 7.218307 7.746037 6.964329 6.853409 6.895369 6.791151 7.142348 6.899241 6.574980 7.470911 8.108414 7.726740 7.017002 7.080599 7.851122
6.977873 7.839978 6.577030 6.955034 7.027148 7.441402 7.094413 7.695715 7.898736 6.827368 7.302502 7.471466 7.429331 7.814701 7.646007 7.729726 7.443971 7.392608 7.639534 6.986821 6.427213 6.936719 6.369509 6.772048 7.174161 7.432543 7.042178 7.223626 7.094699 7.358069 6.688009 7.634458 7.681096 6.853300 7.061819 7.991452 8.263828 7.475904 8.020031 7.892898 6.950698 7.365964 7.516552 6.835215 7.491307 8.074181 6.816536 7.137996 7.033295 6.964090 7.096323 7.788488 6.856688 7.363456 7.827812 8.395663 7.630836 8.029620 7.859981 6.773927 7.022797 7.223957
7.127264 6.743138 6.971272 7.944414 7.019643 7.148420 8.036456 7.266253 7.147594 7.440474 6.795098 7.344377 7.836146 6.760310 6.176757 7.270175 6.935036 6.493750 7.786868 7.072361 6.990653 7.394134 7.006737 7.422977 6.594874 6.361725 8.085872 7.549926 7.067805 7.123650 6.444799 7.071393 6.608188 6.781121 7.356152 6.784307 7.520118 6.314508 7.103745 7.667356 7.731012 7.349612 7.308476 7.441173 6.221541 7.050186 7.241901 7.358997 7.102399 8.545422 6.857842 6.954982 7.028695 7.477278 6.151215 6.273259 5.785518 6.362708 6.409327 7.759674 7.719396 7.397663
7.614508 7.548816 6.870348 7.451900 5.971332 7.185443 7.109221 7.762931 7.018689 7.004467 7.503921 7.002933 7.725183 6.336197 7.215337 7.992223 7.021409 7.721563 6.828191 5.831617 7.906379 7.343903 7.315239 7.159725 7.300558 7.068945 6.618567 7.720693 7.293831 7.190575 7.749652 6.313171 6.186585 7.199998 7.650311 7.433350 8.000572 6.342029 6.368308 7.876597 6.762229 7.691683 6.480281 7.351658 7.661729 7.660248 7.761254 8.574565 7.163407 6.671728 7.147642 7.190965 7.194229 6.491703 6.711769 6.206443 6.781976 7.009034 7.431708 7.607194 7.154886 7.121716
6.527568 7.223358 7.408540 7.833949 6.783304 7.442110 6.435611 6.898309 7.745497 6.754369 6.599285 7.899349 6.971453 8.320325 7.169549 6.934796 7.228783 5.761305 6.182463 7.058938 6.720531 7.004633 7.484967 7.558400 7.408490 7.372513 7.147869 7.439968 7.215320 7.012829 6.659143 7.958010 7.094286 6.747079 7.703711 7.197633 7.188338 7.724323 7.484843 7.586804 7.938306 6.860310 6.887405 7.077260 7.255234 7.241208 6.486232 7.308000 6.777330 7.256703 8.391460 5.629433 7.148928 5.933433 7.115595 6.857628 6.778142 7.104631 6.877721 7.224858 7.780312 6.794133
7.149759 7.238646 7.643815 6.896602 7.718046 7.711755 8.134063 7.902253 7.393483 7.586823 7.223197 7.267817 7.469936 6.984417 8.180939 7.293426 8.031177 7.449961 7.830594 8.209570 6.562684 6.418149 7.573797 6.622318 6.994032 8.055207 7.472241 7.264016 6.837323 6.808827 6.756249 8.008625 8.459642 7.395322 7.505077 7.430746 7.756329 8.344504 6.744283 7.273716 6.877031 7.988694 7.090399 7.656889 7.295980 6.513984 6.894192 7.402104 7.319175 7.488387 6.848683 6.721272 7.242450 7.649993 7.001178 7.226106 7.539366 7.264689 7.383949 6.580967 7.593486 7.027734
8.292544 7.396585 7.330739 6.973167 7.586915 7.675317 7.230209 8.135498 7.011078 7.604626 7.233268 7.209839 6.699611 7.217385 6.666353 7.219510 7.491941 6.462042 7.483538 7.371965 6.977423 7.412089 7.440872 7.152162 6.759078 7.444709 6.776876 6.914963 7.927389 6.504230 7.215663 6.806147 7.314751 7.508471 7.609476 7.079150 6.478607 6.774695 6.611288 7.306126 7.124776 7.610516 6.650917 7.458121 7.516058 6.600067 6.954443 7.230470 7.613194 6.563463 7.482125 6.356873 6.690686 7.153887 7.739614 7.619548 7.578375 7.365302 6.988340 7.123793 7.918711 6.653275
6.911441 7.024784 7.237349 7.223314 7.271473 7.827037 6.970017 7.937490 6.928335 7.224366 7.186188 7.244685 6.700097 7.852474 7.489748 6.911952 7.825910 6.549761 7.519762 7.163411 7.280088 7.062861 6.920029 6.987924 6.974810 7.768648 7.218369 7.596957 6.948208 6.966097 7.265636 7.136104 6.779697 6.929889 7.645206 6.498796 7.116070 8.059093 6.610143 7.383327 6.129011 7.658202 6.212676 7.833086 7.475917 6.035756 6.908794 7.165097 7.100545 7.198555 6.653746 7.193784 7.654478 7.019799 7.186957 7.089854 7.606132 6.717548 7.276838 8.237124 6.994525 6.922395
7.550922 7.286463 6.893399 7.436856 6.750094 6.875442 7.208111 7.856681 8.101844 6.997637 7.300555 7.006002 6.605792 8.384799 7.344077 7.168911 7.509704 6.671741 7.674575 6.857044 6.904044 7.153873 7.038862 7.121058 8.131155 6.643837 7.113080 6.659190 6.776750 6.933778 7.323657 7.319414 7.724123 6.674293 6.127670 7.140905 6.240807 6.278004 6.936078 7.613383 7.873716 6.581692 7.621371 6.877067 6.672499 6.292017 7.176241 7.710256 6.941454 7.788169 7.651533 6.305834 6.744232 7.092932 7.626438 6.950329 6.733186 7.030705 6.458837 6.793654 5.987432 6.735743
6.405268 6.667304 7.352698 7.070155 7.120034 7.639880 7.547225 7.573327 7.006186 8.158999 7.722403 7.916546 6.575128 7.503271 7.020342 7.244663 7.402008 7.112548 6.280381 6.640195 6.968473 6.388258 6.744576 7.032180 7.885763 6.845766 7.458432 6.564872 7.127707 7.190207 7.227782 7.424912 7.394677 7.061516 6.732414 7.156128 7.020333 7.204088 7.194283 7.329651 6.719948 6.963939 6.804522 6.991277 6.619262 6.113184 7.173632 7.341740 6.597812 6.742699 7.843509 6.536578 8.081186 7.354907 7.980308 7.142304 7.576473 6.510066 6.666527 6.731112 6.294286 8.306661
6.239186 7.223495 7.016464 5.971576 7.488963 6.567547 7.209112 6.664783 7.044916 6.334223 7.340032 7.320206 7.610890 7.426175 7.256060 6.751195 8.259065 5.942101 7.373376 7.062701 8.400751 7.192655 7.330197 6.846508 7.125168 6.442211 6.797151 6.999167 7.490975 7.122694 7.102398 8.144958 7.964650 8.142617 7.480049 7.064190 7.124198 6.430070 6.797282 6.170479 7.332112 7.114993 7.404128 8.692656 7.211690 7.297172 7.431169 7.340913 6.923385 6.943033 7.274401 7.862191 7.311846 6.524968 7.371738 7.805113 7.370750 6.742225 6.871949 6.697429 7.178127 7.192770
6.259425 7.414686 7.794595 6.593285 6.877388 7.838180 7.873426 6.438090 6.752022 7.179422 6.769261 7.251330 7.866707 7.002111 7.034653 6.028537 7.260382 6.621700 6.550089 6.316932 6.042524 6.661171 6.692069 7.060002 7.473789 6.689449 7.208032 6.589169 6.425296 7.275807 6.296187 7.382372 7.327750 7.138262 7.145998 7.054598 6.018559 7.666568 6.706979 7.559701 7.369696 7.133934 7.582256 7.615326 7.496463 7.700111 7.115614 7.205984 7.979786 6.845098 6.885080 6.612096 6.638359 7.340369 7.144413 7.461681 6.670418 8.315964 7.772959 7.742457 7.745087 6.836286
7.589997 7.214520 6.742811 6.708031 6.837047 7.011241 7.416096 7.007611 6.446291 7.528904 7.131555 6.974088 7.372417 6.622383 6.307139 7.090710 7.517018 7.616897 6.555953 5.928156 7.000251 7.586025 7.081754 6.734566 7.163110 7.765385 7.403447 6.524975 6.183984 7.027098 6.098048 6.965948 7.190895 6.583022 7.322257 6.806563 7.220838 6.818720 7.374391 7.510559 7.410309 7.728468 7.576213 7.423148 7.389352 6.774917 6.221945 6.564288 7.151584 7.494752 6.535050 6.534003 6.924254 6.376094 7.197222 6.887759 7.148967 7.735332 7.659778 6.777535 7.363688 7.014083
6.924298 6.845422 6.112009 6.640826 7.171666 7.044697 6.517153 7.217452 6.932698 6.950382 8.243941 7.143518 6.670963 7.258188 7.237432 6.861541 6.903115 6.983385 7.490343 6.477685 6.291057 8.273200 6.987605 7.380431 6.425186 6.839326 6.630474 7.785319 6.415182 7.861234 7.049078 6.860286 6.786245 6.385072 7.121827 6.414869 6.973210 7.243517 7.037420 6.921278 7.522444 6.942993 7.446561 6.616064 7.693454 7.458589 6.465124 7.072942 7.221086 7.257368 8.522880 7.356147 7.845927 6.410070 6.831192 7.493949 7.962192 6.633567 7.387388 6.399891 6.045294 7.705648
6.562993 6.488923 6.161139 7.630286 6.190918 7.272082 6.951773 6.243347 7.314149 6.659400 6.475854 7.967275 7.602696 7.063564 7.379945 5.962451 7.358663 7.026483 7.083708 7.005493 6.905087 6.829999 7.276330 7.742699 6.883893 7.622167 7.308353 7.359688 7.096048 6.783807 6.925531 6.948445 7.409312 6.934404 7.489344 6.268615 7.433728 7.018016 7.214416 6.944538 6.338883 7.454011 6.478567 6.565182 7.467899 7.473783 7.101758 6.912551 7.748992 8.079044 6.972358 6.472656 7.032260 6.903352 6.811232 6.736536 6.198868 7.832358 6.500121 5.985472 6.773825 6.491187
6.708610 6.568090 6.702449 6.860849 7.641843 7.670858 7.356120 7.253931 6.864087 6.627890 6.445066 7.580328 6.133412 7.097395 6.192204 6.865898 6.786460 7.296853 7.157277 7.612992 7.872647 7.864837 6.737878 6.167047 7.264535 6.647977 6.275944 7.303103 7.310811 7.206920 6.777178 7.626965 7.181973 7.356244 6.581376 7.550654 7.128455 6.507144 6.765049 7.390551 7.099957 7.597122 7.346078 6.451632 6.951813 7.173239 5.924258 6.798810 7.696213 6.833986 6.055451 6.690203 6.922617 6.967502 6.915138 6.820855 6.574871 6.663057 6.319058 6.860044 6.865432 6.729637
6.862459 6.970025 6.317921 7.344782 7.105672 7.769233 7.255975 7.097649 7.303416 6.062798 6.650934 7.223073 6.878503 7.324160 7.223009 6.858720 6.196877 6.871915 6.954959 6.744860 7.890073 7.645596 6.557378 6.813880 7.412980 7.361426 7.616568 7.215633 6.746250 6.982683 6.126972 7.801601 7.480869 8.145387 7.232162 6.080131 7.594025 7.417853 6.377783 8.038624 6.873834 6.361042 6.991340 6.611112 8.036777 7.346574 7.266292 7.129537 7.060561 7.238022 6.550989 6.624436 6.700637 7.580562 6.778180 6.456056 7.310350 6.410432 6.669870 7.311963 6.987668 7.080780
7.177575 7.974764 6.960728 6.742174 6.804287 6.804452 6.755157 7.023434 7.181785 6.748799 7.122009 6.895562 6.618677 6.772793 7.377613 7.486276 6.457971 6.594843 7.673561 7.921067 7.211661 7.075880 6.997323 7.638640 7.288026 7.061428 6.903072 6.416505 6.720357 6.691218 8.363660 6.920379 7.384988 6.648485 7.067943 7.011384 6.290133 6.415288 7.021985 5.867491 7.403313 6.138272 5.338675 7.261357 6.562113 7.050061 7.221524 7.224054 7.117195 6.923964 5.994359 7.248214 7.648754 6.713029 7.139424 6.533651 6.877879 7.060571 6.821888 7.434901 7.168033 6.895482
7.162315 7.198739 6.852479 6.862677 7.303354 7.491630 7.940749 6.964637 6.801022 6.988954 6.560369 6.494710 6.776865 6.617683 7.607982 5.669253 6.666785 6.660749 6.858954 7.469391 7.281857 6.795498 6.996794 6.735305 6.977652 7.375272 7.368792 7.199669 7.335093 7.330027 7.334157 6.839587 6.679415 6.851335 7.381380 7.213139 6.605731 7.703178 7.030787 6.664552 6.836210 6.688837 8.424170 7.266628 7.379113 6.977234 7.371089 7.774824 7.545517 6.095969 6.008971 6.447882 7.015237 6.756602 7.269151 7.369381 6.695170 7.653803 6.942244 7.409303 6.865298 6.628499
6.782603 6.994993 7.061935 6.372443 7.389913 7.129512 6.307136 6.934393 6.657568 6.979242 7.060384 7.526239 6.965658 7.063684 7.345480 8.009117 7.285319 6.410936 6.516921 5.953017 6.417503 6.950490 7.694284 6.914630 6.452516 7.099366 6.957865 6.778169 7.206628 6.351359 7.551698 7.122677 6.399146 7.348173 7.307269 7.059144 7.236062 6.864280 6.357760 7.815092 7.139158 7.723296 7.003706 6.524299 7.206013 6.761761 7.071811 6.269418 7.126629 6.621277 7.715160 7.511494 7.918409 6.558662 7.378288 6.369101 6.776430 6.301831 6.597327 7.363616 6.459189 6.561397
6.148746 6.622287 6.928235 7.070922 7.386122 6.390883 7.213178 7.862889 7.089982 6.493826 6.959277 7.305317 7.259461 6.761685 6.208342 6.780763 7.741753 7.504105 7.335437 6.864484 6.670100 7.042826 6.812769 6.703459 6.428222 7.772452 6.820225 7.165031 6.657895 5.646470 7.359033 6.089199 6.857133 7.226954 6.449364 7.170202 7.065795 6.712971 6.427738 7.119648 6.329301 7.392060 6.599063 7.470330 6.386360 6.781966 6.227523 7.210318 7.512600 7.254330 7.683435 7.244011 6.616259 6.907280 6.758659 6.917521 6.798947 6.582154 6.402754 6.503314 6.029006 7.126876
7.099766 7.298179 7.381365 6.941074 7.474359 6.647800 6.992143 7.229740 7.145106 6.323776 7.272586 6.861467 6.210561 7.586803 6.699676 6.891676 6.959486 6.862911 6.221898 7.652811 6.944772 7.173677 7.520524 7.547767 7.264567 7.555011 7.209786 6.674705 7.309524 6.283494 7.682417 6.634057 7.171517 6.995192 6.394835 5.528512 6.635810 7.396038 6.451527 6.839190 6.728941 6.282177 7.326619 7.288390 6.682413 7.313654 6.773995 6.625867 6.894178 5.672554 6.411719 7.073421 6.544846 7.012396 6.671253 6.668475 6.482961 7.466493 7.290615 6.397583 6.597404 5.991884
7.344546 7.320609 6.897648 7.469227 6.769778 6.981754 7.723981 7.436936 6.355100 7.201375 7.351980 7.330622 6.838187 7.260342 7.358404 7.093088 7.415459 7.079555 7.452150 6.789508 7.408350 6.724658 6.888299 5.974572 6.988709 7.390533 6.870089 7.002436 6.768322 7.379590 6.932374 7.324316 7.053529 6.938246 7.188618 6.193151 6.025416 6.556422 6.995378 6.872876 6.622195 6.910586 6.592579 6.498536 7.189103 7.377365 6.470803 6.595973 6.548704 6.442951 6.339249 7.573379 7.300036 6.268231 6.668644 6.369379 7.309828 6.553010 7.803325 6.346774 7.161972 7.464140
5.505314 7.604900 6.546679 7.245763 6.591680 6.478200 5.859513 7.658922 7.846102 6.575632 6.659980 6.969688 5.758250 6.548089 5.829272 6.758616 5.816808 6.248355 6.784519 6.721948 6.981444 7.573813 6.619043 6.976399 6.644230 6.538552 7.427002 7.148730 7.426651 6.717244 6.433951 7.564381 7.385181 7.591366 7.301194 6.648619 6.939314 6.641584 7.189878 6.925776 7.571966 6.755616 6.561420 7.864127 7.484826 7.726182 6.764469 7.866470 6.787612 5.793889 8.109005 6.666388 6.620764 6.794403 7.189515 7.475122 7.298903 6.789076 6.730881 6.704831 6.744337 7.302453
6.654075 7.007737 5.811542 7.391671 6.374240 6.977019 5.800383 6.762993 7.646728 7.814109 6.456873 6.180537 6.230666 6.832967 7.277970 6.454748 6.315086 7.025361 7.780327 6.487844 6.778142 6.504531 6.108035 7.206210 6.395212 7.571625 7.102994 7.055540 6.625477 6.221937 6.436978 6.331692 7.037977 7.010370 7.486621 7.010547 7.497772 6.260314 7.063629 6.324654 7.400007 6.785686 6.902244 7.201992 6.231492 7.310319 5.809975 6.199022 7.352618 7.767953 7.062034 6.124362 6.825516 7.311394 6.733262 6.738246 6.379487 8.133361 6.394958 7.653329 6.827118 6.409428
6.567463 6.719992 6.415743 6.999907 7.111155 7.612018 7.828437 6.165991 6.805328 7.274574 6.064376 8.196999 7.684826 7.224260 6.758021 7.463299 6.493544 7.175814 7.480637 7.080460 7.420000 6.493244 6.228722 7.022209 6.841958 6.086328 6.921240 6.769337 6.785326 6.877180 7.044325 7.798645 6.804981 6.493612 6.702220 6.408778 6.507451 7.222670 7.200341 6.039662 6.608010 6.669001 6.861625 6.245475 7.013502 6.759820 6.870276 6.897730 6.159034 6.492432 6.731559 6.001401 6.411956 7.097269 7.385524 6.970285 7.016345 7.615231 6.374589 6.860166 7.269689 6.961952
