data/CentralBaltic/salinity0000_11.asc
NCOLS 400 
NROWS 400 
XLLCORNER 4750000.0 
YLLCORNER 3200000.0 
CELLSIZE 1000.0 
NODATA_value -9999 
[rows 189 to 215 of 400, columns 61 to 121 of 400]
13.425391 13.581494 13.008945 12.945591 13.822022 13.699466 12.814173 12.772276 12.139738 13.580823 13.230662 13.495339 12.500529 13.326427 13.434568 13.571972 12.900831 13.198779 13.821916 12.430415 12.483362 13.004406 13.178707 12.675093 12.453911 12.614613 13.014971 14.398648 12.919094 14.142449 13.758857 12.616948 13.150052 12.743090 12.288630 13.224613 13.103322 13.231000 12.966756 12.187947 12.074424 12.732721 13.152145 11.921584 12.887830 12.514007 12.833913 12.854030 13.254486 11.971938 12.657333 12.560580 13.006128 12.200692 12.805141 12.681839 11.841753 13.587310 13.393917 13.119109 11.917851
13.464070 12.846099 12.771353 13.107187 13.642204 13.356969 12.641116 13.343893 13.799339 12.909704 13.253864 13.216501 13.517601 13.037912 12.978213 13.620284 13.706453 12.810999 12.587092 13.839563 13.396594 12.586796 13.765139 13.802452 11.970877 12.949522 13.414427 12.277842 12.363713 13.232913 12.198765 12.858559 12.022772 13.158857 13.387819 13.589077 12.221298 12.417914 12.496914 12.739341 12.764683 12.373444 12.059652 12.840647 13.346459 12.125705 12.520177 12.641892 12.537941 11.772478 12.810654 12.447306 12.790617 11.812569 12.356956 13.048579 12.348792 12.819718 11.993942 12.175076 12.386906
12.426497 13.257346 13.492104 13.200876 14.152524 13.269738 13.717977 12.585380 12.832706 13.600565 13.017171 13.613293 13.164544 13.518813 13.704238 12.772104 12.201019 14.244402 12.767794 13.313398 12.913974 12.544736 13.912383 12.380528 13.593857 13.360003 12.835793 13.299029 12.928820 13.326293 12.270884 12.798636 13.048924 13.696141 13.482105 13.341742 13.070878 12.362142 13.619254 12.845063 13.459685 12.839185 13.634118 13.115151 13.234754 13.834728 13.247907 12.419137 12.797656 12.498682 12.595128 12.678397 12.762710 11.988376 12.674829 12.646582 13.194841 12.679139 11.751563 12.415623 12.307591
13.892750 13.721367 12.668567 14.434772 13.288171 12.830569 13.428738 13.007102 13.729281 12.649174 13.420063 13.896234 12.168127 13.126810 12.871146 12.423043 12.687395 12.896747 13.429387 13.029908 12.920845 13.162116 12.640091 12.676682 13.046956 13.409101 12.751327 12.037942 13.432922 12.868155 12.215697 13.443976 12.753623 12.098079 12.560028 13.031298 12.781338 12.720993 12.524450 12.960782 12.396969 13.115013 13.313747 13.678567 12.151097 12.879166 12.556479 12.575888 12.428172 12.310663 12.351423 11.439326 12.459222 13.421710 12.433935 12.910212 12.800529 12.591625 12.508596 12.746973 13.610085
12.704961 13.040746 12.839838 13.423597 13.097429 14.020916 13.194031 13.765103 13.492801 12.795739 12.341988 13.693469 13.454656 13.382659 13.765018 12.974809 13.637847 12.453782 12.764794 12.697982 13.568211 13.250695 12.296841 12.422162 11.776152 13.008247 13.528050 13.364922 12.779482 12.092652 13.106830 12.538623 13.563090 13.590916 12.573107 13.169552 12.065304 12.452116 11.932160 13.565015 12.987305 12.825324 13.415550 13.224572 12.911277 13.167464 12.950686 14.116241 12.119051 12.642641 12.650043 12.268930 13.343534 12.793312 13.189404 13.230824 12.403409 12.780402 12.290109 12.535392 12.135709
13.985495 13.174262 12.901949 14.600290 12.144672 13.207669 13.282755 13.681176 13.434963 13.000240 13.560452 13.746923 12.309420 13.527267 13.702736 13.054449 13.086608 12.865215 13.184853 13.245681 12.820649 11.853447 12.833249 12.805139 12.498767 13.837127 14.151127 12.931339 12.869713 12.563372 13.185359 13.145963 12.145063 13.455491 12.452740 13.210524 12.252443 12.078675 13.229886 12.738372 13.436553 12.718266 12.457496 12.709509 12.883530 13.192676 12.655308 12.859170 12.223328 12.501123 12.514032 13.025022 11.485426 12.763002 12.431311 12.026718 13.026059 13.419386 13.142382 12.299616 12.050813
13.139416 12.903335 14.002003 13.386904 12.683866 12.432096 13.096769 13.697801 13.792128 12.647337 13.205931 12.873941 13.761708 12.577488 13.080365 13.413310 12.882511 13.000339 13.477403 13.332849 13.457225 12.579362 12.590368 13.234850 12.797168 13.412621 13.033845 12.805950 12.199465 13.984042 12.818705 12.955108 12.184564 13.090051 12.979310 12.675944 13.463506 12.615752 12.055793 13.295674 12.534253 12.432224 11.932690 12.453163 11.837557 12.403000 12.569960 11.819193 12.162697 12.100643 12.496410 13.697410 13.305323 12.227036 13.784075 12.024303 12.293346 12.320384 13.036239 12.013279 12.316713
12.732386 12.046792 12.979306 12.815828 12.738027 13.146670 13.270886 12.932399 14.031804 12.646150 12.541354 12.701583 11.433271 12.717769 12.603765 13.538779 12.418771 13.695544 12.557303 13.203860 12.775607 11.932999 12.945887 12.548769 12.426644 13.112176 13.103557 12.954357 13.001253 12.779184 12.503644 12.974291 12.987478 12.644156 13.774816 12.181887 13.364014 12.684669 13.252774 12.818274 12.769677 13.490500 13.412825 13.469479 13.806908 12.643638 12.736259 12.944587 12.630133 12.277815 12.712350 13.017078 11.761086 13.052440 12.801730 12.630140 12.827447 12.552854 11.429549 13.022896 11.306838
12.712829 13.350033 13.508910 13.253178 12.746845 13.730880 13.463299 13.006710 13.163198 13.693474 13.523783 12.176017 12.819902 13.419473 13.022981 13.208777 12.844261 12.425752 12.534529 13.379398 12.853151 13.338701 13.176478 12.165533 12.853084 13.274590 12.836280 12.863461 12.783134 12.156684 12.020920 13.515390 12.937147 13.344849 13.228062 12.365406 13.413823 12.125943 13.324107 12.638389 12.470709 12.163815 12.851843 12.740902 12.083648 12.116752 13.020826 12.846118 12.890179 11.956653 12.612393 12.716910 12.469191 11.821330 12.359090 13.199192 13.638556 12.677713 13.318506 12.219285 12.456636
12.935519 13.208926 13.277098 13.956528 13.048321 13.140562 12.751714 13.507941 12.269472 12.573999 13.223448 13.624430 13.915707 13.445291 12.501208 13.015566 13.976316 12.657644 14.019495 12.846279 12.701542 12.232211 13.392476 12.689152 12.063655 12.281820 12.795512 13.009832 13.098853 12.496331 13.431087 13.432167 12.328394 12.631919 12.939578 12.906587 12.430104 12.649740 12.302089 12.587758 12.338249 11.208489 12.629982 13.164854 13.468290 12.632497 12.589811 11.500969 12.080940 12.257403 12.883090 12.580976 12.276452 13.154149 12.137679 12.789699 13.204133 13.458147 12.950552 13.229367 12.298875
13.225259 13.396755 12.613333 12.827917 12.487031 12.565987 12.876065 12.658112 13.128907 13.113300 13.325526 12.917751 12.821011 13.023206 13.082228 12.567348 12.859680 13.167178 13.441639 13.021523 13.502819 12.657276 12.210189 12.668009 13.107329 13.148052 13.039216 13.613698 12.860968 13.166195 12.044324 12.503068 12.260170 12.641886 12.457176 12.764169 13.058247 12.747982 12.295282 13.230684 11.565775 12.564990 12.303886 12.564753 13.195577 12.338829 12.563392 12.338449 13.430836 12.245489 12.389992 12.401639 11.538229 12.799502 12.769343 12.948440 11.844374 11.971950 12.485186 12.761589 11.451897
12.313667 12.685575 13.345385 13.011359 12.300791 13.742832 13.130883 13.914806 13.096527 12.709089 13.205797 13.004136 12.607718 13.529867 12.329445 13.272553 12.922456 13.487651 13.552664 13.378106 12.482487 13.044052 12.906746 12.501647 12.667242 12.886382 12.901074 12.704299 12.204279 11.827301 12.622714 12.996223 12.360397 13.117740 12.858774 12.393782 12.479673 11.976710 12.519801 12.839693 11.914335 12.562254 12.186620 12.532746 12.765017 12.688723 12.703017 12.234436 12.493120 12.934599 11.525783 12.914327 11.981076 12.297674 11.957176 12.174616 12.091638 12.312869 12.359253 13.775811 12.696656
12.996297 13.918639 14.240019 12.688082 12.755882 12.954875 13.493178 13.396121 12.690848 12.897603 12.453103 12.643030 12.944693 13.050488 12.916650 13.049913 13.023722 12.379931 13.726943 12.416566 13.233889 12.871407 12.543976 13.219890 12.415595 13.308858 13.025408 12.558676 12.681821 12.628496 12.662314 13.200164 13.523826 12.281037 12.682277 12.905925 12.358428 12.640649 12.472730 13.604674 13.135319 12.043427 12.748976 12.788660 12.134269 12.517905 13.159443 12.652267 12.475270 12.264023 11.952262 13.170402 12.147377 12.457078 12.712748 12.609173 12.841300 12.216295 11.777216 11.683118 12.483616
13.048671 12.800477 13.622230 13.378629 12.711195 13.206939 12.794517 12.541210 13.004147 12.409858 13.040472 11.977214 13.173380 12.253807 12.702780 12.025418 12.751307 12.294868 12.704428 12.995799 12.835154 12.320722 13.739221 12.811635 12.222991 13.273104 12.799570 13.821092 11.352878 13.087324 12.041698 12.485607 12.568141 12.337974 12.841398 13.020881 12.576653 12.703444 11.867868 12.585859 12.803582 12.336557 12.416723 12.762580 13.032102 12.380209 12.525655 12.648271 12.221897 12.781040 12.363109 12.384084 12.355987 12.391502 12.396502 12.008310 12.651632 13.077193 12.197446 12.162067 12.274552
12.690685 13.165697 13.434678 14.019954 12.252029 12.788901 12.606258 12.990881 12.737682 12.330360 12.972148 12.682822 11.821447 13.058589 12.612199 11.837473 13.248277 13.055541 12.871889 13.000636 11.864824 13.611521 12.964907 12.847541 14.024296 12.242711 12.380756 13.050546 12.879184 12.754203 12.004775 12.933663 13.129678 12.487837 12.557571 12.883524 13.272173 13.229417 13.049370 12.521929 12.352114 11.988808 12.677786 13.085260 12.634810 12.942730 12.311437 12.826271 12.589066 11.504968 12.066009 12.269518 12.370805 12.982408 12.398280 11.821930 13.001384 12.196050 12.369267 12.117282 13.203312
13.494311 13.167907 13.542188 13.128664 13.826137 12.608757 12.508328 13.634448 12.338687 13.198127 13.324414 12.729356 13.057255 12.785871 13.572393 12.018786 12.317175 12.471866 13.131826 12.769598 12.732890 12.693204 12.397616 12.523080 12.852941 12.829482 13.531344 13.711738 13.243163 12.771387 11.901082 11.831150 13.052297 12.899031 12.993103 12.669283 12.292326 12.936478 11.674110 12.961883 11.822396 12.861889 13.090399 12.240890 11.553242 11.810129 12.868349 11.404205 12.891247 12.823898 12.235697 12.742273 12.174276 13.269583 12.767517 11.690946 10.946614 11.921859 12.878133 12.019885 12.415364
12.406196 13.961809 11.801707 13.097101 12.104762 13.305870 13.168122 13.652468 12.412687 12.745538 12.956396 12.836990 12.535862 13.565474 11.733017 13.655621 13.472620 13.281541 13.834727 12.603751 12.634596 12.198297 12.949540 12.556153 12.416630 13.217189 12.541039 12.912856 12.634293 12.588121 11.890206 12.867577 12.759945 12.421255 13.546076 12.478174 13.091618 12.335788 12.929709 12.173775 11.884505 12.810263 12.719973 12.008186 12.773225 12.599424 11.623284 12.106529 12.266407 12.737649 11.704855 12.281006 12.393608 12.095352 12.033401 12.656413 11.635909 13.103020 12.131595 12.603751 12.077164
12.816261 13.421066 13.006750 13.785422 12.654094 13.067278 12.023654 11.632183 12.669201 13.509156 12.462085 13.556890 13.437067 11.893221 13.213676 12.199311 12.153665 12.771789 12.436403 13.516352 12.586011 12.066838 11.674693 12.913429 13.735439 12.993139 11.764944 12.614256 12.768789 12.222102 12.908430 12.400142 12.273722 12.694264 11.941806 12.473594 12.135421 12.339858 12.502658 12.139841 12.564130 11.948690 11.074694 12.670814 12.446127 12.229650 13.055466 13.259039 11.686427 11.220017 11.878149 13.084833 11.548220 12.901104 11.585371 12.022807 12.446046 11.867212 12.451367 12.415409 11.525353
12.590999 13.395370 12.681567 11.916130 12.181730 12.891701 13.214067 12.612049 13.319629 13.004675 13.128363 13.760861 12.760818 11.155109 13.274596 12.636533 13.049924 12.451211 12.835539 13.453931 13.005178 12.473040 13.316174 12.783461 12.276182 13.301351 11.442756 12.121624 12.161854 12.812606 12.472122 13.252443 12.913392 12.944858 11.816862 12.975512 12.158200 12.621674 12.764737 11.625243 12.766260 11.376107 12.526091 12.149704 12.525150 11.417497 12.717047 12.381395 12.662166 12.600269 13.613699 12.368919 12.120837 12.528987 12.858809 12.965865 13.073524 11.684566 11.475730 12.459092 12.753799
14.098321 12.222628 13.601489 12.953037 12.479571 13.460555 12.516938 12.381577 13.174832 12.745470 12.228310 12.717828 12.764508 13.768324 12.937965 13.184215 12.446704 11.970005 12.729603 12.279000 12.741629 12.401547 12.697908 12.731050 12.452091 12.948414 12.666734 13.162772 12.854671 11.783837 12.945825 12.526300 12.051208 11.933752 12.995688 12.702886 12.375134 12.233040 12.877513 11.892128 12.693928 11.367106 12.466724 12.656523 12.531584 13.248002 12.348608 12.426019 12.690841 12.358878 12.840526 12.029884 13.565320 12.461548 12.779910 11.901207 11.721078 12.076553 12.651953 10.971592 11.919910
12.261927 13.062783 12.495366 13.104082 12.830104 12.913133 12.052488 13.300043 13.805414 12.238331 13.315397 12.829986 12.063492 12.134107 12.433500 12.866564 13.499875 11.752123 13.161601 12.370034 13.476836 13.452862 12.258316 13.115240 13.274269 12.993123 12.789479 11.809852 12.457692 12.469354 12.522751 12.376715 13.057964 12.738814 12.063024 12.753493 13.225268 12.478688 12.183705 12.463249 12.288992 11.762935 13.154477 12.666984 12.518283 13.112392 11.901981 11.202191 12.963500 12.326401 12.700267 12.014694 11.885049 11.890883 12.435409 13.012118 11.962325 11.484077 13.093052 12.334290 11.942441
13.623717 11.901230 12.545037 12.962419 13.494612 12.982231 12.635291 12.290606 12.376163 13.447772 13.413886 13.114485 12.739636 12.543887 13.472866 13.111648 12.780075 13.104623 13.397782 12.814264 12.620429 12.455600 13.004845 12.869374 13.055313 13.283430 13.672378 11.979559 12.144439 12.764198 11.395146 13.083858 12.257221 11.967618 12.068240 12.823537 13.485420 12.252316 12.424211 12.382469 12.791764 12.847070 12.239187 11.072211 12.571893 12.303237 12.617078 11.549825 12.618101 12.417297 11.889465 11.813608 12.379895 12.349147 12.071659 12.363688 12.312535 12.369591 11.791903 12.488644 12.343315
13.020208 13.315019 13.519845 13.219142 13.180272 13.730606 12.387301 12.844973 12.593960 12.823851 12.731014 13.078252 11.912833 11.979285 13.029676 12.701545 13.725082 13.180358 12.819193 12.805210 11.963131 13.327449 12.406737 11.756251 12.386503 12.533156 12.506204 12.191422 12.728092 12.595702 12.838114 12.357694 12.485285 12.258670 12.307987 12.733737 12.706442 12.767425 11.953315 11.908486 13.017391 12.500888 12.518968 12.796286 12.506933 12.694612 12.795043 11.868913 12.229425 12.669390 11.531127 11.282969 12.014481 11.936179 11.495280 11.563726 12.292616 12.836319 11.868125 12.481211 11.409864
12.752697 12.078056 12.855084 13.411124 13.687496 12.348157 12.588895 13.515458 13.067530 13.173787 12.091503 12.672468 12.421342 12.404273 12.456659 12.906213 13.449080 12.087768 12.452697 13.056717 12.978161 13.007279 12.314846 12.955641 12.810955 11.677233 12.958455 12.587588 11.999757 11.991065 11.986744 12.869313 12.794121 12.948063 12.287019 12.369423 12.550399 12.698990 12.614764 11.947363 12.554294 12.372741 12.292850 12.994512 12.340415 11.448957 12.275476 12.171636 11.995469 12.047458 12.628119 11.971074 12.498636 11.800377 11.723737 11.520203 12.262608 12.793252 11.971748 12.058108 12.225653
12.346666 12.546775 12.685277 11.967715 12.225361 12.244266 12.119677 12.793765 11.780977 12.387688 12.756870 13.673536 11.944761 12.884269 11.833877 12.137332 12.370821 11.993094 12.203576 12.350155 12.591078 12.479890 12.801443 12.888436 13.184162 12.768881 13.253783 12.802618 12.083609 13.269371 12.608479 13.618666 12.663115 12.321633 12.861957 12.677739 12.347615 12.145602 13.488517 12.458614 12.025441 11.355493 12.315616 11.365402 12.171304 12.874541 11.341976 12.522905 12.204358 11.648769 12.291885 12.070450 12.178357 11.253643 11.605857 12.667977 11.870336 12.496104 12.476073 11.304717 11.641896
13.282539 13.586739 13.155011 11.859541 12.743702 11.649486 12.818498 12.349414 12.373417 13.447965 12.689511 12.381127 13.269175 12.320611 13.406047 12.855885 13.158664 12.255028 12.357809 13.421340 11.950497 12.224833 11.784489 12.429130 13.121023 12.157988 13.357608 12.519264 12.589920 11.558964 11.980839 11.364290 12.128248 12.680734 12.760589 12.104237 11.833699 12.752715 11.868101 12.656167 12.734518 12.062760 12.777970 12.472259 12.959213 12.792379 12.468047 11.949749 11.115577 12.257762 11.374167 12.172338 11.282274 12.298767 12.431532 11.708357 11.504499 10.869997 12.093537 12.713807 11.958943
12.635539 12.449419 13.673951 13.441245 13.281463 13.580451 12.858864 13.170157 11.944033 13.025379 12.447233 13.271234 12.134538 12.979038 12.144522 12.357748 13.599951 12.762937 12.655028 12.342787 13.044229 12.241449 11.485554 13.035696 12.601533 12.365752 12.197683 12.387316 12.150388 12.270173 12.769746 11.515547 11.528623 12.448524 12.822515 12.891704 12.937175 11.624425 12.948534 12.064872 11.455891 11.480736 11.556894 12.408656 12.597160 12.414198 11.832977 12.100474 12.986792 12.316948 12.795885 12.007967 11.940221 12.361982 12.965798 12.317673 12.836736 11.924026 12.375157 12.000518 12.326187
