data/CentralBaltic/salinity0000_12.asc
NCOLS 400 
NROWS 400 
XLLCORNER 4750000.0 
YLLCORNER 3200000.0 
CELLSIZE 1000.0 
NODATA_value -9999 
[rows 81 to 107 of 400, columns 180 to 239 of 400]
13.086880 13.726155 13.982207 13.569802 13.677660 14.143112 13.334891 13.748562 13.482250 13.439896 13.638439 14.250357 14.111350 13.521928 13.826121 13.910410 13.021710 13.385574 13.618528 13.394967 14.473107 13.228183 13.721260 14.374352 13.619213 13.632067 12.988020 13.819790 13.741167 13.606037 12.312222 14.616220 13.744147 12.842164 13.095181 13.069261 12.630558 13.139395 13.295107 13.365110 13.488099 13.501879 13.184571 12.449224 13.363117 13.343182 12.694087 13.124057 12.485227 13.175422 12.699898 12.770562 12.465618 13.121170 12.275898 12.339509 12.991887 11.975819 12.310555 12.648796
13.381895 13.360496 14.190823 14.060673 14.455898 13.674744 13.905290 13.527712 14.008080 13.507571 13.165466 13.022943 14.201245 13.714983 14.090382 13.443984 13.134355 14.589911 13.810929 12.642956 14.629213 13.501155 13.127142 13.495406 13.418247 13.119197 14.234830 12.775648 13.480534 13.349160 13.670076 13.502051 13.340806 13.563423 13.081577 13.837047 12.775860 12.750453 13.073538 12.036665 12.850467 11.686931 13.826194 13.777476 13.897665 13.115333 13.637212 11.633203 13.461955 11.977898 12.965762 12.527865 12.730744 12.078701 13.048310 12.158040 12.656116 12.682473 11.786438 12.687722
13.980799 14.094866 14.021075 13.733391 13.237209 12.954881 13.413604 13.677266 13.393600 14.594834 14.209204 13.452051 13.762945 13.706237 13.491929 13.610169 13.282235 14.068662 13.681674 13.563797 13.713492 13.326600 14.157921 13.678429 12.998496 13.562864 13.066259 14.014097 12.778094 13.360255 13.623875 12.558119 13.191184 13.251650 13.288610 12.723316 12.293051 13.055431 13.083388 13.246299 12.670988 13.206322 12.575461 13.222777 12.809708 12.469758 13.021489 13.983651 13.033597 12.695656 12.898822 14.066004 12.346077 12.250483 12.604195 13.117014 12.197084 12.476456 12.177346 13.922053
13.829125 14.497191 13.376196 14.104587 13.331982 14.119173 13.456743 12.744466 13.252479 14.467906 14.025352 13.636740 13.896088 12.882908 13.840073 14.042323 13.541190 13.457862 13.839307 14.039411 13.117950 13.719677 12.317919 12.676356 14.063007 13.747957 12.802342 13.474710 13.370775 13.339162 13.671238 13.033912 12.467558 13.495230 13.029144 12.618197 13.042036 12.813310 12.548673 12.937901 13.826321 13.236695 12.774536 14.023736 11.853339 13.176506 12.999096 13.395661 13.341960 13.848015 13.772945 12.673350 12.422322 13.316762 12.865271 12.371171 12.269761 13.375813 12.886216 13.171133
13.830824 14.521685 13.662545 14.193849 13.333844 14.769153 13.944717 14.411720 13.676436 13.237110 14.460283 14.444683 13.639391 13.623071 12.717295 13.942219 13.923320 12.936550 13.842402 14.248360 13.532317 13.681309 13.430808 13.715025 13.694494 14.029036 13.326821 12.365979 12.567094 13.382467 13.211420 12.238726 13.333215 12.934580 12.876532 12.683983 13.597442 13.441785 13.743913 12.977252 13.136060 12.743615 13.703006 12.550711 12.847612 13.487517 11.781293 12.498712 14.219985 13.186798 13.268448 12.740946 12.863183 13.523245 13.783188 12.590799 12.141652 12.908245 12.281116 12.698830
13.532636 13.973920 13.266153 13.541676 13.849856 13.886369 14.177225 13.046436 14.285307 13.161751 13.391765 13.425992 13.516023 13.843088 13.804089 14.638133 12.972509 12.649101 13.147855 13.948486 13.225380 12.948764 14.471895 13.158719 13.618526 13.034189 12.453082 12.960380 13.982048 13.106181 13.207772 14.354323 12.951093 13.145737 14.171647 13.648446 13.408117 12.816005 13.347743 12.757493 12.941533 12.356763 13.313463 13.400973 12.661179 13.192912 13.173509 12.882794 13.262323 12.446602 12.409012 12.325023 12.412586 12.814722 12.758971 12.366090 12.832570 12.067835 12.747469 13.139678
14.341223 13.394874 13.725739 12.885637 13.780656 13.478455 13.557292 14.301282 13.641474 13.594080 13.321646 13.748293 14.265312 12.965722 13.889260 13.629417 13.875116 13.483125 13.293813 14.002007 13.092772 13.505368 13.258077 12.528967 13.009654 13.960209 13.434059 13.040416 12.348057 12.776095 12.434485 13.399518 11.816907 13.237655 13.328451 12.915317 13.151516 13.016528 12.818216 13.285683 12.039772 13.262550 12.908285 13.733239 13.678294 13.316622 12.839952 12.232733 13.722236 12.689096 11.619151 12.219805 12.925502 12.626531 11.767329 13.017729 13.100795 12.506983 12.672488 13.542653
14.469370 14.026889 14.233073 14.221721 13.713871 13.144871 14.030975 13.316275 14.236445 14.217497 13.841974 14.287075 14.222466 12.661043 13.356532 13.378238 13.448743 12.905255 13.937393 13.755111 13.516501 13.513544 12.472941 13.891941 13.186303 13.309871 14.104450 13.037512 14.102881 13.834936 13.393883 13.137073 12.908684 14.286300 12.602226 13.055642 12.849406 13.137706 13.323106 13.876222 12.694041 12.185413 13.564699 12.644600 13.335891 12.767651 13.236079 13.806036 12.680051 11.809848 12.643242 12.137467 12.582165 11.968291 12.935170 12.442632 12.282514 13.107110 11.721599 13.056264
14.066830 13.335160 12.933840 14.142939 14.341624 13.160669 13.962993 13.403410 13.985922 13.591033 12.947257 13.296289 13.971049 13.041251 12.700271 13.540573 13.341428 13.421875 12.356541 13.962478 13.088832 13.643683 12.990973 13.621243 12.788861 12.975819 12.293871 12.278038 12.492285 13.270061 13.937552 13.366059 12.604344 13.756339 12.835567 11.894299 13.302188 13.611179 13.251320 13.704323 12.963697 12.364166 13.668759 12.935585 13.593746 14.237716 12.948861 12.914390 12.919025 12.985303 12.502306 13.180238 12.011367 11.792303 12.835091 12.803475 12.707105 12.949384 12.733232 13.048864
14.078669 13.675663 13.751879 13.750932 13.992028 14.413371 15.015892 13.420780 12.716055 13.554329 13.229996 14.061541 13.247786 13.882675 13.207062 12.657514 14.340575 13.969905 13.577522 12.791083 13.230797 13.367707 13.349210 13.964813 12.792152 14.631311 13.509768 12.505673 13.572242 13.023175 12.739260 13.097535 13.488155 13.202617 12.399188 13.763080 12.824912 11.756986 12.056253 12.603776 13.021268 12.637494 12.382451 12.310297 13.377768 12.753559 12.594856 12.541782 14.014869 12.326287 13.041739 12.886286 12.401656 12.225060 13.680772 12.764304 12.732946 13.005452 12.596673 12.465611
12.947310 13.648406 14.049184 14.433507 13.764628 13.631343 13.564904 14.219150 13.476253 14.007438 12.976011 13.720114 13.541875 12.556441 13.594514 14.071058 13.655112 13.064683 13.480314 13.646929 13.171266 13.517325 13.839188 12.958702 12.923261 14.055938 13.166800 12.128462 13.406051 13.341857 13.561398 12.297607 13.041443 12.705561 12.996237 13.105127 13.242964 13.073818 12.537806 13.415290 12.744972 13.351296 12.542852 13.457858 13.339297 12.820978 12.519690 11.370672 12.184859 12.227195 12.757855 13.338736 13.414499 12.754600 12.799292 12.814779 13.150476 11.877337 12.319538 13.276934
13.792040 13.476404 14.090197 13.997701 14.107151 13.659279 13.282778 14.590087 14.076623 13.854436 13.939614 13.497191 12.697437 13.177004 13.565892 13.270498 13.779484 13.491798 13.732051 12.431284 13.238884 12.925400 13.840012 12.217155 12.991288 13.578377 13.859751 12.962015 13.320808 12.695037 12.784779 13.793050 13.171803 13.335283 13.951279 12.439945 13.249214 13.699405 13.950008 12.554618 12.093945 13.644383 13.072653 12.045602 13.146491 13.237802 12.560100 12.981512 12.385267 12.754471 13.041228 13.563694 12.608689 11.945392 12.951237 12.370865 13.101793 14.087573 12.808932 12.345136
14.096969 13.036468 14.098128 13.701174 13.414577 14.047657 13.387698 14.050035 13.749102 13.323368 13.504489 14.439700 13.153870 13.700359 14.212106 13.509585 13.445734 13.672010 13.489998 13.525947 13.457857 14.222490 13.336716 13.127396 12.060885 12.836467 12.583517 12.963224 12.756753 13.435696 13.533925 13.406781 13.227049 13.008815 13.273378 12.946157 12.667070 12.568564 13.450620 13.291458 12.662401 13.637819 13.659305 13.724271 13.466391 13.300296 12.657005 13.263348 12.191719 13.573767 13.234670 12.065138 12.621327 12.107762 13.395744 12.861609 12.708917 12.373928 12.131362 13.813742
12.938365 14.392240 13.571618 13.604124 13.576337 13.507234 13.142742 13.774984 12.984268 13.625788 13.808097 13.590033 13.645702 12.862641 13.707677 12.862443 13.027239 13.646195 12.904824 13.646529 13.425453 12.442763 12.907339 13.536808 13.760112 12.800802 13.583991 13.343280 13.734790 12.705482 12.750512 12.346999 13.665780 12.657969 12.697292 12.432348 12.907418 12.892543 13.808828 13.178914 13.275981 13.583362 12.785806 12.753205 12.764251 12.172045 12.950602 13.123813 13.056971 12.626727 12.886960 12.427552 12.633441 12.739654 12.208652 13.029567 12.139627 11.784347 13.333076 12.376100
15.078307 13.031061 13.579048 13.700887 14.509312 13.295186 13.142188 12.795879 13.198416 13.982014 13.109867 13.597916 13.134459 13.596848 14.884714 12.767229 13.685408 14.003335 13.310667 13.155883 12.560493 13.510353 14.289192 13.366852 13.529541 13.541409 13.867800 13.127323 13.214141 12.804562 12.960563 12.274768 12.521280 12.532987 12.999299 12.466792 12.159704 14.088154 13.053045 12.629763 12.978295 13.372662 13.652455 12.664471 12.182211 13.129223 13.437886 13.046703 13.259809 12.288117 13.110536 12.765184 12.642354 12.538220 12.135806 11.716566 12.921012 12.136915 12.778443 12.874419
13.811553 14.182087 14.413416 14.087967 13.988637 13.349772 14.145536 13.652328 13.590570 13.747769 13.920606 13.187792 13.969944 13.426897 12.791705 13.011488 12.551387 13.482794 12.922002 14.319073 12.819337 13.954574 13.049553 14.092410 13.154141 13.244409 13.548178 12.386554 13.834020 13.404507 13.194880 12.628666 13.820758 13.375842 13.192380 12.641409 13.204719 12.897145 13.260025 13.606379 12.670867 12.455216 13.380178 12.600460 13.289343 13.180428 12.724292 12.746413 12.329822 12.737342 12.570811 13.297113 13.804232 13.603953 12.311625 12.711346 12.606745 12.461879 11.626639 12.174541
13.763800 13.039027 14.176950 13.751821 13.303163 12.765709 14.202730 13.036803 13.782254 13.177194 13.282423 12.821202 13.713927 14.035378 13.023655 13.916528 13.894902 13.552492 13.337774 12.766075 13.727494 12.698795 13.187825 13.218481 13.200856 13.686509 12.902281 12.500094 14.623842 12.927999 13.403553 12.922324 12.629906 14.036705 13.225751 13.087324 12.339575 12.957034 12.192508 12.879030 13.681577 12.552468 12.104192 13.276781 12.321453 12.510714 12.643462 12.186352 12.903920 12.775975 12.051017 12.924510 12.624694 13.630886 12.744602 12.876148 12.960941 12.930595 12.651889 12.914363
14.333335 12.092561 12.853249 14.247193 14.369309 14.196522 13.569410 12.769559 13.363822 13.370061 12.889981 12.848657 13.806530 13.618151 13.505984 14.092607 13.426255 13.897394 13.394497 13.090531 13.232140 12.922412 13.512942 13.205891 13.701555 13.366164 13.781030 12.826312 13.388971 12.782026 12.355143 13.136216 12.628559 12.217391 13.006916 13.591418 12.294235 12.417655 12.923685 13.368558 12.814500 12.804177 13.487333 12.052429 13.613580 12.929268 11.713497 12.210674 12.612456 12.678086 12.667789 12.615803 12.833757 12.882479 12.526105 12.644935 12.881219 12.692395 13.037976 13.207622
13.205201 13.805642 13.892603 14.635895 14.042311 14.162569 13.513905 13.656207 13.453778 14.236671 14.021481 14.777971 12.749897 12.893340 12.837511 13.556180 13.712563 13.846030 13.242892 12.536298 13.865637 13.898113 13.740274 13.639082 13.109231 13.450937 13.095058 13.061227 13.194516 13.213550 13.185787 13.191705 12.736423 13.092335 12.762847 13.804592 13.122375 13.012110 12.961246 13.122080 12.868733 11.847845 12.639524 13.187488 13.673842 12.361312 13.804233 13.164101 12.975236 12.958957 13.022644 12.844821 12.977379 12.543184 12.803695 12.880870 12.229000 12.022314 12.127613 12.843481
12.985036 13.567063 13.551318 14.005932 13.480643 13.762166 13.686136 12.821811 13.113867 13.644913 13.735385 13.671728 13.083265 13.865770 12.604042 12.269761 13.030353 13.649368 12.937232 12.894959 13.828628 13.873710 13.632478 13.583776 13.441730 12.914110 12.705453 12.980234 13.397696 13.601804 13.210801 13.873403 13.377440 13.023190 12.480830 11.746782 13.000487 13.472627 13.152423 13.548189 12.931576 12.592073 12.499289 13.113347 12.365681 12.692275 12.238118 13.417824 12.145603 12.870470 13.468656 13.014200 12.760973 12.266253 12.243294 11.866568 13.088346 12.147304 12.317728 11.734591
13.251294 13.622520 13.765969 12.997577 14.228725 13.376158 13.632564 13.134391 13.437440 14.268242 13.779160 14.154963 14.582237 12.944251 12.747556 13.546012 13.135198 13.102021 13.389825 12.632115 13.581458 12.935364 12.881320 12.787690 13.375377 13.562997 12.590873 12.875027 13.506945 12.103318 13.736968 12.807254 12.975807 13.449331 13.309668 12.306001 12.465131 13.317703 12.445221 13.656452 12.640527 12.993608 12.783735 13.226213 12.597598 13.215035 12.009594 12.530358 13.736537 13.198619 13.069920 12.323235 12.472210 12.869362 12.367232 12.754403 12.298002 12.124206 12.611775 12.359979
13.341088 14.211060 13.892221 14.345082 13.698980 13.258156 13.121533 13.770552 13.409273 13.591121 13.500561 13.144715 13.658729 14.086641 14.287451 13.541947 13.226358 13.804385 13.101908 12.756388 13.585523 13.147749 12.272246 13.216960 12.699458 12.746266 13.330175 13.430723 12.745714 13.166445 13.016054 13.103032 12.946797 12.580607 12.950975 12.098658 12.278753 12.851604 12.727775 12.475696 14.254764 13.244187 13.307752 12.641418 12.056725 11.912873 12.067962 11.932436 13.394326 12.748876 12.560410 11.571583 13.277237 13.046820 12.821439 13.093394 12.160926 11.331447 12.222388 13.171448
13.488641 12.594287 13.863041 13.405207 14.005132 13.862602 13.939912 12.787127 12.961857 13.350281 13.158599 13.156551 13.596465 13.145552 13.896774 13.128490 13.693673 13.235190 13.264957 12.760314 12.797803 12.958943 13.651628 13.529713 12.850962 13.335302 12.730101 13.301346 13.265877 12.899126 12.400169 13.297441 13.234719 12.356455 12.953747 13.163874 13.073368 13.730531 12.351869 11.475221 12.219314 13.299880 12.231752 12.340823 13.457790 12.899031 12.924092 12.991053 12.687669 12.365658 12.553870 12.864251 12.366658 12.551100 12.224924 11.697733 12.829097 12.198108 12.457002 11.145546
13.635968 13.100278 13.735392 13.487252 13.472622 13.532053 13.195150 13.284366 13.247876 13.282007 13.406892 13.858934 13.681635 12.414591 12.595251 13.619939 13.137676 12.610897 13.149887 13.146104 13.982905 12.972822 13.167051 12.837424 13.792663 13.370672 13.340102 13.436545 14.061722 12.764795 12.903107 12.780047 13.206676 13.192754 13.091150 13.335609 12.888098 12.041205 12.748252 13.535664 13.044662 12.363286 12.466882 12.331009 12.879683 11.946120 12.412171 13.048335 12.688730 13.149940 12.729339 12.262421 11.740450 12.360084 13.185799 11.568701 12.712271 12.531891 12.521933 13.189984
13.651452 13.647950 13.945011 13.386920 13.938072 14.225869 13.480147 13.714128 13.803066 13.591656 13.389869 13.940618 12.698572 13.430326 13.209555 13.573887 12.991300 12.917925 13.028012 13.229064 13.549647 13.799911 12.463297 14.311013 13.154652 12.620779 12.477041 13.478629 12.493252 13.141446 13.229368 13.118145 12.983834 13.014273 12.831932 13.709133 13.164292 12.768918 12.892749 13.151534 13.261334 12.657288 12.076655 12.706122 12.487931 12.300876 12.833637 13.068950 13.003622 11.872550 12.300356 12.385333 12.047938 12.590252 11.697126 13.712115 13.050648 12.034432 12.427372 12.514973
13.236936 13.355731 13.240190 13.505144 12.648544 13.760912 13.592246 13.165861 13.542314 13.380906 13.279266 13.081451 13.370902 12.834287 12.782057 12.759875 13.546801 13.811312 13.513991 13.706355 12.851529 13.956600 13.150428 12.928124 12.847353 13.026350 12.616602 13.638643 13.262053 12.646440 12.577299 13.285836 12.851677 13.837496 13.530484 12.313718 12.451895 12.392317 12.919794 12.363075 12.461506 13.378055 13.258509 13.022251 13.263239 12.575267 11.955168 12.701391 11.784560 12.467506 12.461270 11.827741 12.018123 12.279245 12.720907 12.699750 13.435627 12.489043 12.528667 12.452205
13.389780 13.016616 12.873456 13.822345 13.526518 13.844626 13.505106 13.687899 13.638887 12.990270 13.021350 11.592220 13.628052 13.105145 13.544392 13.273271 13.544251 12.789859 13.117212 12.699364 13.339545 14.059342 12.869969 12.724405 13.096971 13.403848 12.146783 12.877263 13.468424 12.570458 14.228952 12.676367 12.448224 13.816105 13.501254 12.523077 12.647358 13.105349 12.862539 12.905817 12.291662 12.840449 13.028729 12.529262 12.489812 12.227553 13.323583 11.843796 12.950299 11.899857 12.349495 12.448041 11.708058 13.675403 13.823708 12.192954 12.847367 11.109086 12.453358 12.879207
