data/CentralBaltic/salinity0000_08.asc
NCOLS 400 
NROWS 400 
XLLCORNER 4750000.0 
YLLCORNER 3200000.0 
CELLSIZE 1000.0 
NODATA_value -9999 
[rows 224 to 251 of 400, columns 0 to 61 of 400]
-9999 -9999 -9999 -9999 -9999 -9999 -9999 -9999 9.847142 9.928157 11.043964 10.541814 10.592069 11.063231 10.925616 10.217318 9.841405 10.611948 11.418266 10.584072 10.928841 11.388236 10.396638 10.850439 10.066109 11.510557 10.565754 10.862529 10.240661 10.264904 10.536739 10.824741 10.225382 9.952774 9.982142 10.496759 9.798430 10.434464 10.550640 9.806220 10.097783 10.513931 10.646681 10.679607 11.299917 10.290147 10.436596 10.834780 10.521060 10.345890 10.140079 9.957766 9.735951 10.734069 10.999991 10.485406 10.631869 9.958132 9.612479 9.508813 11.154195 9.683824
-9999 -9999 -9999 -9999 -9999 -9999 -9999 -9999 10.560665 9.993426 10.437919 10.676413 10.675366 10.172480 10.254040 10.475131 11.050986 11.042796 11.294096 10.168057 10.429098 11.159871 10.601134 10.663989 10.136629 11.394237 10.094739 10.033484 10.510120 10.543099 10.933281 10.713045 9.650514 10.902250 10.645065 11.206138 10.637659 10.023480 10.664754 9.801625 10.298632 10.047772 10.609929 10.717333 10.267298 10.291071 10.372323 10.868587 9.596394 9.673987 10.263228 10.101493 11.218840 10.418025 9.867346 10.322804 9.547125 11.048380 10.201897 10.659798 11.282944 10.329051
-9999 -9999 -9999 -9999 -9999 -9999 -9999 -9999 10.913126 9.499367 10.724369 10.753913 11.902694 9.947060 10.783278 11.170460 9.841179 11.375247 10.668994 10.641233 10.136950 10.521559 10.003955 10.606283 10.438009 10.716185 9.884216 11.132337 10.483322 10.571153 11.427578 10.219719 11.013156 10.489035 9.768405 10.723385 10.521705 10.463590 10.429173 10.190450 10.628093 9.183773 10.166762 10.092474 11.426369 11.089536 10.636404 10.039134 10.518402 9.245301 9.107667 9.635104 10.672974 9.839579 9.951881 10.462247 10.080607 9.215438 9.684711 9.597391 10.365871 9.626928
-9999 -9999 -9999 -9999 -9999 -9999 -9999 -9999 11.179348 10.371500 10.813884 10.938608 11.022555 11.449188 10.391562 11.164391 11.024538 10.845936 11.178811 9.396166 10.281302 10.712579 10.573194 10.641696 10.216317 10.641793 10.987276 10.656636 11.116524 9.752766 10.062600 10.965110 10.234608 10.548573 10.107646 9.790576 9.787398 10.193786 10.403165 10.464355 9.916582 10.007454 9.818270 10.481672 10.134448 9.933021 9.637140 10.973038 10.220628 10.067383 10.000639 10.546128 10.534116 9.959738 9.192892 9.981687 9.338270 9.816075 9.612525 8.686685 10.103535 10.029791
-9999 -9999 -9999 -9999 -9999 -9999 -9999 -9999 10.233009 10.520563 10.168443 11.137969 10.297346 10.454420 10.925734 9.921064 11.209772 9.761090 9.648124 10.416950 10.446394 9.963405 10.785629 10.192990 10.988764 9.729137 9.832371 10.384836 11.213042 10.702559 10.241030 10.437364 10.368341 10.151393 10.009345 10.262681 10.439002 9.448348 9.424538 10.270395 10.301812 10.071928 9.640202 10.020489 10.182301 9.038662 10.524569 10.686792 9.608786 10.007099 9.752406 10.468700 10.648786 10.438638 9.443732 10.842603 10.344506 10.797942 10.013004 9.698291 10.452977 10.551780
-9999 -9999 -9999 -9999 -9999 -9999 -9999 -9999 10.619820 10.801248 10.878550 11.026294 10.691117 10.214391 10.976785 9.892048 11.028477 10.169604 10.872778 10.770148 10.278759 11.128063 10.938318 11.080257 9.767716 10.459125 10.329076 11.607482 12.512807 10.676635 10.320631 10.005215 10.697955 10.836040 10.090009 10.229339 10.535106 9.772774 10.833058 11.284472 10.547810 10.699997 10.054870 11.205279 9.829914 10.372781 10.514209 10.235268 9.471744 10.533435 10.163348 10.079186 9.988001 10.006378 9.681106 9.208954 9.518372 10.300085 10.359666 9.994487 10.708595 10.109590
-9999 -9999 -9999 -9999 -9999 -9999 -9999 -9999 10.638487 10.423148 10.849836 10.926350 11.327318 11.370589 10.453020 10.979299 10.828716 10.415430 9.990542 11.153600 10.447121 9.641583 10.069749 10.319102 10.672362 11.223387 10.003073 10.785689 10.417694 10.190121 10.813765 10.856238 10.475900 11.047755 10.745899 11.071672 10.764076 10.724629 9.839121 10.542392 10.241497 9.911880 10.564085 10.072080 8.920206 9.494380 9.861392 10.244281 10.420447 9.788129 9.923986 9.141859 10.314221 9.444849 9.456417 10.671962 10.807920 9.362059 10.047983 10.623403 10.191826 11.052063
-9999 -9999 -9999 -9999 -9999 -9999 -9999 -9999 10.858172 11.408209 10.188594 10.397579 10.934412 10.912153 10.316627 10.378427 10.361661 10.070258 10.397263 9.933557 9.974176 10.705194 10.090331 10.348606 10.522710 9.717003 10.322219 10.258477 10.416903 10.527679 9.696289 9.891584 10.630722 9.983760 9.927866 10.115766 10.294731 10.525891 9.423276 10.547070 10.693983 10.751014 10.130373 10.296331 9.907331 11.284204 10.819835 10.379096 9.525988 10.448836 9.579811 10.576457 10.167695 10.250952 10.763960 10.598889 9.988077 10.412834 10.019460 10.283748 10.271545 10.169399
-9999 -9999 -9999 -9999 -9999 -9999 -9999 -9999 10.143926 10.748850 10.787795 9.891099 11.045819 10.676921 11.087663 10.447608 10.772952 10.677758 10.223843 9.910176 10.093008 10.488384 10.307560 10.285994 11.587356 10.497771 10.158417 11.124166 10.412465 10.316307 9.919408 9.688455 9.810504 10.079148 9.317485 10.427536 10.294856 9.982102 10.215952 9.897781 9.841775 10.568515 10.445619 10.422136 10.158390 11.284474 10.495218 9.929192 10.059020 10.361041 9.782233 9.656492 9.301814 10.412805 10.788661 10.172713 10.451312 10.405118 9.537097 9.790884 9.935449 10.079441
-9999 -9999 -9999 -9999 -9999 -9999 -9999 -9999 10.272628 10.177337 10.214170 11.521036 11.032420 9.996780 10.298077 10.273102 10.336697 10.366640 10.264578 10.698460 9.787667 10.664514 10.570985 10.289417 10.127116 10.382460 10.667698 10.921331 9.998227 10.507109 10.140091 10.451024 10.046875 10.119902 11.049727 11.326119 10.386246 10.324920 10.392121 10.458521 10.750835 10.111912 9.726200 10.352543 10.469254 9.387017 9.599301 10.246178 10.045659 10.000753 9.780957 9.605846 10.042555 10.604508 10.730501 10.026036 10.407590 10.358735 10.439120 9.838382 10.059891 9.915612
-9999 -9999 -9999 -9999 -9999 -9999 -9999 -9999 10.940856 10.562324 10.870148 10.301954 10.117358 10.145975 10.596826 10.552768 10.573178 10.580042 10.593140 9.761209 10.639089 10.491339 10.555948 10.333170 10.149395 10.160229 9.931408 9.974911 10.914359 11.017797 10.192220 11.067611 9.962502 10.544438 10.216842 10.373433 10.295693 10.114677 9.731970 9.594305 9.665807 10.492682 9.837929 10.331353 11.186106 9.583497 9.571939 10.299383 9.606216 9.297213 10.449718 9.484624 9.863185 9.983770 9.501149 9.810370 9.103394 10.039365 9.761429 9.830575 9.533082 9.816155
-9999 -9999 -9999 -9999 -9999 -9999 -9999 -9999 10.088172 10.679522 10.597013 10.973974 9.852477 10.036641 11.164546 10.705925 10.335343 10.274213 9.850187 10.677004 10.522728 11.881749 10.987774 10.249825 9.576083 10.689957 10.481719 9.974850 10.521865 10.247481 10.141351 9.753725 9.685244 9.380797 10.243774 10.000432 10.358864 10.122153 10.149944 9.569624 10.528872 10.238344 9.372894 10.070807 10.152009 10.206967 9.163277 9.908264 9.853736 9.956542 10.636758 9.813899 11.027038 9.800060 10.026357 10.815498 11.316126 9.564860 10.379944 9.291190 9.570658 10.355630
-9999 -9999 -9999 -9999 -9999 -9999 -9999 -9999 9.606189 10.428619 10.400978 9.694114 9.752714 9.742129 9.618178 11.335541 10.098293 10.639389 10.271481 9.370343 11.068177 10.936017 10.621097 10.736747 9.854675 9.473570 10.465016 10.199573 10.013539 11.228256 10.013410 9.771307 9.885532 11.521332 9.721423 10.823838 10.331724 10.158062 10.052140 10.613292 9.786424 9.089425 9.707071 11.128247 10.196947 9.998620 10.421718 9.791351 9.561310 10.978359 10.931184 10.489042 10.829142 10.074281 10.209962 10.125563 10.206233 10.551333 9.831826 9.591603 9.487994 9.603713
-9999 -9999 -9999 -9999 -9999 -9999 -9999 -9999 9.793231 10.715957 9.302003 10.621724 10.006132 10.520057 9.803580 10.844972 10.054201 10.345806 10.066308 10.499449 10.574986 10.462989 9.114912 10.437294 11.188715 10.506203 10.751667 10.536031 9.662267 10.001999 10.486026 10.186799 9.368045 10.591771 9.966550 11.537180 10.364612 9.717698 10.870067 9.339832 9.668597 10.163050 11.027237 10.182291 10.279080 10.279081 9.966099 10.276992 10.023945 9.953901 9.436141 10.173306 9.685144 10.131743 10.822088 10.279934 9.761357 10.259074 9.856980 9.735776 10.530824 10.456340
-9999 -9999 -9999 -9999 -9999 -9999 -9999 -9999 10.628518 10.110331 10.185309 10.285414 11.011039 10.092175 9.768644 11.390484 9.437760 9.947614 9.788833 10.424643 10.093554 9.906825 10.219447 11.640772 9.140837 9.737199 9.827095 9.753751 10.302790 10.082361 10.500857 10.009879 10.195897 10.688850 10.212666 10.544374 9.496992 9.815940 9.880948 10.276374 10.485500 10.375078 9.572040 10.770245 10.960273 10.177603 9.812543 10.232561 10.399603 10.067346 9.913670 9.947427 10.375696 10.220924 10.786643 9.981056 9.479461 9.169241 9.496857 10.498752 10.081954 10.616328
-9999 -9999 -9999 -9999 -9999 -9999 -9999 -9999 11.082911 10.210428 9.803557 9.927490 10.804738 10.594441 10.487975 10.272581 10.429414 10.894022 9.745681 9.761127 9.846468 9.253961 9.499085 10.156563 10.718150 10.417609 10.103674 9.659972 10.289887 10.042570 9.864688 10.250005 10.265484 10.252275 9.203110 10.077333 9.723968 10.496468 9.372338 10.432962 10.024316 9.721750 9.898531 9.757474 9.993960 10.057668 10.038490 9.891189 10.449788 9.800197 9.966663 9.673359 9.512487 10.089112 10.444655 10.016443 9.414070 9.804546 10.124637 10.329193 9.307206 10.112637
-9999 -9999 -9999 -9999 -9999 -9999 -9999 -9999 9.579380 9.956019 10.004119 9.948067 10.571368 10.471599 11.408179 9.823142 11.156565 10.158682 10.217459 10.126045 10.887582 10.159445 10.170686 10.118120 10.332314 10.575138 11.434197 9.214440 10.364054 10.799584 10.008071 9.710432 10.497090 10.038177 9.832884 9.763287 9.329470 10.270668 9.761790 9.872504 10.417604 10.130317 9.627921 10.205339 10.295903 9.863653 9.818814 10.014476 10.196267 10.588778 10.195967 9.519868 9.311834 10.126049 9.745021 10.061165 10.219101 9.757227 10.275872 9.735626 9.887551 9.926002
-9999 -9999 -9999 -9999 -9999 -9999 -9999 -9999 10.654282 11.176004 10.411637 9.839028 9.700473 10.868040 10.449546 10.258878 9.617330 10.314363 10.223939 9.796641 10.244390 10.522943 9.937072 10.234463 10.279957 10.137593 10.155691 9.112871 10.733001 10.696118 11.172451 10.294081 9.897930 9.862555 10.076688 10.104346 10.654029 9.985216 10.114997 9.554197 9.911170 10.005191 9.818302 9.893061 10.342678 10.457463 10.164150 10.712103 9.745185 10.513477 10.071641 8.752138 9.774183 10.097759 10.509531 10.205953 10.547198 10.019086 9.562922 9.743507 10.660146 10.062067
-9999 -9999 -9999 -9999 -9999 -9999 -9999 -9999 9.428612 9.994831 10.052180 10.910115 9.494202 9.990789 10.443334 11.361971 9.559606 10.590896 10.654036 10.517320 11.009290 9.662131 9.407044 9.946303 9.795400 9.720737 10.958374 10.216023 9.943402 10.006507 10.049294 10.105753 10.345865 10.321645 10.749088 10.371398 10.087491 10.656738 9.900123 10.140483 10.406665 9.820834 10.228771 10.275831 9.823162 9.946063 11.206611 10.890541 9.954101 10.175772 9.845824 10.434342 9.942392 9.798403 10.637632 10.681737 10.046886 10.048532 10.099111 9.251464 8.994855 9.544901
-9999 -9999 -9999 -9999 -9999 -9999 -9999 -9999 9.949947 10.721669 10.186379 10.106323 9.286320 10.760700 10.894348 10.156142 10.134035 10.220679 9.997354 10.207399 9.988242 10.382599 10.280801 10.764534 10.579100 10.547835 10.105268 10.354585 10.025173 10.414082 10.798114 10.029784 9.475937 9.672331 9.477682 9.756787 11.388770 10.511489 9.957767 10.059719 10.348998 9.573430 10.095926 9.960633 10.307902 10.122807 9.927853 10.397752 10.342304 9.790788 9.667075 9.990446 9.326253 10.133019 9.974694 9.488783 9.557546 10.581296 9.388868 9.813458 9.703461 9.166918
-9999 -9999 -9999 -9999 -9999 -9999 -9999 -9999 10.830322 10.624084 9.183502 10.075124 10.334430 9.994505 9.262983 9.992723 10.674860 10.618448 9.621805 10.117529 9.914285 9.764251 9.485381 9.364513 10.721799 9.990747 9.393595 9.264911 10.575378 9.966991 9.640395 10.492071 10.251879 10.534182 9.399105 9.407021 10.321679 9.851719 10.382313 10.627733 9.847893 10.090091 10.232350 10.450605 9.371469 10.774688 9.525099 10.213052 10.656285 9.609640 10.366058 10.073257 9.704056 9.939849 10.415447 9.997726 9.371893 9.689690 9.585003 10.114912 8.705249 9.774604
-9999 -9999 -9999 -9999 -9999 -9999 -9999 -9999 9.944353 10.326595 9.671330 10.478474 10.496713 9.289950 10.253753 10.685552 9.625887 10.619588 9.705871 10.861220 10.298814 9.754878 10.289297 9.600901 11.033861 9.780631 9.349364 10.572436 9.916546 9.725471 10.017784 8.998024 9.305716 11.097315 10.444255 9.717572 9.916070 8.353639 9.436311 9.175092 9.223131 9.698834 10.080487 10.467129 10.495698 10.072545 9.608597 9.812369 9.807521 9.474552 10.562326 9.842371 8.964835 9.545453 9.542492 10.259615 10.098107 9.109742 8.849744 10.428535 10.440529 9.706621
-9999 -9999 -9999 -9999 -9999 -9999 -9999 -9999 10.645856 9.827083 9.245330 10.924455 9.615984 10.098072 10.929218 10.445645 9.822186 10.592680 9.702448 10.174735 10.758881 10.919634 10.114892 9.680288 10.361775 9.838417 10.205063 10.053070 10.316712 10.372974 9.946184 9.904440 10.491333 9.678878 10.697954 10.079682 9.195585 10.146975 9.844738 10.242594 8.991956 9.339765 10.612030 10.168945 10.289397 9.886484 9.956039 9.340081 11.171177 10.445366 8.920840 10.355328 9.714360 10.095604 9.352075 10.785612 9.539325 9.914431 9.450364 9.853778 8.605327 9.854389
-9999 -9999 -9999 -9999 -9999 -9999 -9999 -9999 9.390688 9.940362 10.713240 10.786249 9.725703 10.251314 9.798070 10.147047 9.788685 10.570763 10.268744 10.076583 10.520937 9.395472 9.996832 9.349908 10.322781 9.698366 11.132921 10.083430 9.948829 10.671941 9.849587 10.085381 9.506326 10.056227 11.010551 10.437954 10.128099 10.403007 10.704611 9.211728 9.563912 9.472636 9.838865 9.829614 9.964432 9.438683 9.813416 9.216535 9.951210 9.035241 9.567626 9.609035 9.608937 10.042166 10.283505 9.316977 10.102695 9.510862 10.040511 10.025102 9.102326 9.766397
-9999 -9999 -9999 -9999 -9999 -9999 -9999 -9999 9.572094 9.807184 10.033078 8.841628 10.136747 9.613134 10.504242 10.388865 10.374839 10.231497 9.740873 9.674132 9.269102 9.681900 9.969452 9.269616 9.396000 9.240859 9.306858 10.181009 9.257410 10.873644 9.664986 10.525394 9.267097 10.217742 9.292877 10.982817 11.019867 10.197899 8.831091 10.135967 9.509455 9.231525 10.288840 9.397953 9.352218 10.629473 10.706157 10.802719 9.535846 9.669352 10.020415 10.391348 9.573280 9.588347 9.388493 9.328755 10.284644 10.155186 9.366921 10.648575 9.543611 9.975861
-9999 -9999 -9999 -9999 -9999 -9999 -9999 -9999 10.424928 10.328088 10.002989 9.712920 9.599423 10.479603 11.053491 10.173148 10.114018 10.936499 9.377140 9.773101 10.834725 10.367339 9.317206 10.481728 8.735969 9.150061 10.091457 10.127456 9.724186 10.266278 10.031342 10.719047 9.389558 9.970458 9.966136 8.882051 9.942883 10.125086 9.787813 9.061965 10.033485 9.224833 9.624353 9.506523 9.802214 9.552272 8.768412 9.915525 10.448612 9.696871 10.183562 9.881924 9.164835 10.886108 9.319760 9.862342 9.646419 9.680971 9.936203 9.999171 9.647633 9.254139
-9999 -9999 -9999 -9999 -9999 -9999 -9999 -9999 10.411103 9.626345 9.548004 9.366901 9.560498 10.139618 9.550009 10.110584 9.767178 10.237600 10.351865 10.355078 9.622254 9.824496 10.368247 10.418856 9.675375 10.285805 9.352358 10.235545 9.311688 9.067865 9.996175 8.752149 10.897598 10.145138 9.950287 10.105940 10.193852 9.729440 9.946880 10.608589 9.638430 10.254393 9.521370 9.718920 9.739977 9.966443 10.218535 9.133186 9.301092 9.914788 9.134249 9.686822 10.424072 9.911871 9.493380 9.641550 10.083623 9.496189 8.956439 9.476457 9.537540 8.630915
-9999 -9999 -9999 -9999 -9999 -9999 -9999 -9999 9.789460 10.283165 10.573736 9.423851 9.820699 9.830494 10.481458 9.179451 10.354234 10.118896 9.852225 9.657928 10.255763 9.050292 9.432366 9.513029 9.615945 9.962706 9.918516 10.574069 9.937937 10.147728 9.730686 9.843326 9.544985 10.361000 9.201846 9.823830 10.701187 10.600073 9.620873 10.813450 10.203299 10.461360 10.574074 10.127630 9.149123 9.547012 10.475352 9.581984 10.684493 9.593840 8.867262 10.400480 10.161949 9.473387 9.360265 8.884904 10.374801 10.378308 9.056343 8.768815 10.300906 9.840523
