data/CentralBaltic/salinity0000_11.asc
NCOLS 400 
NROWS 400 
XLLCORNER 4750000.0 
YLLCORNER 3200000.0 
CELLSIZE 1000.0 
NODATA_value -9999 
[rows 216 to 242 of 400, columns 183 to 243 of 400]
10.981558 10.978961 11.237452 11.705386 10.628419 11.703621 10.926885 10.982115 11.375620 10.751632 11.285060 11.417098 11.038306 11.658415 11.101294 10.656846 11.300577 10.657713 10.738415 11.339544 11.265129 10.304456 10.857822 11.225648 11.439435 10.236089 10.550183 11.326187 10.681188 10.767514 10.540483 11.138459 11.351647 10.608421 11.733034 11.139283 11.075606 10.876753 11.086388 10.052693 10.204713 10.375779 10.775210 10.751281 11.264446 10.380975 11.525910 10.338996 10.071754 10.218164 11.089739 11.458122 10.759780 11.442305 11.001273 11.453976 10.898295 10.077056 9.610166 11.810660 11.412018
11.013519 11.485271 11.803504 12.125133 11.237469 11.160213 10.849137 11.053535 10.727202 11.091042 11.514112 11.567147 11.120683 10.693944 11.858623 11.731293 12.040319 10.867074 12.095563 11.239636 11.995777 10.527049 11.101305 10.598756 11.942679 10.227408 11.363671 10.968846 11.318308 11.404210 10.639860 11.041724 10.839601 11.247034 11.013333 10.217831 10.777712 12.108373 11.544056 10.089261 10.504853 11.415237 10.811825 10.842009 10.017139 10.558698 11.304869 11.324586 10.332407 11.279694 10.348172 10.621244 11.415785 11.416916 10.849890 9.610363 10.901293 10.800706 10.491421 11.055891 9.846594
10.569999 10.430755 12.303157 11.550802 10.958243 11.204929 11.379320 11.377415 10.815810 10.682877 11.260727 11.278896 11.652958 11.047367 10.092510 10.495739 10.900156 12.347184 10.751553 11.178160 11.173412 10.623283 10.575842 10.359343 10.476937 11.649266 10.418531 9.578016 11.068089 11.230195 10.565391 11.403816 11.816659 10.960651 10.576791 9.727485 10.803994 11.239825 10.711282 11.549319 10.377035 10.916690 10.928667 10.280104 9.972576 10.427155 10.798341 10.914610 11.070439 10.628803 10.468878 10.398511 9.928149 10.637187 10.699330 11.076909 11.284608 10.287172 10.913111 10.734897 10.306000
11.697834 11.268479 10.222283 11.797211 11.332228 10.686665 10.275730 11.195257 10.722076 10.762044 11.225097 11.144909 11.619276 10.881021 11.638843 10.582298 10.408983 10.699274 10.706409 10.660562 11.063118 9.590025 11.002849 10.289688 10.461206 10.983571 11.229229 11.415137 10.924128 10.674219 10.563685 10.456035 9.905023 11.082623 10.755441 9.701982 10.988056 10.712060 11.337709 10.865003 10.652074 11.185617 10.913513 11.270392 11.226348 10.601079 10.235469 10.379516 11.345743 10.526605 10.110458 10.779978 10.166810 10.671067 12.231297 10.298131 10.649778 10.844487 10.488461 10.641134 10.985529
11.706480 10.997285 11.099234 10.726997 10.647101 10.713804 11.369934 10.873455 11.175087 10.970664 11.033612 10.589206 11.050136 11.166354 11.346425 10.765322 11.285902 10.914091 11.289630 11.131006 10.466481 11.434042 10.459905 10.658989 10.124692 11.192759 11.333137 11.042470 10.517905 10.804949 11.037271 11.080100 11.108984 11.267275 10.643575 10.043401 10.229177 10.726242 9.964227 10.844138 10.269401 11.036276 10.532385 10.493098 11.013737 9.997169 10.297247 10.029000 9.997935 9.542422 10.767713 10.235024 10.776698 10.360423 11.013347 10.149954 10.554596 10.549636 10.635369 9.542962 10.668621
10.946960 11.776730 11.230801 10.931050 11.148219 11.362393 10.618524 12.180044 11.083606 10.811125 11.212324 12.188105 11.473381 11.743491 11.167884 9.712008 11.347097 10.911385 10.442031 10.696471 11.002951 10.467772 10.907705 10.780996 11.196207 10.276289 11.284646 11.207925 9.825929 11.002327 10.602631 10.877003 11.155709 11.218383 10.930359 10.455619 11.082331 11.377722 10.169392 11.410078 10.845688 10.563625 10.416742 11.338131 11.981329 11.139360 11.022995 10.579891 10.385627 11.476827 11.370570 10.832262 10.346127 11.297172 11.296442 10.004741 10.877688 10.564574 10.322323 11.019184 10.497277
11.030275 11.029143 10.473923 11.446859 11.282838 11.057290 10.817304 11.538823 11.408283 11.407055 12.109757 11.386846 11.504590 12.080546 11.359658 11.070397 10.404241 10.713153 10.325840 11.369573 10.704028 10.501163 10.761645 11.474115 11.432525 11.097870 11.092560 10.579885 10.773749 10.456480 10.750591 10.507795 10.486050 10.774698 10.498338 11.568649 9.712951 10.981657 10.981323 10.440099 10.682373 10.602286 10.203659 9.865599 10.938203 10.714817 10.761455 10.001073 10.241914 10.316259 10.160168 11.438001 11.610333 10.536181 10.488356 11.109218 10.395908 10.620973 10.218432 10.705589 10.467152
11.075059 11.427775 11.819842 10.584413 10.434505 11.260969 11.369400 10.962827 11.611465 11.416939 10.822244 10.948785 11.190853 11.202761 11.174919 11.726545 10.811299 10.892145 11.761052 11.295689 9.918180 10.933449 11.279821 11.288865 10.654198 10.762338 9.670197 12.020327 10.934019 10.244792 11.318001 10.930189 10.753498 11.159068 9.949166 11.114046 9.625134 10.929422 10.351247 11.116165 11.599066 10.965696 10.454225 10.131188 10.670037 10.716454 10.108135 10.473466 10.689520 10.264592 10.336040 10.167074 9.896227 10.033065 9.641073 10.528667 10.197569 9.547125 10.346001 11.275414 11.501970
10.613540 11.909506 11.496380 11.097327 11.541339 10.269960 11.133676 10.419952 11.637221 11.497611 11.624468 10.795475 10.567512 10.656937 11.844574 10.552611 10.756493 11.048730 11.019143 10.951496 10.441146 10.452938 11.686346 11.132427 11.343530 11.601177 9.957313 10.625176 10.554632 10.217264 9.631298 10.808644 10.071381 11.269827 10.311465 10.997710 10.359481 11.086437 10.767991 9.961454 11.165694 10.793899 10.176665 10.080025 10.867416 10.903562 11.577147 10.743049 9.710801 10.010316 9.922024 10.389533 10.119997 10.899514 11.185511 10.060835 9.792290 9.995996 10.189352 9.828058 10.851651
10.969097 10.936188 10.653533 11.216538 11.056590 11.403712 11.149303 11.646434 10.795786 10.864928 11.429032 10.752219 11.572844 10.961498 11.936444 9.828769 10.530690 11.281748 11.235858 11.238835 10.541163 10.963265 10.529233 11.392574 11.122859 11.045440 11.173101 10.358100 10.929613 10.503924 10.639125 10.216709 10.910165 10.751846 11.390105 10.476720 10.474111 11.305916 10.953167 10.430290 10.547316 10.555868 10.280537 10.757652 10.021741 10.161929 10.602924 10.834654 10.465019 10.890699 11.520607 10.607991 9.709082 10.492495 10.217803 10.416790 10.844645 10.178815 9.641688 10.524197 10.980657
11.658625 10.630080 11.527971 11.527331 11.109924 10.627232 10.858045 10.376847 10.730056 11.243542 10.131776 10.472444 11.696238 10.760984 10.885970 11.492027 11.070887 11.022640 10.711712 10.465519 10.184113 11.513666 11.083619 10.753532 11.493270 10.319860 10.994814 11.265781 10.876390 9.375621 10.774410 10.455951 10.591751 10.840808 11.091600 10.859634 10.518613 11.159496 9.833879 10.713501 10.488020 9.867833 11.121256 10.932965 10.830202 10.718452 11.311341 10.181829 11.120294 10.612828 10.445450 10.635600 10.210516 9.934346 11.215803 10.456248 11.246118 9.681420 9.327371 11.232503 10.956964
12.009046 10.838500 11.991847 10.849252 10.557994 10.039240 10.488515 11.243396 11.047438 10.875407 11.748112 10.625249 11.237113 10.866111 11.228666 10.301456 10.751743 10.842304 11.504172 11.039288 10.489217 10.104101 11.215811 10.458611 10.302289 10.082460 11.465526 11.191795 11.207804 11.019651 11.317388 10.520226 11.271562 11.594094 10.679769 10.605048 10.337544 9.945877 10.846582 9.454185 11.230455 11.153370 11.357737 9.874292 11.092126 10.737718 11.304933 10.854028 10.220397 10.265707 10.187550 10.916275 10.194664 11.075024 10.601757 10.365109 10.868568 9.938429 10.256449 9.466023 10.666523
10.597237 10.571780 11.486747 10.595101 11.299540 10.758185 10.440244 10.863885 10.384956 11.123712 11.457314 10.929779 11.103614 10.751648 10.142458 9.924490 11.913456 10.890985 11.338985 10.589124 10.193544 11.111407 11.175274 10.760818 10.867685 11.172201 11.086344 11.177972 10.898799 10.793678 9.910264 10.630564 10.559451 10.775584 10.417071 10.776597 11.295054 10.953472 10.305533 10.929090 10.693132 10.438796 10.115086 10.967335 11.366599 10.469767 10.302218 11.073910 9.818959 10.212258 10.303099 10.595559 11.222597 10.793165 10.985110 10.066886 11.337100 9.785580 9.962096 9.965146 10.240823
10.379387 11.324092 10.222817 10.805089 10.383054 11.614509 11.695934 10.549329 12.345445 11.228868 10.392504 10.899077 10.423315 10.675590 11.254316 10.906018 11.716738 11.521514 11.652226 11.079078 10.439247 10.173803 11.076279 10.587169 12.310302 11.228553 10.836403 11.933186 11.470988 11.670138 11.063842 11.481784 11.001453 10.976959 10.761345 11.246926 10.373317 11.371702 10.690833 9.937897 10.733472 10.565750 10.836843 9.787635 10.392659 11.465272 10.463688 10.587871 10.237216 10.032436 10.562226 10.102176 10.945213 11.225580 10.587915 10.491883 10.317776 9.828032 10.929639 10.510324 9.823230
10.969608 10.632555 10.698326 11.214700 11.581982 10.729055 11.011353 11.534854 10.810683 10.707933 11.123600 10.851433 11.564050 10.889801 10.523491 9.421650 11.580157 10.908101 11.406844 11.829699 10.698995 10.752433 10.376835 11.079226 11.085418 11.004173 10.613162 10.679107 10.892590 10.384691 11.369293 9.686049 10.492333 10.949450 10.622645 10.481720 11.350193 10.710552 10.317528 10.639138 10.454726 11.317976 10.396423 9.517654 11.252324 10.473757 11.155710 9.336303 9.718245 11.256478 10.311831 10.154811 10.817791 9.828829 10.532678 10.525931 10.919229 10.205741 10.582354 10.837062 10.020193
10.964689 11.683677 11.313350 11.222162 11.323636 10.645430 11.208792 11.636773 10.647039 10.888193 10.712272 11.200048 10.513211 11.052232 11.888959 11.063843 10.652869 10.452161 11.109971 10.713859 9.890869 10.389514 10.702971 11.590315 11.046897 10.350233 10.241001 10.287807 10.301238 11.318503 10.922444 9.728751 11.967535 11.339996 10.999105 10.675479 10.974200 10.774712 10.724162 10.413171 10.877594 9.772822 10.987118 10.928320 11.048201 10.779346 11.172941 11.255037 10.813012 10.414632 10.561751 9.731389 8.476520 11.134005 9.988001 11.222562 9.995248 10.638660 10.479895 10.300473 10.556437
11.013594 10.907298 11.079747 10.815264 11.245547 11.137853 10.648265 10.609534 10.673314 10.857017 11.326537 11.345243 10.849770 10.946627 10.678037 11.414556 11.059874 10.684913 10.182357 10.373848 10.758596 10.683718 9.814868 10.173089 11.033680 10.822835 10.830370 10.790861 10.173391 10.364594 11.149049 10.623672 10.263478 9.756892 10.673181 10.980018 10.159416 10.899659 10.914808 11.319375 10.418400 10.419557 11.700252 9.804065 10.033126 11.191218 10.545872 10.404236 10.722446 10.690194 10.204895 10.844869 10.802181 10.186133 10.544995 9.871166 9.903321 10.001547 9.172687 10.833524 10.406794
11.020006 11.695018 11.188155 11.098908 10.898947 10.850853 10.800105 10.980393 11.047226 11.523180 10.436605 10.420769 10.485811 10.838410 10.774820 10.167130 11.928959 11.301368 11.527640 10.513322 10.744959 11.197622 10.836933 11.238642 10.508133 9.637985 10.774531 10.806619 11.441417 11.517625 9.557245 10.698252 11.046895 11.127842 9.684122 11.216923 11.511315 11.776266 9.832084 10.862392 10.883528 10.374220 10.379206 10.409122 11.092173 11.619287 11.186269 10.408841 10.508597 11.099430 9.859546 9.457527 9.758839 10.296706 10.850837 10.338447 10.296143 10.266455 10.516536 10.152420 10.725154
10.730123 11.826955 10.661053 10.514327 10.988050 10.710119 10.631096 11.069009 11.572623 11.467040 9.386369 11.181442 10.365884 10.702543 11.135446 10.622410 10.429295 10.909909 11.173211 11.776623 10.588374 10.714714 10.497485 10.950541 10.236281 11.089426 11.240113 9.902506 11.188396 10.127339 10.630345 9.539977 10.487452 10.741356 10.532218 10.774552 10.729634 10.462685 11.167720 10.539126 10.222957 10.976488 10.749416 10.429782 11.344768 10.584493 9.622936 11.969389 9.536583 11.573720 9.272469 10.589882 10.556148 9.972768 10.248460 10.491511 9.686388 10.131535 10.341881 10.766055 10.065561
11.693667 11.728611 10.996460 10.877551 10.565758 10.344150 10.431579 11.667127 10.163519 11.211952 10.655663 10.557693 11.203842 10.604158 11.547731 10.721430 11.608637 10.658918 10.141600 11.165086 11.072058 10.015416 11.837556 10.227483 10.729240 11.259106 10.382750 11.145737 9.809146 10.369904 11.136919 10.559044 10.811458 10.723767 11.107286 10.605906 11.176394 11.498815 10.671532 9.995354 9.922221 9.976111 10.413983 11.042142 11.095728 10.825164 10.461796 10.395981 11.127916 10.829139 10.614011 9.920132 10.641283 10.667370 10.311819 10.123653 9.333206 9.817341 9.224242 9.741625 10.296870
11.200924 11.002648 11.391491 10.973356 11.056453 10.298128 10.313655 10.116320 10.836622 10.860778 10.495161 10.900766 10.711574 10.735292 11.523513 10.865293 11.210240 10.838549 11.376555 10.427073 11.420851 10.862854 10.148415 10.473355 11.868472 11.037790 10.984301 11.059852 10.456919 10.715922 9.491699 10.818965 10.687517 10.352582 10.691524 11.314460 11.040649 10.403013 10.126013 10.536251 11.217796 10.321752 10.488253 10.519712 10.628301 9.792107 10.276771 9.990183 10.248300 10.604909 10.760833 10.869562 10.355205 10.300050 9.774219 9.860226 10.762823 10.135958 9.666013 10.208704 10.438255
11.498137 10.915192 10.733729 11.604133 9.529450 11.418287 10.888105 10.348572 10.579261 10.963845 11.185743 11.095159 11.398199 10.943354 11.734321 10.902801 10.450842 10.565342 9.562128 10.083442 11.617771 11.096957 11.008725 11.222665 10.377263 10.893097 10.669408 10.380860 10.379079 10.423460 11.988791 10.154077 9.942068 10.578138 9.877536 10.946556 10.910906 9.945999 10.072567 10.061606 10.459681 11.012682 10.475712 10.966569 9.283758 10.252582 11.126741 10.742621 10.883694 10.714931 9.452228 10.941905 9.830603 10.170055 11.002291 11.029200 10.008071 9.998982 10.556292 10.028005 10.740003
11.187023 10.928697 10.707312 11.578883 10.520479 10.375526 11.609359 10.940290 10.897113 10.081884 10.948603 11.153892 11.555815 11.115879 11.007876 10.644860 11.616998 10.027775 10.295429 10.609507 10.976798 10.091228 9.909720 10.980927 9.916626 10.131159 11.398056 10.150423 10.243397 10.359338 11.270344 10.693724 10.477734 9.290655 10.582250 10.585258 10.734652 10.759238 11.739149 10.367555 10.333535 10.517518 10.863990 10.702686 10.065696 10.655209 10.497147 10.190308 9.566740 11.211975 9.628521 10.240451 10.295239 11.130062 10.726467 9.582763 10.721229 10.908400 10.885089 9.617900 9.855125
10.201212 11.341131 11.748517 10.810421 10.644899 10.755110 11.425719 10.424509 11.245279 10.556722 10.778175 10.409436 11.463925 10.916714 10.894926 10.929260 10.901428 10.627288 10.482264 10.868635 10.169177 10.764773 10.591932 10.547951 10.065237 10.008831 10.692153 11.373896 10.311496 10.224642 9.969623 10.938279 10.219164 9.771510 10.952215 9.924450 10.197800 10.624479 10.957973 10.255452 11.050174 10.270692 11.119355 10.958375 10.625109 10.378285 9.192332 9.844403 9.779680 10.303191 10.049456 10.428656 9.979791 10.495024 9.663953 10.459703 9.875371 10.960289 8.699005 10.219694 10.500236
11.138831 10.496644 10.458080 10.459369 10.358975 10.773250 9.886839 10.181206 11.101757 10.380752 10.684794 10.443954 11.161521 10.524232 10.514824 10.776059 11.108813 11.808955 10.977148 10.947956 11.350646 9.950195 11.154541 10.618833 10.903789 10.408545 11.031507 10.968245 10.991259 10.394052 10.343508 11.409680 10.491937 9.472373 10.680571 10.711618 9.957898 10.594956 11.226063 10.447369 10.276700 10.381095 10.263963 10.063294 9.813863 10.521523 10.966785 10.320836 9.656816 9.918617 10.980886 10.567527 10.939397 10.029767 11.295940 10.310705 10.122650 9.712871 10.799432 9.890659 10.095791
10.277291 10.809511 11.449533 10.204625 11.245916 11.347624 10.306530 10.394602 10.625748 10.637167 10.765145 11.391280 10.109941 12.022267 10.513475 10.723258 10.623873 10.850131 10.783295 10.634946 11.679558 10.232318 10.057106 10.921417 10.580506 10.980307 11.342258 10.874034 10.404284 10.389344 9.833398 10.471282 10.241194 10.821482 11.230058 11.564531 10.679337 11.039045 11.268028 10.021037 10.732145 10.118970 11.026079 10.220513 10.056738 10.203995 9.578364 10.970355 10.512765 9.750599 10.945610 10.588739 10.590562 10.523120 10.133998 10.013115 10.509982 9.577549 9.427785 10.221418 10.962349
10.689745 11.489041 10.807301 9.997659 10.134120 10.627320 11.308805 10.933164 10.864922 11.609886 10.485759 9.642954 10.542278 10.495498 10.804094 10.916191 10.669133 10.467212 10.097646 10.426024 10.823004 10.305984 9.956199 10.651716 10.721234 11.047285 10.275712 10.413456 10.438001 10.124739 9.941480 10.200786 10.692106 9.066088 11.262364 11.123536 10.668479 10.761794 10.280944 10.744153 9.717016 10.512746 10.532324 10.384972 10.246004 10.582736 11.023159 10.177445 8.704442 10.108343 10.939487 10.604388 9.959600 10.224587 11.398999 10.224752 9.859048 10.350078 10.893172 10.114121 10.836065
