data/CentralBaltic/salinity0000_08.asc
NCOLS 400 
NROWS 400 
XLLCORNER 4750000.0 
YLLCORNER 3200000.0 
CELLSIZE 1000.0 
NODATA_value -9999 
[rows 168 to 195 of 400, columns 62 to 123 of 400]
11.201168 11.172740 11.282503 11.314428 11.118517 11.200399 11.389598 11.496611 11.184889 10.730134 10.236606 11.258752 10.729926 11.916721 10.296837 11.175178 10.681520 11.590668 10.588846 10.317775 12.698582 11.663238 10.820387 12.262024 11.057348 11.546671 10.746929 10.615337 10.630710 10.794034 11.733275 10.430419 10.823947 10.802046 11.069994 11.060411 10.618982 11.619327 10.089348 10.450437 10.373081 10.584413 10.467117 11.061718 10.383389 10.477389 9.846366 10.430731 11.148331 10.740217 11.303494 10.569942 11.059810 11.003138 9.713584 9.731406 9.734690 9.635501 11.109564 10.308652 10.407670 11.359487
11.480463 11.166742 11.317199 11.422884 11.115386 10.364152 11.301807 10.976266 10.874815 11.273342 11.628809 10.857212 10.976845 11.503495 11.845980 11.298873 10.820852 11.393561 11.418286 10.859410 11.309345 9.585713 11.269657 10.073634 11.149429 10.903794 10.877842 10.718676 10.535499 10.847523 10.145573 10.618405 11.245022 10.345351 9.504285 10.547984 11.343130 10.743627 11.804057 11.814051 10.574023 10.150140 10.458319 11.262971 10.238635 10.584189 10.583171 11.430064 10.206162 10.565959 10.988628 10.355025 10.393503 10.438865 9.953296 9.926875 11.181289 10.011679 9.789840 10.608975 11.341801 10.103784
11.102134 11.377668 10.638290 12.063226 10.705409 11.088917 10.988045 11.244390 11.048275 11.769907 11.058966 10.224081 11.413889 12.052283 11.397338 11.260337 10.888358 10.938922 11.781450 10.868618 10.592127 11.411494 10.837342 11.385715 10.947380 10.080100 10.223824 10.614830 10.875179 10.473907 11.752829 11.642109 10.964427 10.733904 10.803306 10.491721 10.613873 10.825196 10.589896 11.041046 10.943001 11.035107 10.480847 10.913555 10.446544 10.107082 11.403998 10.758833 11.178866 10.443051 10.906347 9.717428 10.062942 10.740459 10.458170 11.635547 11.459612 10.211063 9.154982 10.751039 10.239919 10.794997
10.093807 10.894775 11.067695 11.323715 11.592515 11.116210 10.869926 10.763004 11.029372 11.059775 11.125565 11.325545 11.545184 11.078252 11.267181 10.470385 10.920442 10.501939 10.966095 11.383703 9.389389 11.209640 10.302161 10.966055 10.626095 11.891673 10.454549 10.921135 9.261170 10.605626 10.826894 11.287540 11.178419 10.074009 10.938124 10.805370 10.258364 10.571477 10.550396 10.097938 11.482707 10.604580 11.314472 10.035550 10.279361 11.295095 10.628945 10.382606 11.075687 10.652507 10.775076 10.961665 10.088084 10.794611 9.745269 10.731332 9.985279 11.012091 9.963452 10.342111 10.210241 10.248595
11.155054 11.028169 11.078987 10.697899 10.854462 11.821816 10.654736 11.283998 10.635116 10.794282 10.530485 11.195572 12.200911 11.224981 10.693528 10.777128 10.648990 10.894457 11.141078 10.729439 11.587706 12.017215 9.681927 10.349405 11.248533 11.365191 10.955461 11.187632 10.794008 11.272568 11.122652 10.984289 10.927530 11.291572 10.499390 10.740802 9.543179 10.570562 11.365658 10.206542 10.607517 11.447881 10.748909 10.443390 10.547490 11.292438 10.286016 10.167925 10.530710 10.457020 9.830819 9.938729 10.521188 10.486234 10.774364 10.219041 11.422158 10.371050 10.577255 10.165769 10.631808 11.471067
10.725504 11.082370 10.583470 10.616761 11.195945 11.960635 10.684808 10.541106 10.027584 11.304678 11.107902 10.677206 11.305655 11.187469 10.634047 12.588333 12.123243 10.081970 12.080527 10.085053 10.016745 10.283281 10.537208 10.743413 11.555674 10.713186 10.863358 11.967868 10.775106 10.640714 10.869412 10.363849 10.465439 10.852260 11.281396 9.923793 11.289917 11.172915 9.866315 10.827607 11.011139 10.034803 10.501436 9.961646 9.800784 10.114570 10.179630 11.050778 10.498543 10.772332 11.249774 10.367895 10.269059 10.511133 11.269195 11.754270 10.648829 11.216929 10.019656 10.039138 9.544629 10.900029
10.257532 11.262458 11.692687 11.359454 10.621560 11.321437 10.390183 10.826468 10.852355 11.181101 10.422349 10.523527 11.677461 10.537939 11.443982 10.812722 10.853858 11.361073 10.180250 9.900719 11.085397 10.298895 11.819793 11.316907 10.685680 10.466257 10.888444 10.601735 10.815400 10.285229 11.117203 10.972828 11.827658 10.845816 9.949366 10.654803 11.532658 11.700254 10.130367 10.478177 10.857103 10.508045 10.432089 9.859100 11.089494 10.219769 10.333825 10.724482 11.372401 10.557997 9.929080 10.242580 11.186321 11.624124 10.562874 10.401895 10.443679 10.329969 10.215936 9.846374 10.901440 10.671876
10.692264 12.249422 10.553335 10.598587 10.679631 10.600214 10.595391 10.835436 11.199625 10.429709 11.112618 11.097755 11.436597 10.377452 10.399436 11.043704 11.395004 10.397842 10.753140 11.007341 10.788762 10.719317 10.922089 11.203715 10.450027 10.522851 10.167444 11.538839 9.824692 11.539055 11.008840 10.850866 11.466428 10.480940 11.576521 11.633822 10.338194 10.716908 10.991236 11.811041 10.867410 11.084993 10.052870 10.971781 10.304162 10.676920 10.729151 10.610730 10.001637 10.860257 11.275055 11.198617 10.194835 10.543215 10.919456 10.004534 10.388304 10.333568 10.824229 10.885859 10.682827 10.771582
10.990787 11.261630 11.181249 10.489266 11.142141 10.788441 11.199874 10.760992 10.979782 9.905901 11.093033 10.337338 11.472554 11.664583 10.210286 10.910657 10.740086 10.211332 10.862073 10.480439 10.906792 10.646226 11.244848 11.346604 10.748662 10.762710 10.112690 10.730087 10.646970 10.476016 10.489507 10.304710 10.786727 10.983365 10.350933 10.657501 10.921688 11.488836 11.096512 10.881213 11.285170 10.799689 10.672054 10.397679 10.418056 10.484017 10.433105 10.372293 10.741730 9.662172 10.637900 10.862158 10.504583 10.272348 10.892546 10.926819 9.877681 10.114144 11.178362 10.616755 9.383940 10.494197
10.932457 11.053959 10.998842 10.559681 11.153697 11.606909 11.386234 11.052280 11.278006 10.280564 11.039707 11.195624 11.451046 11.112022 11.144699 10.916716 10.386498 10.500775 11.285406 10.699996 11.646800 10.270420 10.600385 10.832818 10.631430 10.556767 10.730879 11.162643 10.334308 10.767455 10.697025 10.961785 10.945465 10.976172 10.373406 10.247878 10.343169 10.373391 10.709537 10.399864 11.259624 11.470022 10.326245 10.348903 10.150263 11.054610 10.598881 9.276461 10.591774 9.987314 10.192059 10.332198 10.660897 9.806123 10.613616 11.018914 10.677990 10.511203 9.600950 10.361880 10.003262 11.017499
10.817025 10.488104 11.523131 10.651617 11.038859 10.396819 10.494788 11.079270 11.591221 11.019280 11.234151 10.511994 11.042451 10.588878 11.014638 11.064687 10.467345 11.201091 11.053680 11.440401 11.560571 10.740156 11.096918 10.793306 10.942603 11.425758 10.662408 10.235569 10.298702 10.914685 11.307095 10.441672 10.368757 10.750367 11.251096 11.176642 10.338530 11.670951 11.069608 10.542101 11.089279 10.738941 10.693011 10.627183 10.540592 10.735397 10.025813 10.905267 10.079866 11.068603 10.062055 10.290233 10.338343 10.651786 10.445511 10.621982 10.877470 10.559689 9.616208 10.544727 10.366168 10.632143
10.982347 11.762753 10.944239 11.538579 11.135490 11.124438 10.664966 11.273013 10.809828 11.498496 10.903461 11.297001 10.651579 10.890259 11.174272 10.781263 10.896779 11.028176 10.154607 11.001893 10.508366 10.831814 10.001780 10.777888 10.649579 10.910423 10.886586 10.913393 11.601033 10.656764 10.797572 10.303895 11.367532 10.960621 10.616976 10.947135 10.316916 10.155246 10.432084 10.419178 10.687623 9.890924 10.186020 10.676857 10.523263 10.268550 10.802898 9.808378 10.487185 10.429858 10.707032 10.613934 10.876549 10.990779 9.335824 10.504180 10.276453 9.983893 9.559602 10.182498 9.631257 9.488672
10.825944 11.129903 11.030978 11.387417 11.147806 11.674121 10.746221 11.000352 10.627178 10.846019 10.481326 11.615102 11.127324 11.358617 11.020267 11.329345 10.746191 11.607209 11.033669 9.688023 10.802313 10.806651 11.064880 10.967734 9.724969 10.701844 10.472035 11.315351 10.765228 11.119981 10.320628 10.647887 10.369975 10.279429 10.691374 10.987832 10.152200 10.511360 11.191818 10.156458 10.573261 10.321777 10.992338 10.236080 9.736662 10.317448 10.590550 10.708424 10.457208 10.183136 8.656925 9.707661 10.572956 10.028450 10.632332 10.211277 10.301472 9.693827 9.950029 10.744068 11.209492 9.783186
11.637256 9.773260 10.625369 10.952392 11.410846 10.653221 11.022128 10.814935 10.721058 10.789707 10.466836 10.577821 11.364653 10.705303 11.131326 10.955295 10.313711 10.740422 10.567879 11.320972 10.382625 10.256147 11.013810 11.464803 9.821305 10.479359 10.619709 10.964650 10.744528 11.138210 10.964115 10.744127 10.647987 10.560757 11.073014 10.571957 10.300846 10.322904 10.808540 10.113902 10.444047 10.642920 9.784510 10.914577 10.845063 10.444036 10.187549 10.096559 10.625275 10.799132 10.893183 11.176624 10.386410 11.469771 11.180425 10.221437 9.948100 10.628549 10.079210 9.865022 10.181284 9.707274
9.862174 10.569819 10.660622 11.516576 11.236928 11.083965 10.822264 11.184464 11.111006 10.701557 10.926700 11.206951 11.652849 11.179544 10.967245 10.550874 11.217891 10.632548 10.615577 10.085768 11.948666 10.842442 10.530443 11.014104 9.888205 9.860109 10.228541 11.142564 10.922432 10.760141 10.246986 10.805998 10.777535 9.774303 10.741745 10.782868 11.268307 10.824385 10.246035 9.530432 10.681883 10.702377 10.171554 10.439871 10.585496 10.628089 10.578145 10.633681 11.029359 10.554434 10.470485 11.459512 10.748030 10.817401 10.163972 11.060285 10.369001 10.035456 9.525762 9.867152 10.142655 9.504365
10.515285 11.223315 10.205156 10.540831 10.221043 10.844720 10.296788 10.478444 10.469582 11.076453 11.033602 10.321968 10.303772 11.181234 10.287659 10.574855 11.340586 10.801482 10.689169 11.502828 10.979557 10.487559 9.934128 10.532952 11.361882 9.880130 10.170496 10.816693 10.668331 10.214780 10.124989 10.556461 11.075896 10.052350 10.410415 10.176179 10.394644 10.692735 11.096935 10.527222 10.377074 10.490171 10.615486 9.438625 9.871395 10.420229 9.530559 11.144981 9.983780 9.315862 9.330969 10.889311 10.364788 10.830974 9.668009 10.030205 10.473073 10.434309 10.042385 10.394488 10.101712 10.259854
11.213611 10.512131 11.401671 11.094633 10.502867 10.734764 10.660106 10.193994 9.863990 10.473447 11.265019 10.643180 10.637815 10.110599 10.919354 10.974161 10.548891 10.891243 10.757245 11.739578 11.266285 9.632267 11.115138 9.862617 11.107502 11.484021 10.561018 9.639387 10.244029 10.123122 10.145754 9.876492 9.988401 10.457815 10.108989 11.032966 10.959446 11.078429 11.011218 9.929428 10.488789 10.137827 9.921112 10.829599 9.388782 11.190220 10.007159 11.074429 11.008160 11.161670 9.738711 9.970482 9.900030 10.216440 10.779395 10.261992 10.151550 10.270910 9.973649 10.037265 11.087289 10.166037
11.045974 11.168581 10.853226 10.490130 10.853449 10.833880 10.752966 10.470061 10.694961 9.826269 11.461359 9.576979 10.225734 10.349125 10.440531 10.972168 9.787153 11.516378 11.068911 10.938916 10.251453 10.878468 11.354250 10.883061 8.984901 10.427808 10.719065 11.492946 11.131506 10.868556 10.124433 10.176375 10.044142 9.673943 10.280742 10.132398 9.639023 10.347261 11.451449 9.949524 10.452182 11.569289 10.057560 9.971340 10.739790 9.461801 9.914129 10.881142 10.670066 10.944775 10.683279 9.724315 10.661392 10.084780 10.326907 10.077564 10.515873 10.682137 10.497747 10.377819 10.994737 10.497661
10.925686 10.217963 11.553519 10.829874 11.251846 11.101826 10.939756 11.484174 10.775456 10.552453 10.659258 10.618257 11.274677 11.294583 11.125138 8.934366 10.667298 10.564436 10.569443 9.682926 9.582278 10.202791 10.802423 10.130854 10.129163 10.717011 10.048777 10.376146 10.955605 10.138016 11.341719 10.942258 10.424072 10.410971 11.310644 10.281660 10.318776 10.621546 11.345830 11.344585 10.895976 10.008181 11.595660 9.893840 9.754427 10.757073 10.549217 10.580488 10.269837 9.281164 10.881538 10.624932 10.345666 10.239885 10.079981 10.445893 9.958757 10.829502 9.757846 10.449497 9.902226 10.241582
10.022173 10.368138 11.326190 10.570233 10.942934 10.198511 11.535082 10.670980 10.960702 10.445624 10.098738 10.883956 10.866113 11.131110 10.348423 10.529641 11.237911 10.237040 10.550618 10.319528 9.950413 11.628693 10.707405 11.108474 10.466643 9.594316 9.751683 10.078086 10.024298 9.740894 10.715391 10.194287 10.265890 10.396099 10.778706 9.896322 9.965231 10.038427 10.568543 10.408769 10.379877 9.943786 10.024888 10.233330 10.834191 10.053680 9.547280 10.308953 10.715566 9.955135 10.920357 10.281645 10.556632 9.377000 10.550569 10.342931 10.098610 9.903280 9.875572 10.645678 9.627644 10.181584
11.002615 10.355688 11.415008 11.444779 10.557548 10.769397 11.215572 11.015437 10.771022 10.906515 11.338065 10.406566 10.632464 11.173234 10.746646 10.334278 11.159953 10.331530 10.381387 11.711043 10.106432 11.185461 11.281386 10.045556 11.140853 10.654990 10.248896 11.104121 9.999813 11.094368 10.801206 10.941498 10.607441 10.916900 10.436099 10.624309 10.670661 9.376044 11.283136 10.523284 10.979878 9.564679 10.728283 10.191832 10.507855 10.444138 10.219785 9.990144 9.883563 10.369669 10.759498 9.587473 10.040370 11.107952 10.225587 10.750882 10.438198 10.164086 11.177441 9.367877 9.944479 10.476183
10.555508 10.707982 10.764573 11.182415 10.930188 10.816689 10.793622 10.104052 10.082236 11.380510 10.280449 10.920536 9.795408 10.423177 10.829490 10.776986 10.927304 11.503727 10.218542 11.117497 9.765737 9.264513 10.449163 9.831028 9.989593 10.235862 10.632985 11.191032 9.863662 11.119425 10.333245 10.394416 10.726342 10.998134 10.964715 9.766809 10.413466 9.055845 10.173564 10.070628 10.928307 10.035291 10.182472 9.998508 10.349793 9.477173 10.607551 9.945392 9.720370 9.905977 10.344891 10.392764 9.713979 9.761033 10.045546 9.415633 10.228962 8.908936 9.921012 11.080892 10.641750 11.309276
10.584711 10.765445 10.329038 11.106888 12.156113 11.283039 10.713794 10.804670 11.783252 10.434875 10.637719 10.962509 10.669337 10.361497 10.492500 11.030677 10.454841 10.491863 10.426229 11.037019 10.137374 10.026320 11.007798 11.353135 10.621130 10.613826 10.702280 10.330868 10.149133 11.229409 11.363956 9.789970 10.597204 11.194153 9.966220 10.784044 10.133220 9.554972 10.176891 10.248630 10.370504 9.665053 9.700945 9.918927 9.726718 10.613927 9.972859 10.328616 11.135219 9.604126 9.908276 10.683394 9.738651 10.333652 10.340308 9.435632 9.808282 10.616566 9.760434 10.114278 9.846146 9.781655
10.645325 9.260426 11.035708 11.152804 10.718366 11.148905 11.714184 10.717997 10.775471 11.526561 10.415568 10.986557 8.927290 10.154967 10.293617 10.632567 10.135337 10.780035 9.735211 10.326066 11.184976 10.310921 11.151749 10.951984 11.182571 10.310972 10.130397 10.002641 11.116125 10.549100 10.890096 11.438069 10.029396 10.193459 10.620495 10.616040 10.255006 10.786660 10.792153 10.539719 10.226747 10.266339 11.081359 10.834843 9.521042 10.322857 11.191523 10.802428 9.136378 10.177901 10.288964 10.374995 10.217206 10.213591 9.569014 10.588217 9.435440 9.701243 10.591879 9.069974 10.189989 9.065201
10.797812 11.316451 10.113723 11.408536 10.488676 10.952247 10.280253 10.358147 10.523192 11.885145 10.603443 10.643978 11.519539 11.591349 9.499418 10.418289 10.809642 10.464142 10.686886 10.389835 10.405255 10.080078 10.727033 9.620806 9.602322 10.638229 10.146156 9.443612 10.333428 10.640717 10.592338 10.326428 10.779001 10.573450 10.650306 10.664296 10.097790 10.962364 9.455211 10.783567 10.987661 10.207631 11.067661 10.345719 10.908041 10.075742 9.917744 9.986983 9.927276 10.047318 9.806068 10.088244 9.892327 10.150029 10.573961 10.807675 9.628516 11.150722 10.517731 10.088831 10.226558 10.376521
10.431127 10.160260 10.373131 10.974598 10.764124 10.605893 10.732607 11.591416 10.649065 10.953275 10.463230 10.858974 12.026424 10.372267 10.903651 10.875335 10.448222 9.978407 10.723597 10.723129 10.464921 10.744593 10.928840 9.505045 10.560631 10.169907 9.906113 9.696440 10.329892 9.709917 11.205928 10.936433 10.409930 9.677651 10.331900 9.632249 9.408708 10.246764 9.848622 10.290922 9.606873 10.819595 9.641298 10.552077 11.209740 9.627382 9.713744 8.362971 10.063015 9.030766 10.308529 9.893409 9.238569 10.282058 10.112629 9.704456 9.651217 10.628176 9.983393 9.403674 10.276461 10.558553
10.063651 10.767218 11.091346 10.495538 10.849352 11.271443 10.962943 10.169445 10.408401 10.367456 10.609175 11.415517 10.890742 10.388254 10.142331 10.050434 10.461875 10.596805 9.418736 10.778721 11.014140 9.654654 9.384553 10.555915 10.133483 10.079279 10.059458 10.643620 9.270665 10.608794 10.295538 10.310701 10.005171 11.744301 11.671322 10.365389 10.593486 10.067562 10.979673 11.269369 10.883387 10.017993 10.283873 9.832399 10.768818 10.763794 9.590748 10.854739 9.559851 10.166194 10.522030 9.627340 10.669859 10.591496 10.304938 10.325857 10.281110 10.721239 11.255314 8.772529 11.195521 10.645315
10.611749 10.231165 10.708559 10.870659 10.612192 10.432905 11.686854 11.397967 10.852890 10.683735 9.973459 10.455608 10.228352 9.622558 10.757939 10.636310 10.838596 10.777460 10.511644 11.356949 10.745080 9.161139 10.585503 10.108878 10.965485 11.342084 10.353986 10.432380 11.517113 10.633819 10.243995 10.232510 10.130703 10.410374 10.200223 10.712556 10.717770 10.430551 9.678964 10.226756 9.729628 9.965647 10.678815 9.450278 10.491603 9.906353 9.515028 10.196552 10.094793 10.916435 9.268589 9.721563 10.512494 9.492582 9.888606 10.443536 10.183217 9.401325 9.365975 10.256635 10.300410 10.370905
