data/CentralBaltic/salinity0000_01.asc
NCOLS 400 
NROWS 400 
XLLCORNER 4750000.0 
YLLCORNER 3200000.0 
CELLSIZE 1000.0 
NODATA_value -9999 
[rows 108 to 134 of 400, columns 60 to 119 of 400]
16.036752 15.987175 16.878589 15.605927 16.070573 16.032612 16.462836 16.310528 16.037013 16.079452 15.376167 15.338939 15.757567 16.339340 16.498915 15.889461 15.506100 15.884425 15.544712 16.364452 16.351328 15.915266 15.464990 16.707964 15.300580 15.331663 16.498087 16.192882 16.202459 15.876031 16.189120 16.065497 15.418585 14.780456 15.868517 15.757784 15.187791 15.906380 15.609596 16.388116 15.215864 16.659021 15.304037 15.584307 14.339341 15.240455 15.030356 15.857142 15.351640 15.962579 15.722602 14.788613 15.413426 14.446084 15.082878 15.719846 15.818357 14.598751 15.775709 14.583737
16.852786 15.720791 16.549267 15.650637 15.301681 16.469920 16.892219 16.092534 15.787907 16.781472 15.232740 15.479139 15.454443 16.152106 15.525116 15.701321 15.948455 15.982207 15.918341 16.127473 16.184458 15.430795 16.049093 15.951328 16.006669 15.119764 16.422639 15.783909 14.791868 16.259321 16.077888 14.990458 15.107122 16.633596 16.712577 15.329325 15.617945 15.359057 15.881181 16.300467 15.876700 15.551834 15.075572 14.582903 15.173041 14.656034 15.336351 15.761085 14.747129 14.719007 15.462691 15.235614 14.937098 14.818962 15.565845 15.289218 15.260411 14.980094 14.213740 14.771948
15.972658 17.230986 15.588415 17.001084 15.674798 15.284798 15.510578 16.375710 16.120715 16.159932 15.670722 16.263345 17.035121 16.737377 16.095124 15.169763 15.856746 15.042898 15.838607 15.595304 16.403118 14.843573 15.595528 15.717178 15.781897 16.166156 15.414549 15.813823 15.775486 15.883891 15.736053 15.491508 15.250404 15.687267 15.528597 16.187831 15.266864 15.413471 15.427238 15.200395 16.202197 14.582065 16.105759 15.069488 15.093675 15.484525 16.774339 15.736008 15.913864 14.677319 15.411766 15.787637 15.420392 14.549440 13.983454 14.588587 14.863172 14.783072 15.131481 14.876819
17.143363 16.109904 16.982892 16.094299 16.952179 16.442213 15.922063 16.028520 15.937519 16.037587 16.252638 16.183186 15.937340 17.103839 16.211118 16.639732 15.481763 16.370622 16.199512 16.512596 15.697249 15.822836 15.530651 15.774913 16.346818 16.361498 15.643638 15.712572 15.262963 15.754046 16.036895 15.828809 15.452176 15.455444 16.128234 16.179712 15.172953 16.126307 15.222737 15.346961 15.823457 14.933493 15.031605 14.829316 15.034977 14.681104 15.177394 16.077895 15.593072 15.636773 15.243856 15.504083 15.125163 15.182885 15.273361 15.422277 15.527460 15.210354 15.352255 15.398333
16.666127 15.572270 16.524833 16.022754 15.438168 16.534956 16.101890 16.364195 16.101467 15.956215 15.668244 15.977790 16.624176 16.324531 16.750884 15.994819 15.113304 16.039598 14.959795 15.588780 15.716987 16.332410 15.140207 15.836200 17.029851 14.942059 15.870345 16.067925 14.911557 14.911480 15.123206 15.108823 14.271197 16.610183 16.263993 15.733299 15.383278 15.511669 15.427626 14.912514 14.582293 15.290446 13.867614 16.602670 15.129918 15.151844 15.525426 14.508526 14.934215 15.005028 15.299627 15.028163 15.190250 14.963535 15.144104 15.149876 15.328938 15.979138 14.315001 15.395752
16.103616 16.938402 15.956926 16.456559 16.196832 16.099626 16.211307 15.481465 16.898194 16.402815 16.819924 16.446409 15.688320 14.934205 16.883851 15.506264 16.058974 16.006808 16.117791 15.694489 15.859798 16.182921 16.496096 15.820314 16.117298 16.287866 15.383120 15.960944 16.490748 15.819553 15.996828 15.702733 15.423038 15.587031 16.640460 15.512543 15.490281 15.419133 15.659719 15.428008 15.750417 15.276766 14.977255 14.863537 15.515604 15.820437 14.519805 14.603105 15.767388 14.616149 14.936744 15.744187 15.112249 14.806178 14.610890 14.698710 15.601810 13.713246 16.373280 14.768188
15.870231 16.107899 16.853697 16.461735 15.848800 15.578426 16.243364 15.958343 16.830370 15.494251 15.638844 15.973058 14.895097 15.864123 15.776753 16.030352 16.199105 16.737651 16.263869 15.623745 16.110829 15.976600 15.698990 16.431347 15.420088 15.866772 15.392722 15.871259 14.865090 15.796640 15.895717 16.714753 15.709891 15.707942 15.011261 14.945756 15.416787 14.897220 15.856895 15.399596 14.816970 15.208575 15.049386 15.183020 15.214293 15.659094 15.028642 14.858630 14.893198 14.652801 15.215970 14.978238 14.307180 14.254233 15.290863 15.322579 15.292279 14.635832 14.630034 15.115495
16.066956 17.138689 16.562224 16.563260 16.161394 16.392048 16.577434 15.348921 16.126479 15.944810 15.945627 15.725751 16.489276 15.907584 16.519394 16.000922 15.704685 16.029577 15.678915 15.898763 14.845394 15.704477 15.875747 15.448940 15.425962 15.916584 15.502468 15.203672 14.701813 15.134711 15.758766 15.823677 15.249846 15.503744 15.928595 15.569979 15.545149 15.412544 15.521394 15.720179 15.587901 15.025004 15.614839 16.066532 15.392292 15.114005 15.837838 15.118977 14.950827 15.390975 15.288923 14.435025 14.403544 14.016709 14.973353 15.445490 14.298142 14.027592 14.334868 14.751017
16.254961 15.620621 15.718808 15.177566 15.618871 15.497371 16.928621 16.278627 15.494486 16.590952 14.848051 16.578790 16.443144 16.267833 15.957871 16.209491 15.567279 15.500178 16.290636 15.684546 16.086073 15.435792 15.379008 15.588756 16.070094 15.857619 15.095827 15.306823 14.887524 16.348953 15.283412 15.180322 15.188585 15.470695 15.675010 15.285522 15.177421 15.820888 14.936618 14.994935 14.893731 15.053776 15.403575 15.733055 14.716355 15.007643 14.875900 14.322464 15.130010 15.582301 15.379545 14.949793 14.776826 15.484249 14.849682 15.283780 15.254397 14.820939 15.650752 15.640181
15.540067 14.709085 16.084591 17.025365 15.665525 16.353055 14.932386 17.008631 16.322294 17.008067 15.259568 16.218762 15.337346 15.687258 15.087540 15.138469 16.505020 16.255304 15.886248 16.202460 14.850178 14.752128 15.728245 16.295803 15.651834 16.102277 14.391915 15.861719 15.093740 15.953487 15.592978 15.092361 14.242878 15.131395 14.439770 15.651249 14.502841 15.684753 15.447259 15.447648 14.899294 15.746753 15.694999 16.076227 15.375635 15.021163 15.332958 15.216804 15.602507 15.669364 14.750081 14.623578 14.792965 14.938364 14.856688 15.042860 14.742966 15.487692 14.533007 15.828389
16.018016 15.494482 16.449614 15.998548 15.585689 16.221286 16.348050 15.592038 15.632640 16.395142 15.507647 16.243440 16.237868 16.085543 15.747564 16.227867 15.699921 15.529661 15.830048 15.973933 15.980857 16.228226 16.105670 15.698370 16.155055 15.223492 16.212514 15.689335 15.300872 16.247764 15.985921 15.584181 15.166798 14.533340 15.606003 15.009932 15.179817 15.034432 15.169439 15.360828 15.550622 15.446408 15.506249 14.798882 15.464317 15.097426 14.488777 15.168092 14.256578 14.546873 15.522834 15.029730 15.818644 15.766395 14.596613 15.559605 14.639615 14.619678 14.264591 15.554864
16.489233 16.170818 16.409464 16.074065 16.746129 17.138459 16.364786 16.114436 16.315499 15.107126 15.757140 16.352632 16.078511 15.437826 15.848918 15.095234 14.248993 15.424810 16.382775 15.963972 15.782396 15.356617 15.249824 15.248806 16.090339 14.938894 15.762328 14.985597 16.070058 14.467438 14.541085 15.527246 15.299233 14.803446 14.899913 15.395770 14.712148 14.698660 15.056619 15.486367 15.129224 15.270761 14.508437 15.162524 15.531151 14.757788 15.353889 15.627749 15.150269 15.367635 14.804981 15.333071 13.879202 14.621919 14.334923 15.158271 14.750951 14.761156 14.901807 15.788270
15.828906 16.169624 16.385721 16.343875 16.678547 16.330712 16.259820 16.363512 15.661657 15.435519 15.923099 14.691462 15.940631 17.035076 16.085881 15.207119 15.229308 16.542254 16.613026 15.338293 14.828453 15.171206 15.335583 15.913741 15.838017 15.633692 15.725230 15.832417 14.693464 16.364462 16.153161 15.335398 15.121811 15.226574 15.862186 14.714628 15.763075 15.066955 14.695415 15.374477 14.736351 15.401702 15.029633 15.798155 14.882995 14.528008 15.639116 14.797308 16.046716 14.923031 15.859967 15.331261 13.737133 15.087193 14.758399 15.053213 14.573792 14.864824 15.552343 14.485243
15.714007 16.326698 15.967361 15.090414 16.903090 15.704814 15.779321 16.174339 15.916859 14.967644 16.264176 15.903534 16.052950 15.221076 15.860418 16.158791 16.233185 14.930674 14.810532 16.735385 15.449907 16.134705 15.719568 15.930349 15.162666 15.532682 15.402288 14.951896 14.758836 15.488776 15.619858 14.336485 15.218507 14.976420 15.252534 15.198617 14.490651 14.935389 16.270744 15.085732 14.836454 15.159879 15.515806 14.653207 15.545802 14.382816 15.716605 14.213192 15.047383 14.502610 15.077506 14.876037 14.834376 14.481523 14.752502 13.991417 14.979054 15.135734 15.340613 14.943205
15.812647 15.359376 15.578112 16.038237 15.836438 15.960664 15.901581 15.599502 15.476530 15.310619 15.329056 16.629686 16.315563 15.178528 15.859565 15.415552 16.016653 15.856457 17.099732 15.441570 15.228936 15.670540 15.188705 16.064247 15.732376 15.070553 14.846411 15.759341 16.437991 15.064879 15.519927 15.528461 15.419548 16.123139 15.884274 14.806859 15.533548 15.610472 14.722301 14.976881 15.691601 14.393398 14.633913 15.525245 14.276322 14.843731 15.295032 15.645593 14.858016 15.443822 14.255998 15.316936 14.983334 14.786350 15.291848 14.413009 14.645476 14.823524 15.378007 14.672846
15.645830 16.500705 15.492866 15.555900 15.945329 16.694159 16.934960 15.908757 16.668248 15.720802 15.557085 14.996695 16.222880 15.367939 15.157089 15.787113 15.282697 15.361831 15.781082 16.207569 15.003512 14.747885 16.034732 14.995289 14.793957 15.318180 14.710909 15.377332 14.861771 14.949731 15.515630 14.790206 14.470849 15.881137 15.645771 14.431742 15.357261 15.006966 16.338092 15.346210 14.521900 14.886476 14.838778 15.208406 15.048591 14.827782 15.216870 14.811929 15.072559 15.863093 14.715756 15.579068 14.561589 14.889994 14.741531 15.270081 14.810640 15.349493 14.159580 13.860341
15.397784 15.988701 16.437430 16.113823 15.931093 15.906619 15.383059 15.781573 16.272930 15.382585 15.773116 16.505875 16.115438 15.859133 15.306104 15.971484 14.933347 15.984313 15.046188 15.287003 15.613768 15.196638 15.000539 15.202646 16.307164 15.021105 15.789882 15.345209 14.959261 15.426662 15.852699 14.998656 14.541061 15.721439 15.985884 15.146900 14.878436 14.778909 15.264689 16.683195 14.518531 15.010555 14.588696 14.774669 14.550729 14.798654 15.447283 14.722033 14.956885 15.369618 14.535787 15.447649 14.542719 15.267696 14.374059 13.723610 15.257155 14.403273 14.096210 15.077194
15.423248 16.026363 16.540718 15.482778 15.945295 15.637770 16.312347 15.656846 15.338330 15.906247 15.544569 16.159642 15.207994 15.199477 15.908692 16.858736 15.341435 16.493289 15.562061 15.018915 15.842319 15.628453 16.702240 15.047301 14.769173 15.402887 15.890276 16.623852 14.759990 15.660145 15.519021 15.564078 14.813651 15.678360 15.099294 15.831097 15.289050 15.862966 14.710724 15.111821 14.383218 15.351695 15.454199 15.348545 15.240541 15.503022 15.236377 15.156288 15.718384 14.545929 14.712319 15.234457 14.709872 14.241527 14.381582 14.880604 15.209749 15.270167 13.716909 15.325110
15.146209 14.994987 15.643963 16.275057 15.997606 15.343820 15.388396 15.722460 15.481724 16.511326 15.263890 15.968441 15.244099 15.202380 15.365579 15.233848 15.220765 16.149140 16.180599 15.188804 15.729504 14.556656 16.538950 15.845235 16.406213 15.940880 16.106056 15.945526 15.321061 15.469156 14.739225 15.642648 14.297788 15.868082 15.655364 15.836443 14.833910 15.192569 13.959067 15.094584 15.141794 14.887117 15.556300 15.104165 15.353507 14.548614 14.749760 15.857561 14.384914 15.007442 15.121638 14.847627 14.163273 14.571623 14.972381 14.268056 14.569214 14.845978 15.306846 14.317046
15.646222 16.695968 15.059206 16.123816 14.683075 15.565386 15.438524 16.236566 16.178863 15.427443 14.835895 15.828445 15.971855 16.211792 15.507890 15.596065 15.737859 15.347682 15.714681 15.860264 15.417555 14.995808 16.091707 15.005339 15.288550 14.861650 15.078902 15.570146 16.081267 15.382478 15.261785 15.604375 14.872922 15.062285 15.118114 15.316887 14.853818 15.368173 15.861559 14.843417 14.404655 14.812276 14.611806 14.905011 15.534434 15.359872 15.702191 14.601551 14.571710 14.634701 14.896539 14.348097 15.084858 14.786812 14.880119 15.114393 14.804055 14.523022 14.762476 14.864570
15.062448 15.594815 16.175371 16.759500 15.463939 15.624554 15.554913 15.223880 15.967220 15.753425 15.668493 15.253997 15.860000 15.183502 15.566218 14.859630 15.326276 15.226392 15.985891 15.827776 15.201124 15.066414 15.103500 15.151195 14.950629 15.528286 15.052871 15.998844 15.098821 15.402998 15.663022 15.015150 15.140959 14.771248 16.138265 15.400481 15.618945 15.207144 14.674030 14.492999 14.349777 14.032517 15.620841 14.773650 14.504792 14.985142 14.806241 14.507593 14.906610 15.629794 14.788718 14.712401 14.147240 14.449872 14.477236 15.190800 14.515492 13.746546 13.977713 14.833649
15.614192 15.771467 16.044717 16.155248 15.614767 16.359851 15.808374 15.708274 16.362455 16.705051 15.823254 15.574477 16.088257 15.651842 14.692041 14.927158 14.615349 15.686517 14.873253 14.645039 14.360471 15.441978 14.655262 15.794741 15.534689 15.397440 15.625571 15.060101 15.234746 15.472223 15.562346 15.289598 15.252866 15.321562 15.217924 15.449521 15.251347 14.652240 15.306255 15.423188 15.128498 14.989171 14.915461 15.531412 13.622404 15.212806 14.800755 14.925027 15.992774 15.032135 14.231800 14.628458 14.496034 13.302976 14.255248 14.540499 13.480500 14.986397 15.004300 15.374143
14.797618 15.880656 15.341988 14.780681 15.591231 16.257875 14.815213 16.225229 15.885918 14.855913 15.407843 15.626754 15.999543 15.324796 15.626240 15.033542 16.058795 15.229514 15.741785 15.238699 15.646662 15.865533 15.374184 14.458356 14.868497 15.101615 14.619472 14.942900 15.906029 16.095079 15.288713 15.853539 15.412780 15.748600 15.030635 15.452138 14.768700 15.147069 15.445080 14.035114 15.035449 14.661199 14.378571 14.983148 16.061848 15.457629 14.362066 15.038379 14.355324 14.616535 14.438837 13.877312 14.907795 15.515614 15.633392 14.588544 15.403100 14.803794 15.065590 14.263099
15.101700 15.680222 15.674371 16.906645 15.577343 15.157176 16.176509 15.917220 16.252558 15.352444 15.895176 16.096471 15.509458 14.344036 14.929866 16.192765 15.407348 15.394548 15.878215 15.345853 15.778150 15.226824 15.148955 15.674917 15.516260 15.749871 15.275389 14.955580 15.437401 15.111581 14.891359 16.227846 14.817782 16.162090 14.190383 16.308472 15.724605 15.570865 15.613426 15.684709 14.782844 14.404639 15.237210 14.415435 14.727552 14.311612 15.309057 14.760174 14.445356 14.596073 14.663470 14.938123 14.763466 14.735625 14.969857 14.887457 14.565649 14.814573 14.837050 16.015191
16.019414 15.526441 15.056956 15.554080 16.101307 15.462498 16.015693 14.620551 15.648594 15.241013 16.592932 15.384767 15.508042 15.740511 15.491094 15.818601 15.376467 15.411993 16.058766 14.415024 15.327352 15.644214 15.583096 15.904312 14.306382 15.060573 15.121453 15.198187 15.148222 16.148363 14.908379 14.838428 15.237301 14.514077 15.105505 15.354324 14.997617 15.666998 15.276372 15.497567 14.669322 14.893708 14.334420 15.895586 14.788806 15.135759 15.103460 14.848931 16.016008 15.667874 15.341463 14.488778 15.632265 14.913571 15.529127 14.492950 14.467163 14.112935 14.621635 15.096258
16.937579 15.737846 15.582930 16.540188 15.638068 16.262055 15.531864 15.953933 15.735326 14.660599 15.303213 13.553914 14.988035 16.073417 15.310882 15.274277 16.094643 15.998497 14.656885 15.810052 15.574955 15.292649 14.845274 14.469164 15.268514 14.843923 15.571046 15.237528 14.962590 14.621064 15.588781 15.339622 14.603574 14.764116 14.569943 14.568627 14.856398 15.121242 15.481653 14.460929 15.559580 15.047382 15.021781 14.774932 14.501969 14.455341 15.217849 14.343576 13.986278 14.370027 14.365683 15.833091 14.795442 14.820556 14.416207 15.373966 14.480700 16.140337 14.363687 14.534444
14.854080 14.903405 15.947185 14.807732 15.654354 15.875731 16.728648 14.874600 16.141880 15.760484 15.181693 15.812855 15.627725 15.605724 15.605530 16.140993 15.667601 16.285648 15.632509 16.125532 15.470535 14.996756 16.217196 15.935849 14.489274 15.797395 15.807749 15.237392 15.343271 14.698914 15.181489 15.259046 14.905895 14.609191 15.383166 14.900207 15.951692 13.949973 15.364068 15.042626 14.772831 15.034884 15.513315 15.658769 14.615331 14.806168 15.219716 14.345585 15.413968 15.483713 14.222937 15.682283 14.769493 15.369684 14.737379 14.937816 14.434686 14.957941 14.457971 14.511009
