data/CentralBaltic/salinity0000_08.asc
NCOLS 400 
NROWS 400 
XLLCORNER 4750000.0 
YLLCORNER 3200000.0 
CELLSIZE 1000.0 
NODATA_value -9999 
[rows 0 to 27 of 400, columns 62 to 123 of 400]
-9999 -9999 -9999 -9999 -9999 -9999 -9999 -9999 -9999 -9999 -9999 -9999 -9999 -9999 -9999 -9999 -9999 -9999 -9999 -9999 -9999 -9999 -9999 -9999 -9999 -9999 -9999 -9999 -9999 -9999 -9999 -9999 -9999 -9999 -9999 -9999 -9999 -9999 -9999 -9999 -9999 -9999 -9999 -9999 -9999 -9999 -9999 -9999 -9999 -9999 -9999 -9999 -9999 -9999 -9999 -9999 -9999 -9999 -9999 -9999 -9999 -9999
-9999 -9999 -9999 -9999 -9999 -9999 -9999 -9999 -9999 -9999 -9999 -9999 -9999 -9999 -9999 -9999 -9999 -9999 -9999 -9999 -9999 -9999 -9999 -9999 -9999 -9999 -9999 -9999 -9999 -9999 -9999 -9999 -9999 -9999 -9999 -9999 -9999 -9999 -9999 -9999 -9999 -9999 -9999 -9999 -9999 -9999 -9999 -9999 -9999 -9999 -9999 -9999 -9999 -9999 -9999 -9999 -9999 -9999 -9999 -9999 -9999 -9999
-9999 -9999 -9999 -9999 -9999 -9999 -9999 -9999 -9999 -9999 -9999 -9999 -9999 -9999 -9999 -9999 -9999 -9999 -9999 -9999 -9999 -9999 -9999 -9999 -9999 -9999 -9999 -9999 -9999 -9999 -9999 -9999 -9999 -9999 -9999 -9999 -9999 -9999 -9999 -9999 -9999 -9999 -9999 -9999 -9999 -9999 -9999 -9999 -9999 -9999 -9999 -9999 -9999 -9999 -9999 -9999 -9999 -9999 -9999 -9999 -9999 -9999
-9999 -9999 -9999 -9999 -9999 -9999 -9999 -9999 -9999 -9999 -9999 -9999 -9999 -9999 -9999 -9999 -9999 -9999 -9999 -9999 -9999 -9999 -9999 -9999 -9999 -9999 -9999 -9999 -9999 -9999 -9999 -9999 -9999 -9999 -9999 -9999 -9999 -9999 -9999 -9999 -9999 -9999 -9999 -9999 -9999 -9999 -9999 -9999 -9999 -9999 -9999 -9999 -9999 -9999 -9999 -9999 -9999 -9999 -9999 -9999 -9999 -9999
-9999 -9999 -9999 -9999 -9999 -9999 -9999 -9999 -9999 -9999 -9999 -9999 -9999 -9999 -9999 -9999 -9999 -9999 -9999 -9999 -9999 -9999 -9999 -9999 -9999 -9999 -9999 -9999 -9999 -9999 -9999 -9999 -9999 -9999 -9999 -9999 -9999 -9999 -9999 -9999 -9999 -9999 -9999 -9999 -9999 -9999 -9999 -9999 -9999 -9999 -9999 -9999 -9999 -9999 -9999 -9999 -9999 -9999 -9999 -9999 -9999 -9999
-9999 -9999 -9999 -9999 -9999 -9999 -9999 -9999 -9999 -9999 -9999 -9999 -9999 -9999 -9999 -9999 -9999 -9999 -9999 -9999 -9999 -9999 -9999 -9999 -9999 -9999 -9999 -9999 -9999 -9999 -9999 -9999 -9999 -9999 -9999 -9999 -9999 -9999 -9999 -9999 -9999 -9999 -9999 -9999 -9999 -9999 -9999 -9999 -9999 -9999 -9999 -9999 -9999 -9999 -9999 -9999 -9999 -9999 -9999 -9999 -9999 -9999
-9999 -9999 -9999 -9999 -9999 -9999 -9999 -9999 -9999 -9999 -9999 -9999 -9999 -9999 -9999 -9999 -9999 -9999 -9999 -9999 -9999 -9999 -9999 -9999 -9999 -9999 -9999 -9999 -9999 -9999 -9999 -9999 -9999 -9999 -9999 -9999 -9999 -9999 -9999 -9999 -9999 -9999 -9999 -9999 -9999 -9999 -9999 -9999 -9999 -9999 -9999 -9999 -9999 -9999 -9999 -9999 -9999 -9999 -9999 -9999 -9999 -9999
-9999 -9999 -9999 -9999 -9999 -9999 -9999 -9999 -9999 -9999 -9999 -9999 -9999 -9999 -9999 -9999 -9999 -9999 -9999 -9999 -9999 -9999 -9999 -9999 -9999 -9999 -9999 -9999 -9999 -9999 -9999 -9999 -9999 -9999 -9999 -9999 -9999 -9999 -9999 -9999 -9999 -9999 -9999 -9999 -9999 -9999 -9999 -9999 -9999 -9999 -9999 -9999 -9999 -9999 -9999 -9999 -9999 -9999 -9999 -9999 -9999 -9999
14.512592 13.954555 14.311192 14.561704 14.285753 13.220284 14.078036 14.072656 14.056423 13.253729 13.367416 14.866036 14.516078 14.545011 13.547786 13.735318 13.856560 13.550157 11.900320 13.683803 13.675599 14.262860 13.462679 13.961732 13.887431 13.214808 14.156338 13.191687 13.333235 13.689176 12.936738 14.982023 13.003302 12.723139 13.191720 13.481376 13.753400 13.282254 12.678915 14.653905 13.249892 12.918114 13.684708 12.667318 12.754947 13.373743 13.427097 12.551890 13.265351 12.650359 12.808443 13.297719 12.939261 12.035936 12.350217 12.735739 13.025920 12.346698 13.180946 12.677959 13.235348 13.056142
13.080724 14.242429 14.459635 14.530628 13.370479 14.399906 13.149348 13.694448 13.424936 13.417859 14.316853 13.884145 14.225587 13.864764 14.381297 14.205436 13.942556 13.982590 13.776140 14.488399 13.564889 13.653244 14.209038 13.282181 14.191355 13.786664 13.383897 13.077523 13.744293 13.183321 13.179725 12.524954 13.266014 13.191411 13.376956 12.339710 13.725153 13.848761 13.799605 11.750246 13.566115 12.323005 11.705642 12.412922 13.540778 12.909899 13.716411 13.136312 13.836105 13.423471 13.396536 13.206166 13.138614 12.770757 13.485230 13.012389 13.383691 14.502672 12.733134 12.085649 11.908786 12.337850
14.747639 13.626796 13.728141 14.353425 13.353649 14.668316 14.447756 13.747218 13.733978 14.488741 14.712525 13.579208 13.729955 14.160060 14.016979 13.527525 13.647789 13.821808 13.128374 13.919197 13.066734 13.762398 13.370982 13.335098 14.194288 12.563717 14.131219 12.846590 13.749250 13.569472 12.966047 13.124421 13.708699 13.848689 13.267796 13.002370 14.162967 13.161097 13.212612 12.676699 13.391154 13.031141 13.482014 13.414005 12.533044 11.963337 13.904495 14.012433 13.052214 13.932619 14.103506 13.466084 13.138180 12.942119 13.560170 12.559401 12.311683 13.522433 12.422793 12.570801 13.133342 13.283053
14.453181 14.283856 14.299742 14.598719 13.948908 13.546557 14.538611 12.412059 13.896434 14.373625 14.278634 13.309883 14.287064 13.809259 14.021060 13.442593 13.449317 14.075668 13.625617 12.401692 13.607160 13.856613 13.073081 13.533042 12.526008 13.587225 13.272500 13.525020 13.457632 13.378769 13.454312 13.666845 14.598502 13.387155 13.171795 13.771764 13.326564 12.997489 13.875006 13.094620 13.379320 12.926965 12.904348 14.625117 13.326206 13.608839 12.543720 12.530851 13.243365 13.319162 13.047478 13.498736 13.040189 13.646318 12.048294 13.032972 12.020139 12.300834 12.887427 12.535495 12.350076 13.428545
14.124711 14.303551 13.195525 14.127965 14.286826 13.598996 13.407892 14.133865 14.143883 12.799987 13.420907 13.456503 13.566092 14.524806 13.231829 13.834286 14.650532 13.799915 14.131263 13.584183 13.708154 14.642742 13.519738 13.797384 14.181926 12.872319 14.484614 13.053133 13.185893 13.302928 14.052545 13.719450 12.723204 13.833737 13.092504 12.833103 12.310170 13.808310 13.602187 13.418277 14.219877 13.957997 13.166912 14.047883 12.641448 12.678142 12.651744 12.219028 13.519584 12.786306 13.258149 12.666716 12.984989 12.472655 12.575225 13.222184 13.068550 13.546759 12.638967 12.167183 12.764384 13.334835
13.220011 13.444804 13.597249 13.942027 14.809345 13.344445 13.495359 14.743754 13.849554 13.439467 13.652970 13.596333 14.598244 13.697112 13.238261 13.912494 13.886824 13.930566 13.636891 13.014113 13.622628 13.784059 14.220322 13.541677 12.983029 13.123729 12.615805 13.326441 13.030992 13.107327 13.201257 13.975183 13.766185 13.746316 13.353215 13.255916 12.725324 12.706814 13.658437 12.710406 12.668593 13.063492 12.986225 13.565862 13.784268 13.022519 13.771949 12.980477 12.762597 12.626988 12.760394 13.051297 12.944353 12.704756 13.041775 13.578542 13.201854 12.172883 12.239545 12.206977 13.010649 12.898608
12.797718 13.656765 14.065095 13.095906 13.261870 14.414284 14.381087 13.499501 14.084547 13.449256 14.081691 13.728665 13.654406 12.870084 13.723789 13.453958 13.853207 13.532347 13.342668 13.480789 12.847880 13.812201 13.120191 13.418922 13.384965 13.527159 13.199483 13.172581 13.796909 13.479239 13.377498 13.292105 13.540740 13.170274 13.413370 12.849375 13.287822 13.622683 13.305088 12.829563 13.548502 12.977034 13.222611 13.117757 13.057899 13.290149 12.583349 13.271719 13.173276 13.212763 13.192403 12.739971 12.217778 13.873362 12.997017 12.182144 12.218910 12.816049 12.620479 14.095175 12.862864 12.075021
13.490888 13.835234 13.355470 14.087149 13.795209 13.590294 13.549509 14.187551 14.522575 13.613248 14.551278 15.156735 13.992620 12.430065 13.770609 14.415027 12.568237 13.891917 13.407090 14.371783 12.926918 13.771792 13.164451 12.770441 13.228089 13.538885 13.987138 13.479428 13.037388 13.265792 13.501362 13.062568 13.720526 12.537259 12.978580 13.691683 13.560875 13.380565 12.517878 13.655776 12.629552 13.331929 13.503868 12.973014 13.027518 12.788805 12.376047 13.564947 13.592677 12.235796 13.375629 13.688717 13.321359 12.451601 12.810610 12.228624 13.399395 12.794394 12.805306 13.023633 11.905280 13.402826
14.288711 14.451716 14.522892 14.031137 13.623496 13.514023 13.656041 13.823172 14.108189 13.946444 14.238153 13.581004 13.781066 13.815430 13.136191 13.906378 12.314099 13.382640 13.701696 13.370612 13.255667 13.664062 13.475881 13.460088 14.061892 13.921018 12.961408 13.257706 14.405154 13.186906 14.379758 12.776363 14.631645 13.473815 13.534923 12.783263 12.609117 13.762676 13.388558 13.218498 12.700347 12.472014 13.780101 13.085479 13.399426 13.342393 12.942302 12.723650 12.322315 12.669346 12.682718 13.529134 12.084118 12.976297 12.975279 13.182118 13.098604 13.590720 11.971560 13.508800 13.066553 13.520972
13.429803 14.737756 13.856547 13.446504 13.910605 14.301454 12.992761 13.853242 13.711390 14.482246 13.137092 12.960015 13.400616 13.080710 14.047972 13.936872 13.391765 13.025612 13.308712 13.888280 13.835719 13.097189 13.008285 13.350519 13.405454 12.881974 13.653808 12.268633 13.564420 14.206706 13.646855 12.308902 13.492215 13.107590 13.444243 13.491048 13.245676 13.296163 12.356121 13.819035 13.121675 12.677547 13.151493 13.187017 12.392691 13.290209 13.205997 12.510692 13.719271 12.101207 12.615894 12.852846 13.329921 12.496037 12.552095 12.253788 12.784461 13.524433 12.865988 11.810222 12.659113 13.024903
13.803957 13.664141 13.906765 14.076019 13.588913 13.864464 14.650223 14.211767 14.221201 14.118959 13.431194 14.287926 13.448568 14.301516 13.762479 12.996238 12.666571 13.810075 14.394570 12.562822 12.514207 14.437472 13.358924 14.402636 13.119440 14.515169 14.250076 12.598135 13.293562 13.652092 12.747200 13.706186 13.011751 13.440288 13.474155 12.465271 13.396118 13.059897 13.064585 13.149043 13.658280 12.020109 12.183516 12.385385 14.269774 13.727697 12.474741 12.993290 13.019182 13.456753 13.159634 12.981902 13.974727 13.057843 12.783095 12.521369 12.775860 12.838692 11.852383 13.151726 13.089266 12.740177
13.654843 14.275956 13.992432 14.224409 13.962661 13.109595 13.850966 13.290371 13.663863 14.035910 14.219603 13.046366 12.974855 14.014379 12.733006 13.033244 13.783526 14.358910 14.174661 13.368869 13.474343 13.444598 13.011888 12.383246 14.506065 12.530216 13.374309 14.744863 12.986173 14.180722 13.327351 13.785565 13.339347 12.917064 13.563356 13.244358 12.926519 13.190458 12.951533 13.091548 13.350954 12.840235 12.854060 12.537041 13.007706 13.002222 13.088627 13.176675 13.175518 12.647042 12.910990 13.536804 12.596583 11.687166 12.937179 13.371946 13.216623 12.503369 12.221349 13.567701 13.105810 11.873984
13.588030 14.334944 13.554619 13.731119 14.589450 13.556783 14.110219 13.837245 13.991814 13.996927 13.560203 13.519099 12.450663 13.922429 13.525210 14.006908 14.206883 12.885439 14.135362 13.624094 13.883809 12.561504 13.214316 13.752486 13.420190 13.739484 13.195081 15.105868 13.611937 12.803137 13.531108 13.149029 13.099518 12.628617 13.314875 12.278333 13.304735 13.071100 13.157495 13.192634 12.648415 13.646576 13.402877 13.157689 13.170143 12.714426 12.618251 11.660039 12.547144 13.161923 12.503631 12.968811 12.521416 13.690759 11.834615 13.842325 13.181612 13.005798 13.045374 12.751190 12.755572 13.128518
14.028693 13.246389 14.633376 14.398229 14.187152 14.162188 13.772074 13.169220 13.748810 13.418724 13.892548 13.564067 15.080301 13.633449 13.772435 12.584748 13.043694 12.368959 13.387011 13.519046 14.161900 12.404678 13.573684 13.164222 13.185180 13.193112 12.699018 12.707475 13.066599 13.186332 13.106083 13.266551 13.498528 13.260295 12.458178 13.639343 12.873331 12.072394 13.625445 12.880619 13.305404 11.918389 12.045471 12.281035 12.760914 13.708926 12.457868 13.244185 12.625823 12.904243 13.273697 12.658798 13.692145 12.262490 13.407993 12.899720 12.707404 12.731594 12.229847 13.178194 12.656109 12.172435
13.513850 13.874146 13.767404 13.908847 13.897788 13.029775 13.651485 14.350981 14.135325 13.607064 13.425048 14.515684 12.767457 13.587345 13.604928 13.158062 13.299625 12.513391 13.402486 13.797972 13.776974 14.198949 13.524060 12.614285 13.798586 13.206728 13.500187 12.830243 12.867860 13.609196 13.642205 12.369834 13.925329 12.814742 13.555054 13.426310 13.173499 12.606657 13.158073 13.429562 13.058537 12.859578 12.803479 12.994978 13.552935 12.838245 12.758685 12.809526 12.559820 13.470318 12.513008 12.712679 13.491478 12.437195 12.727534 13.506929 13.030149 12.784616 12.196764 12.834433 13.296690 12.449276
14.802848 12.990290 13.511907 14.197208 14.120207 13.914100 14.136414 13.502234 14.220633 13.957795 13.220712 14.390962 14.310427 14.611043 13.515704 13.889799 13.414254 14.124849 13.868797 13.349662 13.849807 12.594742 13.981429 12.979651 13.335596 14.148954 14.076727 12.966192 13.341731 12.804082 13.124433 12.525871 13.104160 12.658882 14.037466 13.020048 12.907798 12.922415 13.786908 13.247960 13.172829 13.030323 12.460383 13.757120 12.376506 11.910232 12.606159 13.079628 13.252267 14.122131 12.830046 12.885889 12.617595 12.853942 12.754324 12.299765 13.133670 12.527352 12.858270 12.387664 13.060091 13.175973
13.934580 14.417734 14.184792 14.541936 14.136282 12.933994 14.169596 13.278997 13.179614 14.375221 14.580790 14.479609 13.065184 12.719427 13.413278 13.191633 13.162804 12.920338 13.546946 13.522347 13.870754 12.787384 13.111952 13.160074 13.837719 13.864656 12.373149 13.587845 13.950871 13.579088 13.684239 12.223722 11.935708 12.857059 14.500984 12.818010 13.118740 13.228319 12.685008 13.017199 12.335910 12.654147 12.345849 12.822175 12.410796 12.626482 12.330801 13.300125 13.079588 13.599540 12.639767 12.839804 13.671414 13.022096 12.646723 13.156526 12.649862 12.607162 13.015003 12.631594 12.620290 12.909284
13.859449 13.133308 13.914660 13.732695 14.145671 13.491025 13.250883 14.086248 13.959265 13.961294 13.029723 13.405768 13.685655 13.707858 13.859014 13.769981 12.278870 11.874895 13.486496 13.992796 13.562749 13.396275 13.326358 13.217747 13.291399 13.669567 13.509589 13.324249 13.576368 13.519650 13.358077 13.091455 13.327006 13.348838 12.926960 13.106860 13.061369 12.876244 13.221063 13.342772 12.584424 12.504011 13.056118 12.296767 13.160871 12.768997 13.431787 13.319572 12.902045 13.333149 12.213867 13.609550 12.671598 11.957868 12.735908 12.540856 13.046553 13.046848 11.509380 13.110826 11.984080 11.787525
13.718493 13.642744 12.922508 13.547281 14.346643 13.843179 13.198618 13.568835 13.465794 13.102449 12.923483 12.659433 14.527892 13.279237 13.763918 13.227996 12.745848 13.620539 13.553035 14.237729 13.362918 13.087566 13.730008 13.307913 12.765389 13.343074 12.996777 13.096481 12.385248 13.354235 13.654740 12.022736 14.018994 13.452905 13.053242 12.683862 13.162870 12.084993 13.353448 11.540083 13.349079 13.090106 13.775198 13.623873 12.893323 12.571287 12.093295 12.735037 12.947231 12.645182 12.534759 12.742790 12.946192 12.976914 12.307881 12.241665 12.814354 12.867518 12.283068 13.278207 13.102005 12.699864
13.760587 14.279754 13.984632 13.142763 14.414503 13.533369 13.867102 14.584192 12.800014 14.302946 13.499880 12.792343 14.142732 13.691875 12.654008 14.217720 13.760496 13.474144 13.547957 13.471631 13.459219 14.275146 12.608112 13.000712 13.745251 13.579987 12.739214 13.364320 12.413772 12.806390 12.918818 13.621689 13.279630 12.462683 13.574133 13.116797 13.684936 13.899058 13.970540 13.291389 13.079956 12.255446 12.555642 13.614835 12.847369 12.545621 13.162439 12.495899 12.785656 13.182909 12.417313 12.665645 12.468524 12.576569 12.984884 13.075049 13.197013 13.060334 13.199892 12.462075 12.575896 12.957492
