data/CentralBaltic/salinity0000_12.asc
NCOLS 400 
NROWS 400 
XLLCORNER 4750000.0 
YLLCORNER 3200000.0 
CELLSIZE 1000.0 
NODATA_value -9999 
[rows 216 to 242 of 400, columns 60 to 119 of 400]
13.932944 14.015474 12.713896 12.850200 13.456370 13.781246 12.860201 13.131074 13.411524 13.434287 14.006403 13.431360 14.315435 13.536462 13.342997 12.459623 13.269570 13.719724 12.538508 12.514670 13.228923 14.065869 12.687937 13.244185 13.094054 13.121042 12.812420 13.862345 13.208978 13.316153 12.549865 12.838888 13.183115 13.108711 12.957015 13.235213 11.705673 13.095912 12.780359 13.246706 12.825877 13.049949 13.082363 13.194735 13.580471 13.099970 12.980365 13.333253 12.514146 12.219322 12.269540 11.622000 13.259178 11.814679 13.184759 12.012618 13.272639 12.537210 13.344689 11.931619
12.646357 12.345627 13.301432 13.920329 13.632922 13.173909 14.301995 13.986669 13.641120 12.647643 13.310783 13.540633 14.181191 13.495140 13.655490 13.121097 13.370049 13.700493 13.560580 13.235024 13.200537 13.236559 12.096056 12.819198 13.844049 13.032281 12.311494 13.503435 13.655453 13.833493 12.668036 12.363599 12.990110 13.301102 12.931691 14.154383 13.228820 12.556403 13.615558 13.045596 13.126873 13.996776 13.767811 12.073516 12.479645 13.408449 14.116477 13.013044 12.684412 13.214327 12.718907 12.891526 11.401771 12.166923 13.040216 12.680607 11.528903 12.164044 11.840775 13.044646
14.566164 13.701516 13.083184 12.778522 13.104327 13.187059 15.107475 13.150123 13.385420 13.895308 12.851440 12.726061 13.982257 12.817581 13.833213 12.957246 13.673715 13.017258 12.288619 13.205971 13.047185 12.569384 12.538810 12.611448 12.971775 13.418643 13.629143 12.524854 12.747843 12.813425 12.473881 13.362881 13.114100 12.894544 12.825765 13.438793 12.870227 12.867034 13.245877 12.821014 13.898854 12.608317 12.789004 12.638697 13.773641 13.143032 13.533647 12.963677 12.016126 12.165025 12.753987 13.091391 11.694836 12.288288 12.821898 13.141590 12.058537 12.902009 12.487519 13.167062
13.525505 13.254497 13.419907 13.628506 12.943240 13.858500 13.123448 13.956923 13.495999 12.962350 12.723024 13.549003 13.224978 13.168185 12.940483 12.837489 12.695093 13.160992 12.677262 14.102142 13.196504 12.596076 13.262083 13.866503 13.091854 13.172718 13.512659 13.100869 12.884079 12.923832 12.770038 12.380575 12.317798 13.311487 13.286311 12.479435 12.902619 12.341243 12.077396 12.879696 12.757220 12.885846 13.402110 11.970831 12.613332 11.966242 12.649654 12.568474 12.388753 12.353285 12.929148 12.322301 12.266172 12.565577 12.747677 11.933011 12.180961 12.772514 12.891397 12.014596
13.641406 12.418129 13.419750 12.840499 14.120821 13.443325 13.681319 12.685469 13.572975 12.502194 13.440592 13.728401 13.315513 13.371607 13.354557 12.726271 12.252775 12.761119 13.364703 12.834135 12.953310 12.936126 12.945538 13.693286 11.982890 13.537378 12.395472 13.652279 13.002336 12.281698 13.363441 12.448974 13.149085 12.956604 13.223028 12.025673 12.585564 12.204102 13.112511 12.395061 13.441147 12.519332 13.406924 13.003114 12.504433 13.090343 12.616214 13.288308 12.995472 12.579559 12.534278 12.820784 12.914311 13.000341 13.789232 12.662581 12.692948 13.379553 12.676651 14.118191
13.849056 14.017810 12.610811 13.644890 11.464229 11.875665 13.090822 13.486829 13.190654 13.201448 13.059621 13.452974 12.511090 13.399276 13.417182 12.958067 13.039865 13.472364 12.915906 12.338219 13.911006 14.414186 12.859854 13.473604 13.158157 13.175593 12.375054 12.576693 13.785445 12.315778 13.811117 12.690292 12.893966 12.566169 12.592089 11.917220 12.256618 12.141470 13.220110 13.621270 13.313788 13.199605 12.861435 12.951089 13.073106 13.277085 12.152383 12.860403 12.225456 13.337606 12.154017 13.690182 12.924657 13.106956 13.089124 11.655768 13.072620 13.252546 12.856914 12.609850
12.566976 12.253301 13.745423 13.603546 13.217557 12.401060 12.945615 14.116002 12.946338 12.582069 12.959025 12.251372 13.248438 12.220768 12.966239 13.343080 13.198134 12.625765 12.803839 12.724947 12.728909 12.632975 13.443384 13.256726 13.335594 12.337374 12.264843 13.244167 13.583214 13.573237 12.913737 13.202512 12.577642 13.262591 13.160001 13.608640 12.075962 12.771545 13.616063 12.922719 12.562474 12.316698 12.636180 12.233224 12.560355 12.464278 12.898634 12.329206 12.647645 12.842940 11.700855 12.341651 13.012186 13.187824 12.719724 12.679396 12.251768 13.183574 13.228783 12.232241
13.568188 13.952431 12.739533 12.528129 13.599899 13.312924 12.436250 12.528902 14.065942 12.301674 13.921995 13.556941 13.804784 13.275296 12.516138 13.004167 12.124898 13.150943 12.536569 13.317610 12.710361 13.547041 12.903123 12.421563 13.028313 12.972118 13.567939 12.840366 13.013924 12.591889 13.186240 12.487049 12.140250 12.280588 12.525971 13.234647 13.038062 13.257969 13.387730 13.369908 13.147271 13.320400 13.591281 12.997410 13.909736 13.323154 11.542547 12.656029 13.221309 13.158619 13.120059 12.715371 13.345286 11.475298 12.225136 12.712046 13.056584 12.719549 11.948232 11.748715
13.134491 12.963446 12.329758 12.678613 12.657813 13.526498 12.421552 13.108932 13.445781 13.437702 13.094812 13.500224 12.643285 13.662325 13.084135 13.191224 13.282901 12.398595 13.432948 11.836102 12.157434 12.430633 13.220637 12.910755 13.648611 13.791199 12.199269 13.048800 13.030955 12.612362 12.698465 12.629206 13.170630 12.838453 13.518264 13.504472 12.675470 13.427362 12.226584 13.613699 12.174281 13.345055 13.425081 13.805825 12.354941 12.372332 11.881043 12.391716 12.083345 12.111465 11.718735 12.816386 12.256706 12.171180 12.447367 12.786046 13.102889 11.524939 12.113341 11.619589
12.825180 12.671010 13.347529 12.295655 12.624990 12.938665 13.366728 14.065841 13.372392 12.934537 12.669326 12.318810 13.271357 12.981055 13.660732 12.639088 12.704802 12.933154 12.626428 12.519551 12.819565 12.992865 12.880376 13.043462 13.009920 12.994375 13.043117 13.878104 12.929327 13.420049 12.050578 13.483931 13.605850 13.838644 12.796568 12.464844 12.290719 13.137090 12.102658 12.678538 12.988987 11.351820 12.545872 12.482465 13.288463 12.643824 13.317003 12.740864 13.093764 11.427922 12.897755 13.002288 12.779591 13.121079 11.921802 12.082640 12.338643 12.615145 12.398664 11.770962
13.468573 13.441668 12.044854 13.363544 13.178165 12.754529 13.203244 12.864328 12.805402 12.467736 13.950963 12.717545 12.490790 13.059934 13.525968 13.502147 13.112780 12.364328 13.106799 13.073351 13.046848 12.495158 12.714217 13.471828 13.173322 12.450546 12.491396 12.120048 13.390999 12.994558 13.253688 12.901029 13.029317 12.282530 12.615581 13.028304 12.602081 11.920028 12.641640 13.033919 12.534532 13.208106 13.161754 12.680067 12.432107 13.489029 13.205141 13.636455 12.444631 12.505363 13.075586 12.643764 12.712065 13.251444 13.512765 11.921143 13.154468 12.049898 12.837389 12.574500
12.983882 13.042051 12.593752 12.591314 11.720172 13.917819 13.469026 13.172234 13.456929 12.455703 13.012386 12.643977 12.329180 12.643685 12.847878 13.022882 12.869558 12.568880 12.985680 13.281943 13.010305 13.370686 13.441116 12.180493 12.475581 12.772482 12.623280 12.504387 12.237524 13.310471 13.106429 13.291401 12.609398 13.401356 12.502018 12.469485 13.090056 12.902752 13.499577 12.721124 12.990237 12.999901 13.165204 12.376203 12.274475 12.265635 12.058923 12.970615 12.945577 12.086258 12.657299 12.272445 13.301049 12.490564 13.138940 12.170107 13.309526 12.991688 12.598105 12.163312
12.964060 13.453457 12.719935 12.727742 12.808180 13.437938 13.446892 14.155850 13.562701 13.973113 13.855678 13.197902 12.939224 12.527409 12.797210 12.749983 12.752335 13.646341 13.048268 12.607198 12.722354 12.755849 12.978852 13.695678 13.347224 13.131663 13.206421 12.553322 12.212067 12.829212 12.543198 13.138699 12.975355 13.141860 13.344541 12.062887 13.248973 13.414168 13.569721 12.471088 13.078813 12.399114 13.092174 12.200545 12.921044 12.587945 12.443846 12.661388 12.894247 12.129134 14.123822 12.436264 12.203363 12.803508 11.728325 11.837312 11.886307 12.965179 12.926431 12.734775
13.334916 13.933569 13.404526 13.909108 12.794405 12.782990 14.040548 13.119525 13.584100 12.799708 12.784786 13.259583 12.884000 13.515937 12.394176 13.350284 13.156179 12.971384 13.419561 12.877240 12.675643 13.450227 13.217304 12.315526 11.764434 12.840748 12.885302 12.756368 13.936051 12.655548 12.759622 12.879946 12.937432 12.627510 12.422704 12.116889 13.370869 12.728258 13.052817 12.569018 12.688206 12.933789 12.455036 12.500577 12.043354 11.714089 12.403383 12.967925 11.727872 12.235729 12.469173 12.592257 13.028978 12.136038 12.634715 12.174930 11.919237 12.959845 12.741198 12.229659
13.196918 13.459251 12.564325 12.977660 12.982916 13.292103 13.010604 12.925529 12.387372 13.106191 12.665056 12.721170 12.731904 13.019635 12.429495 12.415455 12.826178 12.866213 12.297493 13.552701 13.042543 12.877599 12.656459 13.516256 13.577261 12.861317 13.193174 13.037211 12.650752 12.569754 12.290035 11.951981 12.461808 11.873147 12.825522 13.054783 13.067049 13.347191 12.267287 12.116358 12.316201 12.569514 12.291675 12.453199 12.704902 11.947694 12.743338 13.055206 12.147101 12.601935 11.683761 12.439706 11.894491 12.661603 12.239703 12.386863 13.142972 12.617584 12.693744 12.560852
12.862927 13.007892 12.608368 11.978263 12.715855 12.551778 13.457863 13.184074 13.182115 13.392297 13.606884 12.324297 13.238083 12.310962 12.200466 12.988159 13.543001 12.275800 13.012951 13.268500 13.437724 12.617457 12.463996 13.540744 13.110123 13.275715 12.593411 12.616400 13.420750 13.023774 11.904585 13.192838 13.131824 12.557245 12.456905 12.679689 13.307145 12.684815 12.106605 12.415564 13.604576 12.769021 12.470071 11.953078 12.293192 12.395891 12.776545 12.604351 12.635898 12.172606 12.326437 12.662560 12.896231 11.659150 12.805017 12.886863 13.010033 13.416366 12.501584 12.312099
13.149492 12.952329 12.422940 13.159288 13.736108 13.166598 13.535526 12.571045 12.030307 12.436002 13.172176 12.544349 12.498187 12.837437 13.216728 13.091241 12.698606 11.462702 12.779639 12.748480 12.672423 13.586966 12.775616 12.938801 12.488052 12.834218 13.066980 13.045711 12.411891 12.892115 12.607080 13.219627 12.676061 12.947834 13.269687 13.246654 12.932805 12.228700 12.981074 12.749297 13.254235 12.564236 11.932769 12.678476 12.180750 12.084954 13.116933 11.447676 12.937722 12.307910 12.363700 12.165025 12.670991 12.274132 12.190035 13.123318 11.914427 12.170801 12.383962 12.800497
13.261531 13.361896 13.341056 13.583184 13.016789 12.548502 13.094064 12.743438 13.481663 12.620431 13.326148 13.121291 12.509490 12.549797 12.993233 13.106148 12.275156 12.327223 12.478052 13.077688 12.372086 13.120983 12.293138 12.479783 12.928682 12.744496 12.696441 12.581835 12.412736 13.188453 12.232592 13.117581 13.101004 12.218755 12.943174 12.793524 12.210227 11.812316 12.071019 12.019564 12.172613 11.641177 12.369754 12.394649 11.978935 12.404180 12.509371 12.235130 12.178545 12.860161 12.428441 13.210656 12.236687 11.817851 11.983035 11.783204 11.970963 12.253597 12.248793 12.485652
11.960136 12.730515 13.619932 12.751268 13.466791 12.975730 13.433556 13.008964 13.369252 13.436309 11.890510 12.577956 13.911354 12.561704 12.271928 12.827515 12.435341 12.726598 12.266833 12.800596 12.617112 12.087684 12.567651 12.532126 12.668851 12.330500 12.655991 13.704200 12.342616 12.886099 12.556948 13.469160 11.757981 12.183574 13.127375 12.426167 13.083753 12.169625 12.257728 12.396905 13.097621 11.337548 12.099616 13.190202 12.902400 12.044048 12.602148 12.413135 11.957494 12.089431 12.399816 12.512698 12.321559 12.459972 12.933117 12.977642 11.759114 12.485677 12.501394 12.009268
12.202562 13.024768 12.334828 12.532729 12.009412 13.065428 12.866558 13.273787 13.642937 13.451521 13.407640 12.602832 12.685795 12.462905 12.377378 13.640251 12.758790 12.870677 13.904053 12.549740 13.856938 12.588104 12.428763 12.216715 12.907097 12.423764 13.304043 12.476914 12.628720 11.679423 12.690086 12.390829 13.452878 13.653697 11.791226 13.194669 12.142803 12.398466 13.052836 12.225433 12.643749 12.163306 12.016898 11.635737 12.592440 12.265075 13.626229 12.185400 13.824581 12.578202 12.153981 12.272510 12.628517 12.294414 12.273829 11.836506 11.839485 11.795011 12.517874 12.360141
13.185092 12.974842 11.839988 13.390166 12.227820 13.632998 13.624753 12.998782 12.651285 13.539972 13.065744 12.418031 13.033361 13.241055 12.648513 12.599150 13.170799 12.788718 12.574181 12.874930 13.414654 13.060344 11.564473 12.885566 12.889788 13.937128 12.662118 12.790911 12.440348 11.941683 12.468732 13.466587 12.646320 11.914108 12.717602 12.125487 12.627584 13.297050 12.670793 12.817649 12.608372 12.542953 12.322938 11.876641 12.289042 11.555124 12.734569 12.465850 11.131795 11.091244 11.769347 11.548568 12.961840 13.471408 11.663780 12.488684 11.881516 12.301068 13.055613 11.927002
13.135902 12.736682 12.140945 13.554011 13.076581 12.375540 12.987586 13.673151 12.296454 12.588913 13.001687 13.203059 12.886405 12.728248 12.615205 12.480667 13.352472 12.756837 12.668337 12.647614 13.141588 12.139951 12.492377 12.971246 13.616803 12.689055 13.165296 12.851725 12.406875 12.168876 12.555280 12.461512 12.441539 12.358519 12.731406 12.684975 13.222011 12.691668 12.343879 13.742374 13.224052 12.082233 11.977066 12.309400 13.563871 12.602261 12.127549 13.167109 11.728582 13.086527 11.290848 12.700349 12.969787 13.492801 12.039149 12.452066 11.523772 11.933192 12.009915 11.358847
13.269655 13.084082 12.951409 13.029343 12.521428 12.950686 12.092878 12.560670 12.195646 13.062636 13.069883 12.475570 12.389091 13.147163 12.788437 12.369516 12.623169 13.238937 12.905279 12.396228 12.601855 12.817693 12.079710 12.367417 12.410374 12.646570 11.818036 12.509284 13.016430 13.076220 12.559558 13.748756 12.522457 11.807975 12.378668 12.608742 11.801698 12.493038 13.171200 13.316290 12.644397 11.995002 12.910043 12.318373 12.637892 12.338410 12.088338 12.613132 11.818904 12.607144 11.800914 12.782673 12.213481 11.659560 13.248411 12.193869 12.228136 12.147456 11.893730 11.389066
13.582153 13.790545 12.586492 12.328599 12.648322 12.911304 13.542190 11.784251 11.954845 12.945648 12.868656 12.391090 12.636249 12.073553 12.148853 12.530990 12.524662 12.023702 11.897757 12.393654 12.377432 12.191403 12.718170 12.242884 12.736085 12.026082 12.316675 13.410384 12.384095 12.557191 13.100640 13.178923 12.964197 12.396489 12.889260 12.123740 13.246610 12.624282 12.483874 12.507942 12.135277 11.342397 12.376550 11.995305 12.164432 12.665173 12.449435 13.036720 12.990319 12.999436 12.376897 11.960295 11.977163 12.843209 12.209745 11.415286 11.982674 12.919279 12.627981 12.637257
13.443888 12.609586 13.319969 12.649476 12.838970 13.369785 13.241495 11.219867 12.931024 12.332980 12.875748 12.182526 14.586739 12.438306 13.572068 12.840614 12.743280 11.928205 12.139976 12.293979 12.954485 12.354923 13.050997 12.668880 12.032258 12.687364 12.445521 12.603891 12.435639 12.909508 13.073687 11.700231 12.917660 12.637962 12.559970 11.550434 11.769302 12.235030 12.168227 13.413387 12.322877 11.980348 12.517809 12.782287 12.667268 12.947187 11.965642 11.533537 11.695564 12.932885 12.220368 12.623955 11.830640 11.626763 12.219070 12.530908 11.875393 11.955455 11.691091 12.284325
12.568725 13.498601 13.163990 13.437230 13.115512 12.405394 12.187068 11.964909 11.633222 13.497195 12.521488 12.460949 13.290075 12.711729 12.710931 13.097020 12.703445 13.061646 12.255887 13.187372 12.412958 12.686724 12.303482 13.288467 12.597363 11.660607 12.749022 12.386993 12.394910 11.396394 12.697446 12.728517 12.771406 12.386523 11.856270 12.698520 12.417499 12.443655 12.093085 12.566167 12.076529 11.967921 12.115440 13.035262 11.816985 12.208975 12.196572 12.180826 12.192462 11.992993 12.580012 12.053048 11.581452 12.102002 11.508536 12.257590 11.229035 12.266149 11.957458 12.710248
12.836816 13.301256 13.085102 12.939936 11.468238 12.374290 12.111786 11.747472 12.928282 12.424400 11.980967 12.382067 12.119740 13.530535 12.594483 13.318018 13.059171 13.059238 12.183010 12.657222 13.011283 11.989384 12.019596 12.692916 12.282882 12.598124 12.680033 13.087551 13.003282 12.785853 12.317636 11.896130 13.081361 12.826772 12.285420 12.732749 13.165358 12.228103 12.914216 12.142774 11.538458 12.158401 13.139553 11.791396 11.929187 12.281172 11.348050 12.474278 11.686570 12.922755 13.257550 12.096927 12.368209 13.330332 12.500923 12.023360 12.074722 11.945625 12.448137 12.515015
