data/CentralBaltic/salinity0000_07.asc
NCOLS 400 
NROWS 400 
XLLCORNER 4750000.0 
YLLCORNER 3200000.0 
CELLSIZE 1000.0 
NODATA_value -9999 
[rows 308 to 335 of 400, columns 62 to 123 of 400]
9.031566 8.564726 8.543623 8.704845 8.756787 7.936509 8.801418 7.826041 8.299133 7.846966 8.797084 7.631841 7.881338 8.229128 8.003246 7.822329 7.345659 7.855238 8.661503 7.467118 8.561575 7.910859 8.621174 7.472438 9.115765 8.542208 8.310225 7.828489 8.780955 8.241294 9.432474 8.330668 8.330103 8.538068 7.721897 8.536696 7.831708 7.539181 8.320769 7.989432 7.842104 8.636402 7.706431 8.302804 7.644867 7.380624 7.841217 8.012612 8.233575 8.138976 8.135039 8.160956 9.126164 7.995429 7.876169 7.798625 7.768547 8.746907 8.327744 7.879485 8.614628 8.986519
8.494960 7.797360 8.980652 8.789863 8.016059 8.184219 8.453082 8.242855 7.797416 8.088139 8.215545 8.011497 8.769013 7.674884 8.536618 8.874753 8.652713 10.107750 8.157739 9.105541 8.562437 8.420736 7.568782 8.320879 8.445051 7.744096 9.194914 7.805064 7.488739 8.944456 8.159836 8.226408 8.325400 8.567614 8.439571 8.617349 7.800086 8.400682 8.843271 7.939173 9.108047 7.604913 7.864264 9.238456 9.012767 7.955513 8.399602 8.806673 8.821180 8.068416 8.255993 7.398823 7.328114 8.864420 8.377031 8.161824 8.265853 8.384353 7.828565 7.823577 8.908842 8.390917
8.999491 8.178931 8.927208 8.895941 7.696435 8.049685 8.624370 8.837871 9.284633 8.027424 7.809847 9.300132 8.584701 9.331479 7.533352 8.133458 7.824671 9.063291 8.436151 8.927393 7.841015 8.660020 8.645951 8.562330 8.420898 8.102659 7.734490 8.101047 7.971698 7.144018 7.958561 9.350077 8.018952 7.960594 8.831616 7.163840 9.227681 9.338260 7.863553 8.591117 7.880400 8.118655 8.436335 7.611036 7.780782 8.410833 8.129357 8.412403 8.722738 8.326046 8.259433 7.750002 8.001910 8.094064 8.516993 8.435859 8.595685 7.403810 8.626529 9.429273 6.992154 8.379486
8.162300 8.110646 8.100060 7.936828 8.176087 8.295820 8.239298 7.809997 7.325626 8.637294 8.257320 7.989688 8.373088 8.419920 8.603712 7.559703 8.576957 8.455810 8.712252 9.014737 8.780465 7.949660 8.387589 8.201912 7.942270 8.128075 7.724418 8.739028 8.004165 7.540374 8.878496 8.579478 8.175539 9.113756 8.742411 8.620317 7.979566 7.451800 7.993155 8.430646 8.134474 8.041592 8.407208 8.268906 8.376653 7.906859 7.745230 8.379583 6.952618 8.560562 8.368549 8.232516 8.062619 8.915740 8.321582 7.923067 8.617340 7.248583 8.234149 8.317376 9.021542 8.410505
7.746138 8.309732 7.893636 7.933751 8.947393 8.973089 8.861200 8.506616 8.762113 7.956371 7.874788 8.768775 8.304135 8.922085 7.508829 9.011555 7.700478 8.441417 8.449379 7.579764 8.296231 7.204504 9.100678 8.947847 7.704210 7.230826 8.264410 8.239293 7.574818 8.845933 9.141082 7.603898 8.166143 7.455260 8.621044 7.943521 8.770713 8.232364 8.176808 8.175467 7.199572 8.776235 8.232266 8.240566 8.569233 8.314447 8.371956 8.242186 7.906848 8.639266 7.420816 8.365115 7.480556 8.273107 7.611328 7.462255 8.193791 7.660700 8.399460 7.551060 8.312366 8.514485
9.240357 8.295528 8.499508 8.734310 8.210705 7.519180 7.633233 7.862573 8.700785 8.659437 8.415073 9.239151 7.881746 8.375567 8.436731 8.829082 9.159506 8.210605 7.812792 8.145086 7.949999 9.569552 7.720029 7.811156 8.255829 9.293740 8.487481 8.761575 8.642147 8.232289 7.868279 8.181787 8.403207 8.342116 7.304738 8.720001 8.346928 8.380200 8.633749 7.476414 7.759850 7.725879 8.496359 8.507285 7.798781 7.907543 7.886772 8.703169 8.627055 7.822740 7.874498 7.764046 7.813113 8.199708 8.250624 8.345952 8.084811 7.383203 8.985109 8.094388 8.181694 8.965067
9.190294 8.760803 8.819590 8.066713 7.107116 8.623432 7.980022 8.720824 8.839219 8.363702 8.424366 7.525730 8.468274 7.589221 8.188817 8.094025 8.953057 8.325500 7.311286 8.735405 7.272444 7.665048 7.872195 8.269902 8.169639 7.912090 8.226226 8.800272 8.638047 8.686885 8.180187 7.866128 8.129038 8.706370 7.368132 8.174579 8.066538 7.696993 8.397989 9.272694 7.524572 7.976317 8.922230 8.241317 7.792560 8.479497 8.323134 7.955130 8.695555 8.607747 7.412007 8.252418 7.950011 9.191879 8.625954 8.615742 8.529674 8.500087 7.680139 8.109116 7.963514 8.504667
9.648632 8.710384 8.332371 8.685126 7.454455 8.137932 7.909352 8.117060 8.562901 8.446569 7.904955 7.628181 8.214872 8.221438 7.981485 7.553804 7.919489 7.776108 7.618809 8.338051 8.481859 8.782571 7.725016 8.477475 8.198527 8.349168 7.709271 8.303466 8.250329 8.710301 7.719632 7.782605 7.711545 8.056488 7.774250 7.008145 8.385243 8.077703 8.383178 8.248697 7.603944 8.469128 7.634299 8.206236 7.999153 8.672735 7.654448 8.436287 8.034697 7.628965 7.358182 7.227299 7.648622 8.226411 7.971619 7.929782 8.438946 8.122819 7.572468 8.770096 7.672830 7.929932
8.707305 8.621439 9.169836 8.424994 7.640123 8.772175 8.721147 7.749808 7.619448 8.176379 8.420792 8.334438 8.237704 7.902691 8.269351 8.202529 7.889186 8.684500 7.510293 8.518155 7.936907 7.746886 7.386843 8.054085 8.707341 7.984249 7.650564 8.202700 7.986930 6.954099 8.263181 8.561380 7.981829 8.113061 7.590201 8.069312 8.222421 8.769132 7.165155 8.577604 8.279824 8.061167 8.333344 8.177159 7.740677 8.929704 8.848162 8.199022 8.666950 8.149147 7.886717 8.119090 7.402666 8.971561 8.669225 8.295977 7.687741 8.269978 8.753061 8.609486 7.907867 7.393996
8.760024 8.507504 9.070120 7.479965 8.339721 8.306147 7.861451 8.718040 7.642110 7.943712 8.601846 8.708766 9.001911 8.782102 8.250131 8.471744 8.775599 8.232886 8.416302 8.773143 7.755413 7.770309 8.546275 8.849688 8.044240 8.269425 8.851241 8.731314 8.374105 8.194767 8.751193 8.154872 7.834164 8.495190 7.366833 7.490968 8.457934 7.524082 8.532955 8.778330 8.070065 8.669215 7.478217 8.521662 8.325075 7.870621 7.019739 8.901028 8.484386 7.592388 7.695868 8.148650 7.334724 7.567376 7.842203 8.369612 8.327571 8.209877 8.343640 8.657681 7.823257 8.596582
7.687218 7.843836 7.784427 7.638477 8.693228 7.726106 7.975690 8.323833 7.543192 7.948903 7.672309 8.828255 8.963825 8.140473 7.895491 8.060280 8.080326 8.284119 7.665164 7.877153 7.647657 7.994411 8.145265 8.144430 7.698961 8.196036 7.961151 9.253471 8.407410 9.627899 8.149904 7.674103 8.414445 7.787259 8.596587 8.241043 8.628491 6.845449 8.319137 8.144693 7.706141 7.995944 7.713229 8.226998 7.810381 9.130240 8.410064 8.032638 8.199153 7.342142 8.888522 8.273125 8.219869 7.766668 8.318396 7.778259 8.676810 7.677063 7.793537 8.652390 7.975777 7.667845
8.623314 8.045196 8.462478 8.209481 8.159492 7.351182 8.092453 8.047270 8.936874 8.080500 8.118227 8.893616 7.920902 7.971356 8.409250 7.529278 8.459825 7.275714 8.418159 7.783788 8.136991 8.531897 8.179790 8.258503 8.535279 8.436186 7.996620 8.270697 9.070911 8.339583 7.809790 7.282500 8.605795 9.060331 6.821705 8.386585 8.462033 8.344252 8.505859 9.410092 8.024456 9.037835 7.895552 8.515533 8.116440 7.671033 7.576469 7.433199 8.129548 9.687241 6.996127 7.836297 7.648221 8.265699 7.221674 7.509986 6.513605 6.894222 8.261599 7.550111 7.845758 7.793760
9.215674 8.647810 7.968572 8.429104 8.376801 8.666765 8.955638 8.016830 8.182754 8.625331 8.306315 7.970370 8.148813 8.770657 8.430236 8.486350 9.014124 8.092566 7.811935 8.226269 8.375741 8.570144 7.960731 8.362364 7.478816 7.359820 7.709000 7.130372 8.332467 8.833377 8.862779 7.983783 7.940718 8.210464 8.592238 7.996757 8.905288 7.911529 7.929275 7.562725 7.590757 8.215876 7.946888 8.264008 7.992906 8.571597 8.517679 7.865103 7.630195 8.620978 7.787176 8.032406 8.477453 8.087007 8.102878 8.317060 8.408729 8.826872 8.045004 7.493083 7.658509 7.913013
8.522498 8.153810 7.884562 7.963395 8.062664 8.475391 8.557963 8.247631 8.285824 7.667549 8.018585 7.880354 8.703194 8.287485 7.427643 8.608626 7.843159 7.583533 8.206759 7.877390 8.013672 8.015032 7.583304 8.621175 8.643082 7.382543 8.396302 8.368721 8.007790 8.220513 7.884722 7.898017 8.463785 8.480207 8.351567 7.489436 8.233697 8.342579 7.292363 7.077022 8.809532 8.704713 6.667022 7.372043 8.071327 8.285535 8.743467 7.557462 8.115442 7.935472 8.081989 9.356029 7.852864 6.880064 8.785841 8.673996 8.495541 7.619216 8.578774 9.147019 7.630869 8.053782
7.281173 8.784399 7.509479 7.579753 7.688582 7.857661 8.487804 8.183384 7.459998 7.823832 8.542552 8.219417 8.599651 8.986088 7.819721 7.554364 8.115634 7.596331 8.497642 9.498017 7.661274 7.718961 7.484841 7.511137 8.241823 8.157866 8.631273 7.690765 8.528522 7.325060 8.147359 7.815229 8.009484 7.749198 8.582089 7.890000 8.045511 7.855417 8.328304 8.276539 8.172204 8.081212 8.306080 7.851201 8.042429 8.108572 8.188674 7.294077 8.510472 7.526744 8.586182 7.450666 7.282086 8.458779 7.231037 8.431298 8.217252 7.665008 8.349566 7.861706 8.409431 7.091851
8.258598 8.168443 7.909933 8.257835 8.669133 7.634684 7.747174 7.626507 8.409174 7.913664 8.529140 7.142209 7.854607 7.902494 8.624370 8.279912 8.439855 8.778019 7.370200 8.433945 8.154787 8.158568 7.177425 8.394815 8.231984 7.712012 8.691382 8.506069 9.288369 8.225881 8.115798 7.614748 8.105513 8.334690 7.534709 8.040369 7.833762 8.448216 7.782744 7.928220 8.895276 8.604822 7.696494 8.102138 7.685672 7.579891 7.152696 8.586811 8.088481 6.881234 8.332849 7.974681 7.927624 7.570943 7.347887 7.017715 7.701181 8.408808 8.715716 8.748288 8.314214 7.546553
8.078195 8.023917 7.412920 9.041289 8.498278 8.478356 9.536206 8.544946 8.080000 7.451277 8.751469 8.330968 7.593535 8.071051 8.657965 8.013358 8.395015 7.477982 8.260657 8.426013 8.381225 8.469735 8.079761 7.967152 7.739068 7.434834 7.622246 8.333705 8.142375 7.884202 8.084282 7.959300 8.302886 8.232243 8.019169 7.850785 7.986207 8.534903 8.536550 8.769041 8.102040 8.064381 7.382275 7.506202 6.914682 7.535055 8.322472 7.886228 9.073675 8.101642 8.085734 8.711447 7.435917 8.394084 7.247389 7.689252 7.748279 8.302957 8.051033 7.822227 8.171022 7.661898
7.888151 7.753334 8.634466 8.629650 7.697129 8.077871 7.833968 8.002772 8.511472 7.084953 8.355266 9.103594 7.972960 7.687278 8.521692 7.154468 7.742972 7.690396 7.147327 7.253227 8.389404 7.952445 7.773186 7.918117 7.413399 7.406972 8.648411 8.405673 8.773200 8.286093 7.719128 8.015709 7.989357 8.128302 7.464422 8.509107 8.064306 8.396850 8.300510 9.067034 7.609820 7.477815 8.971624 7.386863 8.295208 7.771993 8.303930 7.768760 8.422964 7.956676 7.331280 7.471959 7.503600 7.933902 7.642186 7.272681 8.297042 9.191128 7.988112 8.940696 7.651263 7.079851
8.771592 8.750376 8.723942 8.050294 8.244376 7.350827 7.792030 8.601620 7.305326 9.516571 8.478164 7.763464 7.850490 7.946944 8.544201 7.945805 7.742850 8.473997 8.546226 8.577242 9.317279 8.778826 7.483406 8.804938 7.321395 8.129473 8.148095 9.116693 9.234488 8.549390 7.306113 7.933517 8.323682 8.241140 7.937519 7.972705 8.115090 7.974743 7.963795 8.617407 7.963404 8.107396 7.855501 7.551610 8.175303 8.523810 8.573230 7.254417 7.737200 8.513384 7.837561 7.683076 7.586420 7.580279 8.256495 8.277835 8.130474 7.725178 7.702501 8.203166 7.717458 8.018794
8.226627 7.377798 7.791349 8.046451 8.364827 7.822818 8.484001 8.165159 7.615523 8.057940 8.213586 7.859871 7.329075 8.257116 7.708094 7.886597 7.916908 8.292708 8.252391 7.651485 8.711298 7.191535 7.077690 7.917016 7.785168 8.328650 8.348403 7.729505 8.500656 7.944782 8.206099 7.741765 8.181419 7.827296 7.433795 7.678375 7.555970 7.064827 8.701051 7.823894 7.793131 7.706615 7.457396 8.291399 8.405243 7.734175 6.935060 8.198766 9.118112 8.351138 8.392166 8.095946 7.614559 7.749963 7.577563 7.531494 7.895279 8.696675 7.888694 6.901517 8.145797 6.535209
8.027458 7.820841 7.530801 8.246506 8.373734 8.270419 8.093147 7.554854 8.334830 7.713759 7.601611 8.090891 7.959356 7.455306 9.044089 8.025762 7.408986 8.440687 7.866867 8.180768 8.553690 7.776274 7.567596 8.077806 7.090478 8.280387 7.917641 7.421561 8.356876 7.614266 8.241555 7.900981 8.318020 7.724310 7.845026 8.765999 8.537091 8.318176 8.368522 7.275414 8.357347 7.541656 8.050099 8.141241 8.299233 7.048159 7.601861 8.667769 7.376715 8.333957 7.817384 7.918560 8.483603 8.030928 8.521292 7.995760 7.311776 7.721786 7.670815 8.804244 7.681139 7.366759
8.368756 7.806372 9.406485 8.414015 8.386194 7.578405 8.198881 9.068367 7.683927 7.764596 7.970373 7.624392 8.221497 8.174901 7.566102 7.483027 8.240455 7.456896 8.328116 8.054245 7.638444 7.500567 7.638132 7.905582 8.582084 7.591228 8.261705 8.235540 8.186938 8.811511 8.219016 7.716825 8.612552 7.973931 7.592852 8.371501 8.661822 7.769231 7.922124 7.524765 8.291428 7.969752 8.363047 8.367471 8.608875 7.719034 7.596429 7.931881 7.959154 7.116173 8.042460 8.010433 7.835698 7.222210 7.803739 7.544736 8.526185 8.828941 7.523215 8.243747 8.176675 8.279309
8.936244 7.414602 7.865543 8.334461 7.781611 8.214146 8.016005 7.877615 9.241682 7.694788 8.190980 8.399424 9.182086 8.917068 6.986535 7.912315 8.141320 7.142723 8.780835 7.579816 7.659426 9.131589 7.606094 8.296133 8.403530 7.714082 7.911082 7.145385 7.601084 7.777101 8.588801 6.906535 8.192001 8.079055 8.338687 7.595425 6.777034 8.708881 8.543115 7.780203 8.112261 7.131603 7.976018 7.668419 8.082369 7.765072 7.751531 7.934369 8.076194 7.625619 8.634495 8.095697 7.709450 7.984899 7.600413 7.783383 6.944509 8.216336 7.724196 8.275383 7.390449 7.024488
7.953732 7.987239 7.015301 8.361357 8.309403 8.412532 7.193254 7.593710 7.841565 9.121877 9.383032 8.247671 8.350210 7.805146 7.849137 7.856915 8.180203 7.850408 7.878820 8.257423 8.625880 8.411660 7.116377 7.225688 7.505345 7.821466 7.571192 8.679832 7.771872 7.999023 7.786982 8.288396 7.270126 7.979775 7.584514 8.239898 8.778866 8.449799 8.199206 8.062548 7.552978 7.202307 7.468291 7.793444 7.757328 7.802502 8.529031 8.121711 7.897008 7.791641 7.323510 8.074274 7.699052 8.281941 7.626676 8.234466 8.108069 8.319813 7.640184 7.363600 7.556038 8.530851
7.896200 7.387177 7.322680 7.743230 7.044029 7.433538 7.168493 8.311765 7.239718 7.327750 8.711390 7.360829 7.139151 8.171530 9.680601 8.000231 8.248681 8.036449 7.662850 7.962538 8.513430 8.397573 8.053271 8.244204 8.022581 8.390468 8.270011 8.168153 7.655213 7.906472 7.542592 8.261175 7.240301 7.530878 7.711493 8.575299 8.341464 7.567758 7.497359 8.569569 7.502004 7.593907 7.863074 8.532947 7.819638 7.365402 7.890978 8.280212 7.373984 8.521118 7.216191 7.543438 7.409420 8.358063 7.124162 8.058209 7.135890 7.499265 8.345445 7.551551 7.825084 7.973628
7.771736 8.060013 8.142011 7.597187 7.989421 7.021921 7.938426 6.718827 8.229966 7.936841 8.197918 8.219041 7.252683 7.743065 8.066282 7.990809 7.643770 7.939943 7.568982 7.341035 7.760507 7.530821 7.553453 7.340803 7.685779 7.001913 7.895455 8.376168 7.805995 7.110112 8.468813 7.390157 7.865620 7.850252 7.417596 7.570689 8.905554 7.821225 8.589207 7.940042 7.505369 8.842264 7.228662 9.252403 8.127950 7.286462 7.963818 7.902842 6.568308 7.582705 7.836784 7.599539 7.405399 7.191143 7.565196 7.235098 7.572383 8.830477 7.634406 7.936178 7.875234 8.066348
7.938327 7.494254 7.908791 7.689118 7.569397 7.788060 7.469389 8.758739 8.591365 7.602092 7.952392 8.393951 7.484410 7.749030 8.006279 8.355879 7.472455 8.012369 7.594740 8.020772 7.879712 7.460024 6.765504 8.845132 8.132987 7.573879 7.483642 9.180656 7.898462 8.652916 8.165948 8.289329 7.776686 7.392641 8.034018 8.114598 7.729947 8.403558 8.196693 7.067044 7.400806 7.887961 7.762335 7.982832 7.429960 7.728562 7.758586 8.148882 7.258935 8.133026 7.509986 6.871686 7.655339 7.426534 8.764675 7.707327 8.209716 7.661700 7.939826 7.198700 9.151473 7.414099
7.913841 8.686247 7.768117 7.964113 8.180908 8.210363 7.893420 7.948549 7.921246 7.345706 8.303594 8.176698 8.324271 8.360102 8.316270 7.680267 7.616080 7.741913 8.183592 8.124590 7.486887 8.530320 7.951420 7.247803 7.424139 7.204521 7.589617 8.190296 8.372768 7.153587 8.055489 7.649102 8.016491 7.957438 7.494832 8.110330 8.203700 7.288468 8.227759 8.253233 7.646634 7.376346 8.352928 8.442026 7.034415 8.407613 7.440813 8.479456 6.709959 7.560804 7.769406 6.938817 7.479966 7.722253 7.306532 7.572730 7.463156 8.222990 7.275063 7.839740 8.434262 7.000598
