tick	day	mean_energy	std_energy	min_energy	max_energy	pct_hungry	pct_starving
48	1	10.00	1.01	6.34	13.10	48.6	0.0
96	2	10.10	1.03	6.28	13.24	45.3	0.0
144	3	10.23	1.05	6.20	14.09	39.8	0.0
192	4	10.41	1.07	6.33	14.32	35.1	0.0
240	5	10.62	1.10	6.86	14.34	29.1	0.0
288	6	10.84	1.12	7.01	14.58	22.9	0.0
336	7	11.09	1.14	7.43	15.17	17.3	0.0
384	8	11.34	1.16	7.57	15.92	11.8	0.0
432	9	11.58	1.18	7.97	16.11	7.8	0.0
480	10	11.82	1.19	8.18	16.59	5.3	0.0
528	11	12.06	1.19	8.38	16.78	3.5	0.0
576	12	12.29	1.19	8.63	17.16	2.3	0.0
624	13	12.50	1.19	9.03	17.07	1.5	0.0
672	14	12.71	1.19	9.29	17.19	0.9	0.0
720	15	12.91	1.19	9.55	17.33	0.2	0.0
768	16	13.10	1.19	9.75	17.36	0.1	0.0
816	17	13.29	1.19	9.99	17.31	0.1	0.0
864	18	13.45	1.19	10.25	17.28	0.0	0.0
912	19	13.62	1.18	10.49	17.20	0.0	0.0
960	20	13.77	1.18	10.72	17.47	0.0	0.0
1008	21	13.91	1.17	10.94	17.37	0.0	0.0
1056	22	14.05	1.16	11.15	17.39	0.0	0.0
1104	23	14.18	1.15	11.36	17.51	0.0	0.0
1152	24	14.30	1.15	11.55	17.42	0.0	0.0
1200	25	14.42	1.14	11.73	17.33	0.0	0.0
1248	26	14.53	1.14	11.91	17.84	0.0	0.0
1296	27	14.63	1.13	12.07	17.74	0.0	0.0
1344	28	14.73	1.12	12.23	17.75	0.0	0.0
1392	29	14.82	1.11	12.38	17.70	0.0	0.0
1440	30	14.90	1.10	12.53	17.75	0.0	0.0
1488	31	14.98	1.08	12.66	17.65	0.0	0.0
1536	32	15.06	1.07	12.80	17.97	0.0	0.0
1584	33	15.13	1.07	12.92	17.85	0.0	0.0
1632	34	15.20	1.06	13.04	17.88	0.0	0.0
1680	35	15.26	1.05	13.15	17.81	0.0	0.0
1728	36	15.32	1.03	13.26	17.99	0.0	0.0
1776	37	15.37	1.02	13.37	17.93	0.0	0.0
1824	38	15.42	1.01	13.47	17.86	0.0	0.0
1872	39	15.47	1.00	13.56	17.86	0.0	0.0
1920	40	15.52	0.99	13.65	17.89	0.0	0.0
1968	41	15.56	0.98	13.74	18.03	0.0	0.0
2016	42	15.60	0.97	13.82	18.02	0.0	0.0
2064	43	15.64	0.95	13.90	18.00	0.0	0.0
2112	44	15.67	0.94	13.97	17.89	0.0	0.0
2160	45	15.70	0.93	14.05	17.95	0.0	0.0
2208	46	15.73	0.92	14.11	18.02	0.0	0.0
2256	47	15.76	0.91	14.18	17.99	0.0	0.0
2304	48	15.78	0.90	14.24	17.97	0.0	0.0
2352	49	15.80	0.88	14.30	17.98	0.0	0.0
2400	50	15.83	0.87	14.36	18.00	0.0	0.0
2448	51	15.84	0.86	14.41	18.01	0.0	0.0
2496	52	15.86	0.85	14.47	18.11	0.0	0.0
2544	53	15.88	0.84	14.51	18.09	0.0	0.0
2592	54	15.90	0.83	14.56	18.07	0.0	0.0
2640	55	15.91	0.81	14.61	18.25	0.0	0.0
2688	56	15.92	0.80	14.66	18.15	0.0	0.0
2736	57	15.93	0.79	14.70	18.04	0.0	0.0
2784	58	15.94	0.78	14.73	18.11	0.0	0.0
2832	59	15.95	0.77	14.77	18.18	0.0	0.0
2880	60	15.95	0.75	14.80	18.30	0.0	0.0
2928	61	15.96	0.74	14.84	18.29	0.0	0.0
2976	62	16.01	0.71	14.92	18.27	0.0	0.0
3024	63	16.05	0.69	14.98	18.38	0.0	0.0
3072	64	16.10	0.66	15.00	18.25	0.0	0.0
3120	65	16.14	0.63	15.03	18.29	0.0	0.0
3168	66	16.18	0.61	15.05	18.55	0.0	0.0
3216	67	16.22	0.60	15.13	18.60	0.0	0.0
3264	68	16.25	0.59	15.17	18.72	0.0	0.0
3312	69	16.28	0.58	15.06	18.57	0.0	0.0
3360	70	16.31	0.57	14.95	18.51	0.0	0.0
3408	71	16.33	0.56	14.85	18.37	0.0	0.0
3456	72	16.35	0.56	14.76	18.32	0.0	0.0
3504	73	16.37	0.55	14.71	18.33	0.0	0.0
3552	74	16.39	0.55	14.66	18.30	0.0	0.0
3600	75	16.42	0.55	14.62	18.22	0.0	0.0
3648	76	16.43	0.55	14.57	18.35	0.0	0.0
3696	77	16.45	0.55	14.53	18.22	0.0	0.0
3744	78	16.46	0.56	14.48	18.16	0.0	0.0
3792	79	16.48	0.56	14.48	18.35	0.0	0.0
3840	80	16.49	0.57	14.52	18.23	0.0	0.0
3888	81	16.49	0.57	14.54	18.20	0.0	0.0
3936	82	16.50	0.57	14.46	18.18	0.0	0.0
3984	83	16.51	0.57	14.47	18.19	0.0	0.0
4032	84	16.52	0.58	14.52	18.17	0.0	0.0
4080	85	16.53	0.58	14.57	18.24	0.0	0.0
4128	86	16.53	0.59	14.61	18.23	0.0	0.0
4176	87	16.54	0.59	14.97	18.29	0.0	0.0
4224	88	16.55	0.59	15.03	18.32	0.0	0.0
4272	89	16.55	0.60	15.05	18.28	0.0	0.0
4320	90	16.55	0.60	15.07	18.24	0.0	0.0
4368	91	16.52	0.60	14.96	18.33	0.0	0.0
4416	92	16.50	0.62	14.79	18.22	0.0	0.0
4464	93	16.47	0.62	14.62	18.30	0.0	0.0
4512	94	16.44	0.63	14.46	18.36	0.0	0.0
4560	95	16.41	0.64	14.35	18.29	0.0	0.0
4608	96	16.38	0.64	14.28	18.23	0.0	0.0
4656	97	16.36	0.65	14.20	18.18	0.0	0.0
4704	98	16.33	0.66	14.10	18.16	0.0	0.0
4752	99	16.30	0.67	14.05	18.32	0.0	0.0
4800	100	16.28	0.68	14.08	18.19	0.0	0.0
4848	101	16.25	0.68	14.11	18.25	0.0	0.0
4896	102	16.22	0.69	14.15	18.28	0.0	0.0
4944	103	16.19	0.69	14.10	18.34	0.0	0.0
4992	104	16.17	0.70	13.97	18.17	0.0	0.0
5040	105	16.14	0.71	13.82	18.32	0.0	0.0
5088	106	16.12	0.72	13.71	18.22	0.0	0.0
5136	107	16.10	0.73	13.60	18.25	0.0	0.0
5184	108	16.08	0.74	13.50	18.21	0.0	0.0
5232	109	16.06	0.75	13.39	18.15	0.0	0.0
5280	110	16.04	0.76	13.30	18.03	0.0	0.0
5328	111	16.02	0.77	13.22	18.13	0.0	0.0
5376	112	16.00	0.78	13.10	18.15	0.0	0.0
5424	113	15.98	0.78	13.03	18.16	0.0	0.0
5472	114	15.96	0.79	12.98	18.13	0.0	0.0
5520	115	15.95	0.80	12.92	18.08	0.0	0.0
5568	116	15.93	0.81	12.90	17.95	0.0	0.0
5616	117	15.92	0.82	12.90	18.27	0.0	0.0
5664	118	15.91	0.82	12.97	18.18	0.0	0.0
5712	119	15.89	0.83	13.07	18.03	0.0	0.0
5760	120	15.88	0.83	12.99	17.95	0.0	0.0
5808	121	15.83	0.84	12.88	18.09	0.0	0.0
5856	122	15.79	0.84	12.78	18.11	0.0	0.0
5904	123	15.75	0.85	12.68	17.93	0.0	0.0
5952	124	15.72	0.86	12.60	18.08	0.0	0.0
6000	125	15.68	0.87	12.50	17.99	0.0	0.0
6048	126	15.65	0.88	12.39	17.92	0.0	0.0
6096	127	15.62	0.89	12.28	17.90	0.0	0.0
6144	128	15.58	0.90	12.18	17.91	0.0	0.0
6192	129	15.54	0.91	12.07	17.95	0.0	0.0
6240	130	15.51	0.92	11.99	17.78	0.0	0.0
6288	131	15.49	0.94	11.95	17.96	0.0	0.0
6336	132	15.46	0.95	11.83	17.89	0.0	0.0
6384	133	15.43	0.96	11.63	17.88	0.0	0.0
6432	134	15.40	0.97	11.44	17.92	0.0	0.0
6480	135	15.37	0.98	11.24	17.85	0.0	0.0
6528	136	15.34	0.99	11.05	18.08	0.0	0.0
6576	137	15.31	1.00	10.85	18.10	0.0	0.0
6624	138	15.29	1.02	10.66	18.12	0.0	0.0
6672	139	15.27	1.03	10.44	17.94	0.0	0.0
6720	140	15.24	1.04	10.15	17.89	0.0	0.0
6768	141	15.23	1.05	9.89	17.96	0.1	0.0
6816	142	15.21	1.06	9.65	17.88	0.1	0.0
6864	143	15.19	1.07	9.38	17.86	0.2	0.0
6912	144	15.17	1.09	9.11	17.92	0.3	0.0
6960	145	15.15	1.10	8.84	18.01	0.3	0.0
7008	146	15.14	1.11	8.72	18.21	0.3	0.0
7056	147	15.12	1.12	8.72	18.02	0.3	0.0
7104	148	15.11	1.14	8.68	17.93	0.3	0.0
7152	149	15.10	1.15	8.48	17.78	0.3	0.0
7200	150	15.09	1.16	8.28	17.93	0.4	0.0
7248	151	15.08	1.17	8.08	17.75	0.4	0.0
7296	152	15.08	1.18	7.89	18.01	0.4	0.0
7344	153	15.07	1.18	7.73	17.83	0.5	0.0
7392	154	15.06	1.19	7.57	17.87	0.6	0.0
7440	155	15.05	1.20	7.41	17.91	0.6	0.0
7488	156	15.05	1.20	7.25	17.76	0.6	0.0
7536	157	15.04	1.21	7.09	17.74	0.6	0.0
7584	158	15.03	1.21	6.93	17.63	0.6	0.0
7632	159	15.03	1.22	6.77	17.67	0.5	0.0
7680	160	15.02	1.22	6.61	17.61	0.5	0.0
7728	161	15.02	1.23	6.49	17.82	0.5	0.0
7776	162	15.02	1.23	6.37	17.96	0.5	0.0
7824	163	15.02	1.23	6.24	17.78	0.5	0.0
7872	164	15.01	1.23	6.12	17.66	0.4	0.0
7920	165	15.01	1.23	6.00	17.67	0.4	0.0
7968	166	15.02	1.23	5.88	17.78	0.4	0.0
8016	167	15.02	1.22	5.75	17.91	0.4	0.0
8064	168	15.03	1.22	5.63	17.73	0.4	0.0
8112	169	15.03	1.21	5.51	17.77	0.3	0.0
8160	170	15.04	1.21	5.39	17.80	0.3	0.0
8208	171	15.04	1.20	5.26	17.63	0.3	0.0
8256	172	15.05	1.20	5.14	17.63	0.3	0.0
8304	173	15.05	1.19	5.01	17.73	0.3	0.0
8352	174	15.05	1.18	4.89	17.76	0.3	0.1
8400	175	15.06	1.18	4.76	17.79	0.3	0.1
8448	176	15.06	1.17	4.64	17.91	0.3	0.1
8496	177	15.06	1.17	4.52	17.74	0.2	0.1
8544	178	15.07	1.17	4.40	17.98	0.2	0.1
8592	179	15.07	1.17	4.33	17.80	0.3	0.1
8640	180	15.08	1.17	4.28	17.66	0.4	0.1
8688	181	15.09	1.17	4.24	17.73	0.4	0.1
8736	182	15.09	1.17	4.19	18.08	0.4	0.1
8784	183	15.10	1.17	4.15	18.00	0.4	0.1
8832	184	15.10	1.17	4.10	18.08	0.4	0.1
8880	185	15.10	1.18	4.23	17.89	0.4	0.1
8928	186	15.10	1.19	4.38	17.74	0.4	0.1
8976	187	15.10	1.20	4.57	17.83	0.5	0.1
9024	188	15.10	1.20	4.99	17.79	0.5	0.1
9072	189	15.09	1.21	5.17	17.77	0.5	0.0
9120	190	15.09	1.22	5.38	17.95	0.5	0.0
9168	191	15.08	1.22	6.06	17.87	0.5	0.0
9216	192	15.09	1.23	5.87	17.78	0.6	0.0
9264	193	15.09	1.24	5.67	17.81	0.6	0.0
9312	194	15.08	1.25	5.47	17.70	0.6	0.0
9360	195	15.08	1.26	5.26	17.63	0.6	0.0
9408	196	15.07	1.27	5.04	17.67	0.5	0.0
9456	197	15.07	1.28	4.82	17.94	0.5	0.1
9504	198	15.06	1.29	4.62	17.76	0.5	0.1
9552	199	15.06	1.29	4.41	17.95	0.6	0.1
9600	200	15.06	1.30	4.19	17.86	0.6	0.1
9648	201	15.06	1.31	3.98	17.82	0.5	0.1
9696	202	15.06	1.32	3.77	18.16	0.5	0.1
9744	203	15.06	1.32	3.55	17.97	0.5	0.1
9792	204	15.06	1.33	3.32	18.05	0.6	0.1
9840	205	15.05	1.34	3.10	18.01	0.6	0.1
9888	206	15.05	1.34	2.89	18.06	0.6	0.1
9936	207	15.04	1.35	2.68	18.09	0.6	0.1
9984	208	15.04	1.35	2.48	18.03	0.6	0.1
10032	209	15.04	1.36	2.27	17.85	0.6	0.1
10080	210	15.03	1.36	2.05	17.72	0.6	0.1
10128	211	15.03	1.37	1.84	17.64	0.6	0.1
10176	212	15.03	1.37	1.63	17.91	0.6	0.1
10224	213	15.02	1.38	1.42	17.98	0.7	0.1
10272	214	15.02	1.38	1.21	17.80	0.9	0.1
10320	215	15.02	1.38	0.99	17.76	0.9	0.1
10368	216	15.01	1.39	0.85	17.76	0.9	0.1
10416	217	15.01	1.39	1.03	17.88	1.0	0.1
10464	218	15.01	1.40	1.66	17.83	0.9	0.1
10512	219	15.01	1.40	1.75	17.91	0.9	0.1
10560	220	15.01	1.40	1.56	17.74	0.8	0.1
10608	221	15.01	1.40	1.37	17.72	0.8	0.1
10656	222	15.01	1.39	1.18	17.75	0.7	0.1
10704	223	15.01	1.38	1.02	17.87	0.8	0.1
10752	224	15.00	1.38	0.86	17.81	0.8	0.2
10800	225	15.00	1.38	0.71	17.97	0.8	0.2
10848	226	15.00	1.38	0.63	17.88	0.8	0.1
10896	227	15.00	1.39	0.64	17.75	0.8	0.1
10944	228	15.00	1.38	0.65	17.89	0.8	0.1
10992	229	14.99	1.38	0.81	17.72	0.8	0.1
11040	230	15.00	1.38	1.00	17.74	0.8	0.1
11088	231	15.00	1.38	1.19	17.71	0.9	0.1
11136	232	15.00	1.38	1.85	17.91	0.9	0.1
11184	233	15.00	1.38	2.21	17.85	0.8	0.1
11232	234	15.00	1.38	2.70	17.82	0.9	0.1
11280	235	15.00	1.37	3.08	17.77	0.9	0.1
11328	236	15.00	1.38	3.28	17.60	0.9	0.1
11376	237	15.00	1.38	3.45	17.71	0.9	0.1
11424	238	15.01	1.38	4.03	17.66	0.9	0.1
11472	239	15.00	1.38	4.22	17.67	0.9	0.1
11520	240	15.01	1.38	4.62	17.71	0.9	0.1
11568	241	15.01	1.38	4.41	17.61	0.8	0.1
11616	242	15.02	1.38	4.20	17.95	0.9	0.1
11664	243	15.04	1.38	4.00	18.27	0.9	0.1
11712	244	15.05	1.38	3.79	18.08	0.9	0.1
11760	245	15.07	1.38	3.57	18.11	0.9	0.1
11808	246	15.08	1.39	3.37	17.95	1.0	0.1
11856	247	15.10	1.40	3.16	17.90	1.0	0.2
11904	248	15.11	1.40	2.94	17.73	1.0	0.2
11952	249	15.12	1.41	2.69	17.77	1.0	0.2
12000	250	15.13	1.41	2.42	17.96	1.0	0.2
12048	251	15.14	1.42	2.16	17.86	1.0	0.2
12096	252	15.14	1.43	1.89	17.72	0.9	0.2
12144	253	15.15	1.44	1.61	17.75	0.9	0.2
12192	254	15.16	1.45	1.33	17.87	0.9	0.2
12240	255	15.17	1.45	1.04	17.99	0.9	0.2
12288	256	15.19	1.45	0.75	18.00	0.9	0.2
12336	257	15.20	1.46	0.46	17.84	0.9	0.2
12384	258	15.21	1.47	0.17	17.82	0.8	0.2
12432	259	15.21	1.47	0.00	17.72	0.8	0.2
12480	260	15.21	1.48	0.00	17.76	0.8	0.2
12528	261	15.22	1.48	0.00	17.80	0.8	0.3
12576	262	15.22	1.49	0.00	17.68	0.8	0.3
12624	263	15.23	1.49	0.00	17.67	0.8	0.3
12672	264	15.23	1.48	0.00	17.84	0.9	0.3
12720	265	15.24	1.49	0.00	17.80	0.8	0.3
12768	266	15.24	1.49	0.12	17.74	0.8	0.4
12816	267	15.24	1.49	0.30	17.84	0.8	0.4
12864	268	15.24	1.48	0.50	17.82	0.8	0.3
12912	269	15.25	1.48	0.37	17.69	0.9	0.3
12960	270	15.25	1.48	0.19	17.73	0.9	0.3
13008	271	15.28	1.48	0.03	17.74	0.9	0.4
13056	272	15.31	1.48	0.00	17.80	0.9	0.4
13104	273	15.35	1.47	0.02	17.98	0.9	0.4
13152	274	15.40	1.45	0.23	17.96	0.9	0.4
13200	275	15.43	1.44	0.45	18.06	0.8	0.4
13248	276	15.47	1.42	0.67	17.99	0.8	0.4
13296	277	15.51	1.41	0.82	17.94	0.8	0.4
13344	278	15.55	1.41	1.04	17.95	0.8	0.4
13392	279	15.59	1.39	1.79	17.87	0.8	0.4
13440	280	15.62	1.38	1.97	17.96	0.7	0.4
13488	281	15.65	1.37	1.80	17.92	0.7	0.4
13536	282	15.68	1.35	1.60	18.01	0.7	0.4
13584	283	15.71	1.34	1.43	18.07	0.7	0.4
13632	284	15.74	1.33	1.30	17.95	0.6	0.3
13680	285	15.76	1.32	1.23	17.97	0.6	0.3
13728	286	15.78	1.31	1.17	18.10	0.7	0.3
13776	287	15.81	1.31	1.03	17.95	0.7	0.3
13824	288	15.83	1.30	0.87	17.94	0.6	0.3
13872	289	15.84	1.29	0.71	18.13	0.6	0.2
13920	290	15.86	1.28	0.53	18.08	0.6	0.2
13968	291	15.87	1.26	0.34	18.01	0.6	0.2
14016	292	15.89	1.25	0.22	18.11	0.5	0.2
14064	293	15.90	1.24	0.13	18.12	0.5	0.2
14112	294	15.91	1.23	0.08	18.18	0.5	0.2
14160	295	15.91	1.21	0.00	18.02	0.5	0.2
14208	296	15.93	1.20	0.00	18.08	0.5	0.2
14256	297	15.93	1.19	0.00	17.93	0.4	0.2
14304	298	15.94	1.19	0.00	17.93	0.4	0.2
14352	299	15.94	1.18	0.00	18.00	0.4	0.1
14400	300	15.94	1.18	0.09	17.92	0.4	0.1
14448	301	15.98	1.17	0.75	17.87	0.3	0.1
14496	302	16.02	1.15	0.89	18.12	0.3	0.1
14544	303	16.06	1.14	1.07	18.29	0.3	0.1
14592	304	16.09	1.12	1.04	18.16	0.3	0.1
14640	305	16.13	1.11	0.97	18.12	0.3	0.1
14688	306	16.17	1.10	0.88	18.14	0.3	0.1
14736	307	16.21	1.08	0.80	18.08	0.3	0.1
14784	308	16.24	1.07	0.75	18.24	0.3	0.1
14832	309	16.28	1.05	0.67	18.18	0.3	0.1
14880	310	16.31	1.04	0.58	18.10	0.3	0.1
14928	311	16.33	1.02	0.48	18.15	0.3	0.1
14976	312	16.36	1.01	0.37	18.20	0.2	0.1
15024	313	16.38	1.00	0.30	18.10	0.2	0.1
15072	314	16.41	0.98	0.23	18.19	0.2	0.1
15120	315	16.43	0.98	0.17	18.20	0.2	0.1
15168	316	16.45	0.97	0.10	18.18	0.2	0.1
15216	317	16.46	0.96	0.04	18.10	0.2	0.1
15264	318	16.47	0.95	0.00	18.13	0.2	0.1
15312	319	16.49	0.95	0.00	18.19	0.2	0.1
15360	320	16.50	0.94	0.00	18.18	0.1	0.1
15408	321	16.51	0.93	0.14	18.20	0.1	0.1
15456	322	16.52	0.93	0.36	18.27	0.1	0.1
15504	323	16.53	0.92	1.18	18.23	0.1	0.1
15552	324	16.54	0.91	2.40	18.29	0.1	0.1
15600	325	16.54	0.90	2.64	18.29	0.1	0.1
15648	326	16.54	0.90	2.89	18.29	0.1	0.1
15696	327	16.54	0.89	3.15	18.16	0.1	0.1
15744	328	16.55	0.89	3.39	18.23	0.1	0.1
15792	329	16.55	0.89	3.64	18.18	0.2	0.1
15840	330	16.55	0.88	3.90	18.23	0.1	0.1
15888	331	16.55	0.88	4.48	18.24	0.1	0.1
15936	332	16.54	0.87	4.73	18.30	0.1	0.1
15984	333	16.53	0.86	5.38	18.32	0.1	0.0
16032	334	16.51	0.86	5.64	18.19	0.1	0.0
16080	335	16.49	0.85	6.17	18.25	0.1	0.0
16128	336	16.47	0.85	6.58	18.20	0.1	0.0
16176	337	16.45	0.84	6.90	18.40	0.1	0.0
16224	338	16.43	0.84	7.10	18.34	0.2	0.0
16272	339	16.41	0.83	7.40	18.30	0.2	0.0
16320	340	16.38	0.82	7.83	18.26	0.2	0.0
16368	341	16.36	0.82	8.31	18.25	0.2	0.0
16416	342	16.33	0.82	8.62	18.25	0.2	0.0
16464	343	16.30	0.81	8.54	18.23	0.2	0.0
16512	344	16.27	0.81	8.41	18.35	0.2	0.0
16560	345	16.25	0.81	8.28	18.27	0.2	0.0
16608	346	16.22	0.81	8.14	18.35	0.1	0.0
16656	347	16.19	0.81	7.99	18.58	0.1	0.0
16704	348	16.16	0.82	7.84	18.65	0.1	0.0
16752	349	16.14	0.82	7.70	18.56	0.1	0.0
16800	350	16.11	0.82	7.65	18.47	0.1	0.0
16848	351	16.09	0.83	7.86	18.56	0.1	0.0
16896	352	16.06	0.83	8.08	18.41	0.1	0.0
16944	353	16.04	0.83	7.94	18.32	0.1	0.0
16992	354	16.02	0.83	7.80	18.19	0.1	0.0
17040	355	16.00	0.84	7.67	18.27	0.1	0.0
17088	356	15.98	0.84	7.53	18.43	0.1	0.0
17136	357	15.96	0.85	7.39	18.46	0.1	0.0
17184	358	15.94	0.85	7.25	18.32	0.1	0.0
17232	359	15.92	0.87	7.12	18.35	0.1	0.0
17280	360	15.90	0.87	7.01	18.30	0.1	0.0
17328	361	15.88	0.88	6.89	18.41	0.1	0.0
17376	362	15.86	0.89	6.75	18.39	0.1	0.0
17424	363	15.84	0.91	6.61	18.26	0.2	0.0
17472	364	15.83	0.91	6.46	18.76	0.2	0.0
17520	365	15.82	0.91	6.30	18.79	0.1	0.0
17568	366	15.80	0.92	6.15	18.74	0.1	0.0
17616	367	15.79	0.92	5.99	18.59	0.1	0.0
17664	368	15.78	0.93	5.84	18.44	0.1	0.0
17712	369	15.77	0.94	5.68	18.31	0.1	0.0
17760	370	15.76	0.94	5.52	18.40	0.1	0.0
17808	371	15.75	0.96	5.37	18.26	0.1	0.0
17856	372	15.74	0.96	5.22	18.18	0.1	0.0
17904	373	15.74	0.97	5.06	18.06	0.1	0.0
17952	374	15.73	0.98	4.91	18.07	0.2	0.1
18000	375	15.72	0.99	4.75	18.12	0.2	0.1
18048	376	15.72	1.00	4.60	18.08	0.1	0.1
18096	377	15.72	1.00	4.44	18.00	0.1	0.1
18144	378	15.72	1.01	4.28	18.20	0.1	0.1
18192	379	15.72	1.01	4.13	18.08	0.2	0.1
18240	380	15.72	1.01	3.97	18.09	0.2	0.1
18288	381	15.72	1.01	3.80	18.01	0.2	0.1
18336	382	15.72	1.01	3.65	18.00	0.2	0.1
18384	383	15.72	1.01	3.84	18.06	0.1	0.1
18432	384	15.72	1.00	4.10	18.28	0.2	0.1
18480	385	15.73	1.00	4.35	18.26	0.2	0.1
18528	386	15.73	0.99	4.72	18.14	0.2	0.1
18576	387	15.74	0.99	4.97	18.35	0.2	0.1
18624	388	15.75	0.98	5.55	18.52	0.2	0.0
18672	389	15.76	0.98	5.97	18.38	0.2	0.0
18720	390	15.76	0.98	6.06	18.47	0.2	0.0
18768	391	15.77	0.97	5.92	18.45	0.2	0.0
18816	392	15.78	0.97	5.77	18.44	0.2	0.0
18864	393	15.78	0.97	5.62	18.45	0.2	0.0
18912	394	15.78	0.97	5.48	18.60	0.2	0.0
18960	395	15.79	0.97	5.34	18.45	0.2	0.0
19008	396	15.79	0.97	5.20	18.31	0.2	0.0
19056	397	15.80	0.97	5.04	18.31	0.2	0.0
19104	398	15.80	0.98	4.88	18.28	0.2	0.1
19152	399	15.81	0.97	4.73	18.15	0.2	0.1
19200	400	15.81	0.97	4.57	18.24	0.2	0.1
19248	401	15.82	0.97	4.43	18.11	0.2	0.1
19296	402	15.82	0.97	4.29	18.09	0.2	0.1
19344	403	15.83	0.97	4.15	18.11	0.2	0.1
19392	404	15.84	0.96	4.02	18.07	0.2	0.1
19440	405	15.84	0.96	3.87	18.08	0.2	0.1
19488	406	15.85	0.95	3.71	17.96	0.2	0.1
19536	407	15.85	0.95	3.56	18.07	0.1	0.1
19584	408	15.86	0.95	3.40	18.08	0.2	0.1
19632	409	15.86	0.95	3.23	18.04	0.2	0.1
19680	410	15.86	0.95	3.06	17.92	0.2	0.1
19728	411	15.87	0.95	2.90	17.94	0.2	0.1
19776	412	15.87	0.96	2.73	18.12	0.2	0.1
19824	413	15.88	0.96	2.57	18.03	0.2	0.1
19872	414	15.88	0.96	2.40	17.99	0.2	0.1
19920	415	15.88	0.95	2.24	17.92	0.2	0.1
19968	416	15.89	0.95	2.08	18.10	0.2	0.1
20016	417	15.89	0.96	1.94	18.04	0.2	0.1
20064	418	15.90	0.95	1.80	18.08	0.2	0.1
20112	419	15.90	0.95	1.66	18.11	0.2	0.1
20160	420	15.91	0.95	1.55	18.13	0.2	0.1
20208	421	15.91	0.95	1.45	18.10	0.2	0.1
20256	422	15.95	0.94	1.35	18.29	0.2	0.1
20304	423	15.98	0.94	1.22	18.29	0.2	0.1
20352	424	16.01	0.94	1.09	18.40	0.2	0.1
20400	425	16.04	0.94	0.97	18.26	0.2	0.1
20448	426	16.07	0.94	0.84	18.40	0.2	0.1
20496	427	16.10	0.93	0.70	18.26	0.2	0.1
20544	428	16.13	0.94	0.58	18.27	0.2	0.1
20592	429	16.15	0.94	0.57	18.43	0.2	0.1
20640	430	16.17	0.94	0.83	18.47	0.2	0.1
20688	431	16.20	0.94	1.08	18.33	0.2	0.1
20736	432	16.22	0.94	1.41	18.20	0.2	0.1
20784	433	16.24	0.94	1.62	18.24	0.2	0.1
20832	434	16.26	0.94	2.10	18.26	0.2	0.1
20880	435	16.28	0.93	2.17	18.13	0.2	0.1
20928	436	16.30	0.93	2.11	18.22	0.2	0.1
20976	437	16.32	0.93	2.04	18.30	0.2	0.1
21024	438	16.33	0.93	2.00	18.19	0.2	0.1
21072	439	16.35	0.93	1.94	18.44	0.2	0.1
21120	440	16.36	0.93	1.87	18.50	0.2	0.1
21168	441	16.37	0.93	1.80	18.46	0.3	0.1
21216	442	16.39	0.93	1.75	18.32	0.3	0.1
21264	443	16.40	0.92	1.69	18.28	0.3	0.1
21312	444	16.40	0.92	1.61	18.31	0.3	0.1
21360	445	16.41	0.92	1.54	18.24	0.3	0.1
21408	446	16.42	0.92	1.46	18.44	0.3	0.1
21456	447	16.43	0.92	1.37	18.30	0.3	0.1
21504	448	16.44	0.92	1.32	18.20	0.3	0.1
21552	449	16.44	0.91	1.28	18.24	0.3	0.1
21600	450	16.45	0.91	1.24	18.30	0.3	0.1
21648	451	16.42	0.90	1.19	18.18	0.3	0.1
21696	452	16.40	0.90	1.10	18.32	0.3	0.1
21744	453	16.37	0.90	1.03	18.26	0.3	0.1
21792	454	16.35	0.90	0.94	18.42	0.3	0.1
21840	455	16.32	0.89	0.85	18.25	0.3	0.1
21888	456	16.30	0.89	0.75	18.37	0.3	0.1
21936	457	16.27	0.90	0.63	18.20	0.3	0.1
21984	458	16.25	0.90	0.51	18.20	0.3	0.1
22032	459	16.22	0.90	0.37	18.24	0.3	0.1
22080	460	16.20	0.91	0.22	18.08	0.4	0.1
22128	461	16.17	0.92	0.06	18.13	0.4	0.1
22176	462	16.15	0.92	0.00	18.13	0.4	0.1
22224	463	16.12	0.93	0.00	18.22	0.3	0.1
22272	464	16.10	0.94	0.00	18.24	0.3	0.1
22320	465	16.07	0.95	0.00	18.35	0.3	0.1
22368	466	16.05	0.96	0.29	18.57	0.3	0.1
22416	467	16.03	0.96	1.40	18.45	0.3	0.1
22464	468	16.01	0.96	1.63	18.35	0.3	0.1
22512	469	15.99	0.97	1.85	18.28	0.3	0.1
22560	470	15.97	0.98	2.08	18.27	0.3	0.1
22608	471	15.95	0.98	2.53	18.28	0.3	0.1
22656	472	15.94	0.99	2.76	18.31	0.3	0.1
22704	473	15.92	1.00	2.99	18.16	0.3	0.1
22752	474	15.90	1.00	3.21	18.16	0.3	0.1
22800	475	15.89	1.00	3.73	18.05	0.3	0.1
22848	476	15.88	1.01	3.92	18.23	0.3	0.1
22896	477	15.87	1.02	3.77	18.07	0.3	0.1
22944	478	15.85	1.02	3.62	18.26	0.3	0.1
22992	479	15.84	1.03	3.47	18.26	0.3	0.1
23040	480	15.83	1.03	3.32	18.25	0.3	0.1
23088	481	15.79	1.03	3.13	18.16	0.2	0.1
23136	482	15.75	1.03	2.93	18.12	0.2	0.1
23184	483	15.71	1.04	2.75	18.13	0.3	0.1
23232	484	15.67	1.04	2.66	18.04	0.3	0.1
23280	485	15.64	1.04	2.73	17.90	0.3	0.1
23328	486	15.60	1.05	2.88	17.88	0.3	0.1
23376	487	15.56	1.06	3.16	18.13	0.5	0.1
23424	488	15.53	1.06	3.53	18.06	0.5	0.1
23472	489	15.49	1.07	3.72	17.93	0.5	0.1
23520	490	15.46	1.07	4.10	17.98	0.5	0.1
23568	491	15.42	1.08	3.91	17.91	0.5	0.1
23616	492	15.39	1.09	3.68	17.87	0.5	0.1
23664	493	15.36	1.10	3.46	17.75	0.5	0.1
23712	494	15.33	1.11	3.24	18.01	0.6	0.1
23760	495	15.30	1.12	3.03	18.01	0.6	0.1
23808	496	15.28	1.14	2.81	17.91	0.5	0.1
23856	497	15.25	1.15	2.60	17.75	0.5	0.1
23904	498	15.22	1.17	2.40	17.71	0.5	0.1
23952	499	15.20	1.19	2.18	17.76	0.5	0.1
24000	500	15.18	1.21	1.96	17.81	0.5	0.1
24048	501	15.15	1.23	1.74	17.89	0.5	0.1
24096	502	15.13	1.25	1.52	17.85	0.5	0.1
24144	503	15.11	1.26	1.29	17.79	0.6	0.1
24192	504	15.09	1.28	1.07	17.82	0.6	0.1
24240	505	15.07	1.29	0.85	17.76	0.6	0.1
24288	506	15.06	1.31	0.62	17.67	0.6	0.2
24336	507	15.04	1.32	0.40	17.76	0.6	0.2
24384	508	15.03	1.34	0.18	17.71	0.6	0.2
24432	509	15.02	1.35	0.00	17.93	0.6	0.2
24480	510	15.00	1.36	0.00	17.87	0.5	0.2
24528	511	14.99	1.37	0.00	17.70	0.6	0.2
24576	512	14.97	1.39	0.00	17.83	0.6	0.3
24624	513	14.96	1.39	0.66	17.65	0.6	0.3
24672	514	14.95	1.40	0.89	17.73	0.5	0.3
24720	515	14.94	1.41	1.70	17.70	0.6	0.3
24768	516	14.93	1.42	1.70	17.68	0.7	0.3
24816	517	14.92	1.43	1.49	17.64	0.7	0.3
24864	518	14.92	1.44	1.29	17.79	0.7	0.3
24912	519	14.91	1.44	1.07	17.75	0.7	0.3
24960	520	14.91	1.45	0.84	17.58	0.7	0.3
25008	521	14.90	1.46	0.61	17.74	0.7	0.3
25056	522	14.90	1.47	0.39	17.82	0.7	0.3
25104	523	14.89	1.48	0.18	17.65	0.8	0.3
25152	524	14.89	1.48	0.00	17.64	0.9	0.2
25200	525	14.89	1.49	0.00	17.78	1.0	0.2
25248	526	14.89	1.49	0.00	17.67	1.1	0.2
25296	527	14.89	1.49	0.05	17.66	1.1	0.2
25344	528	14.90	1.49	0.71	17.61	1.2	0.2
25392	529	14.91	1.50	0.90	17.79	1.2	0.2
25440	530	14.91	1.50	1.12	17.69	1.2	0.2
25488	531	14.91	1.51	0.93	17.86	1.2	0.2
25536	532	14.92	1.51	0.74	18.24	1.5	0.2
25584	533	14.92	1.52	0.54	18.23	1.5	0.2
25632	534	14.93	1.52	0.37	18.40	1.5	0.2
25680	535	14.93	1.52	0.18	18.33	1.7	0.2
25728	536	14.94	1.52	0.01	18.23	1.7	0.3
25776	537	14.94	1.53	0.00	18.14	1.7	0.3
25824	538	14.95	1.52	0.00	18.20	1.6	0.2
25872	539	14.96	1.48	0.00	18.41	1.5	0.2
25920	540	14.97	1.49	0.00	18.43	1.5	0.2
25968	541	14.97	1.48	0.15	18.23	1.4	0.2
26016	542	14.97	1.48	0.32	18.19	1.4	0.2
26064	543	14.97	1.48	0.76	18.10	1.2	0.2
26112	544	14.97	1.48	1.18	17.92	1.2	0.2
26160	545	14.98	1.48	1.37	18.04	1.2	0.2
26208	546	14.98	1.48	1.62	18.03	1.2	0.3
26256	547	14.98	1.48	1.34	17.84	1.2	0.3
26304	548	14.98	1.48	1.06	17.73	1.2	0.3
26352	549	14.98	1.48	0.79	17.90	1.2	0.3
26400	550	14.98	1.49	0.52	17.84	1.3	0.3
26448	551	14.98	1.50	0.24	17.91	1.4	0.3
26496	552	14.98	1.50	0.08	17.73	1.4	0.4
26544	553	14.98	1.50	0.10	17.79	1.3	0.4
26592	554	14.98	1.51	0.00	17.90	1.3	0.4
26640	555	14.97	1.51	0.00	17.73	1.2	0.4
26688	556	14.98	1.52	0.01	17.95	1.2	0.4
26736	557	14.97	1.53	0.05	17.98	1.2	0.4
26784	558	14.97	1.53	0.13	18.26	1.2	0.4
26832	559	14.97	1.54	0.64	18.24	1.2	0.4
26880	560	14.96	1.55	1.25	18.12	1.2	0.4
26928	561	14.96	1.55	1.34	17.99	1.2	0.4
26976	562	14.95	1.56	1.41	17.97	1.2	0.4
27024	563	14.95	1.57	1.30	17.79	1.2	0.4
27072	564	14.95	1.58	1.08	17.72	1.3	0.4
27120	565	14.94	1.58	0.86	17.83	1.3	0.4
27168	566	14.94	1.59	0.63	17.89	1.3	0.4
27216	567	14.93	1.60	0.40	17.72	1.4	0.4
27264	568	14.92	1.61	0.17	17.75	1.4	0.4
27312	569	14.92	1.62	0.00	17.65	1.3	0.4
27360	570	14.91	1.62	0.00	17.65	1.4	0.4
27408	571	14.91	1.62	0.00	18.03	1.4	0.4
27456	572	14.90	1.62	0.00	17.85	1.5	0.4
27504	573	14.90	1.63	0.00	17.74	1.6	0.4
27552	574	14.89	1.63	0.00	17.77	1.6	0.4
27600	575	14.89	1.64	0.04	18.00	1.6	0.3
27648	576	14.88	1.64	0.10	18.09	1.6	0.3
27696	577	14.88	1.65	0.18	17.91	1.6	0.3
27744	578	14.88	1.65	0.18	17.86	1.7	0.3
27792	579	14.87	1.66	0.24	17.73	1.8	0.3
27840	580	14.87	1.66	0.24	17.70	1.8	0.4
27888	581	14.87	1.66	0.31	17.62	1.7	0.3
27936	582	14.87	1.65	0.72	17.68	1.8	0.3
27984	583	14.87	1.65	0.85	17.79	1.8	0.4
28032	584	14.86	1.66	1.13	17.78	1.8	0.4
28080	585	14.86	1.65	1.49	17.79	1.8	0.5
28128	586	14.86	1.65	1.57	17.99	1.8	0.5
28176	587	14.86	1.65	1.71	17.81	1.8	0.5
28224	588	14.86	1.65	1.49	17.89	1.8	0.5
28272	589	14.85	1.65	1.28	17.85	1.8	0.4
28320	590	14.85	1.65	1.07	17.81	1.9	0.4
28368	591	14.85	1.64	0.85	17.71	1.9	0.3
28416	592	14.85	1.64	0.63	17.75	1.9	0.3
28464	593	14.85	1.64	0.42	17.58	1.9	0.3
28512	594	14.85	1.64	0.20	17.84	1.9	0.3
28560	595	14.84	1.65	0.00	17.76	1.9	0.3
28608	596	14.84	1.65	0.00	17.75	1.9	0.3
28656	597	14.84	1.65	0.00	17.97	1.8	0.3
28704	598	14.84	1.66	0.00	17.86	1.8	0.3
28752	599	14.84	1.66	0.00	17.76	1.7	0.3
28800	600	14.84	1.67	0.30	17.59	1.6	0.4
28848	601	14.84	1.68	0.47	17.65	1.6	0.5
28896	602	14.86	1.68	0.16	17.79	1.6	0.5
28944	603	14.87	1.69	0.00	17.76	1.6	0.6
28992	604	14.89	1.69	0.00	17.66	1.4	0.6
29040	605	14.90	1.70	0.00	17.74	1.4	0.6
29088	606	14.92	1.71	0.00	17.91	1.4	0.6
29136	607	14.92	1.72	0.04	17.74	1.5	0.7
29184	608	14.94	1.73	0.31	17.86	1.5	0.7
29232	609	14.95	1.74	0.32	17.89	1.5	0.7
29280	610	14.97	1.74	0.39	17.84	1.5	0.7
29328	611	14.98	1.75	0.45	17.77	1.5	0.6
29376	612	14.99	1.75	0.33	17.78	1.5	0.7
29424	613	15.01	1.73	0.74	17.90	1.4	0.6
29472	614	15.02	1.72	0.63	17.94	1.3	0.6
29520	615	15.03	1.72	0.49	17.77	1.4	0.6
29568	616	15.04	1.71	0.38	17.74	1.4	0.6
29616	617	15.05	1.70	0.28	17.68	1.3	0.6
29664	618	15.06	1.69	0.21	17.67	1.3	0.6
29712	619	15.07	1.69	0.23	17.64	1.4	0.6
29760	620	15.08	1.68	0.28	17.78	1.4	0.6
29808	621	15.09	1.67	0.44	17.64	1.4	0.6
29856	622	15.10	1.67	0.56	17.58	1.4	0.6
29904	623	15.11	1.67	0.47	17.82	1.3	0.5
29952	624	15.12	1.66	0.25	17.70	1.3	0.5
30000	625	15.12	1.65	0.03	18.03	1.2	0.5
30048	626	15.13	1.64	0.00	17.99	1.1	0.5
30096	627	15.14	1.63	0.00	17.84	1.1	0.5
30144	628	15.15	1.62	0.00	17.74	1.1	0.5
30192	629	15.15	1.62	0.00	17.66	1.1	0.5
30240	630	15.15	1.61	0.00	17.65	1.1	0.5
30288	631	15.19	1.61	0.00	17.90	1.1	0.5
30336	632	15.22	1.60	0.05	17.76	1.0	0.5
30384	633	15.26	1.59	0.17	17.69	0.9	0.4
30432	634	15.30	1.56	0.30	17.78	0.9	0.4
30480	635	15.35	1.55	0.42	17.83	0.8	0.4
30528	636	15.39	1.53	0.57	17.80	0.9	0.4
30576	637	15.43	1.52	0.53	17.96	0.9	0.4
30624	638	15.48	1.51	0.48	17.95	0.8	0.4
30672	639	15.51	1.49	0.44	17.94	0.8	0.4
30720	640	15.54	1.47	0.40	17.91	0.8	0.4
30768	641	15.57	1.45	0.42	17.93	0.8	0.3
30816	642	15.61	1.43	0.43	18.02	0.8	0.3
30864	643	15.64	1.41	0.51	18.02	0.7	0.3
30912	644	15.67	1.38	0.35	17.88	0.7	0.3
30960	645	15.70	1.36	0.19	17.80	0.7	0.3
31008	646	15.73	1.34	0.04	18.02	0.7	0.3
31056	647	15.75	1.32	0.00	18.00	0.7	0.3
31104	648	15.78	1.30	0.00	17.91	0.7	0.2
31152	649	15.80	1.27	0.00	17.82	0.6	0.2
31200	650	15.82	1.25	0.19	17.91	0.6	0.2
31248	651	15.84	1.23	0.50	17.88	0.6	0.1
31296	652	15.85	1.21	0.72	17.84	0.6	0.1
31344	653	15.87	1.19	1.27	17.80	0.5	0.1
31392	654	15.88	1.16	1.75	17.89	0.5	0.1
31440	655	15.89	1.14	2.71	17.94	0.4	0.1
31488	656	15.91	1.13	3.01	17.92	0.4	0.1
31536	657	15.92	1.11	3.14	17.96	0.3	0.1
31584	658	15.93	1.09	3.41	18.12	0.3	0.1
31632	659	15.94	1.09	3.54	18.09	0.3	0.1
31680	660	15.94	1.07	4.01	18.20	0.3	0.1
31728	661	15.98	1.06	4.26	18.17	0.3	0.1
31776	662	16.02	1.04	4.47	18.24	0.2	0.1
31824	663	16.06	1.03	4.73	18.30	0.2	0.1
31872	664	16.10	1.01	4.90	18.37	0.2	0.1
31920	665	16.14	0.99	5.07	18.24	0.2	0.0
31968	666	16.18	0.97	5.42	18.22	0.2	0.0
32016	667	16.22	0.96	5.87	18.28	0.2	0.0
32064	668	16.25	0.94	6.04	18.15	0.1	0.0
32112	669	16.28	0.92	6.25	18.16	0.1	0.0
32160	670	16.31	0.90	6.41	18.12	0.1	0.0
32208	671	16.34	0.89	6.71	18.11	0.1	0.0
32256	672	16.36	0.87	7.17	18.21	0.1	0.0
32304	673	16.39	0.87	7.35	18.26	0.1	0.0
32352	674	16.41	0.85	7.59	18.23	0.1	0.0
32400	675	16.43	0.84	7.85	18.14	0.1	0.0
32448	676	16.44	0.83	8.02	18.28	0.1	0.0
32496	677	16.46	0.83	8.28	18.29	0.1	0.0
32544	678	16.47	0.82	8.76	18.18	0.1	0.0
32592	679	16.49	0.81	8.93	18.18	0.1	0.0
32640	680	16.50	0.81	9.11	18.39	0.1	0.0
32688	681	16.51	0.80	9.28	18.35	0.1	0.0
32736	682	16.51	0.80	9.53	18.40	0.1	0.0
32784	683	16.52	0.79	9.71	18.36	0.1	0.0
32832	684	16.53	0.79	9.88	18.36	0.1	0.0
32880	685	16.54	0.79	10.05	18.23	0.0	0.0
32928	686	16.55	0.79	10.64	18.26	0.0	0.0
32976	687	16.55	0.79	11.03	18.26	0.0	0.0
33024	688	16.55	0.79	11.16	18.25	0.0	0.0
33072	689	16.55	0.80	11.46	18.24	0.0	0.0
33120	690	16.55	0.80	11.85	18.21	0.0	0.0
33168	691	16.55	0.81	12.08	18.27	0.0	0.0
33216	692	16.55	0.82	12.24	18.47	0.0	0.0
33264	693	16.53	0.82	12.31	18.44	0.0	0.0
33312	694	16.51	0.82	12.38	18.40	0.0	0.0
33360	695	16.49	0.82	12.44	18.36	0.0	0.0
33408	696	16.47	0.82	12.48	18.36	0.0	0.0
33456	697	16.44	0.82	12.46	18.44	0.0	0.0
33504	698	16.42	0.82	12.44	18.39	0.0	0.0
33552	699	16.39	0.82	12.41	18.26	0.0	0.0
33600	700	16.36	0.82	12.32	18.20	0.0	0.0
33648	701	16.33	0.82	12.24	18.30	0.0	0.0
33696	702	16.30	0.83	12.19	18.28	0.0	0.0
33744	703	16.27	0.83	12.07	18.37	0.0	0.0
33792	704	16.25	0.83	12.01	18.24	0.0	0.0
33840	705	16.21	0.84	10.35	18.45	0.0	0.0
33888	706	16.19	0.85	10.59	18.31	0.0	0.0
33936	707	16.16	0.86	10.93	18.25	0.0	0.0
33984	708	16.13	0.86	11.31	18.26	0.0	0.0
34032	709	16.10	0.86	11.51	18.36	0.0	0.0
34080	710	16.07	0.87	11.47	18.46	0.0	0.0
34128	711	16.05	0.87	11.40	18.40	0.0	0.0
34176	712	16.02	0.87	11.32	18.43	0.0	0.0
34224	713	15.99	0.88	11.22	18.50	0.0	0.0
34272	714	15.97	0.88	11.10	18.47	0.0	0.0
34320	715	15.95	0.89	10.95	18.33	0.0	0.0
34368	716	15.92	0.89	10.82	18.20	0.0	0.0
34416	717	15.90	0.92	6.99	18.12	0.1	0.0
34464	718	15.88	0.93	7.18	18.08	0.1	0.0
34512	719	15.86	0.93	7.56	18.05	0.1	0.0
34560	720	15.84	0.94	7.77	18.12	0.1	0.0
34608	721	15.83	0.95	8.00	17.99	0.1	0.0
34656	722	15.81	0.96	8.21	17.97	0.1	0.0
34704	723	15.80	0.97	8.46	18.19	0.1	0.0
34752	724	15.78	0.98	8.72	18.12	0.1	0.0
34800	725	15.77	0.98	9.15	18.10	0.1	0.0
34848	726	15.75	1.00	9.64	18.01	0.2	0.0
34896	727	15.74	1.01	9.89	18.23	0.2	0.0
34944	728	15.72	1.02	9.28	18.10	0.2	0.0
34992	729	15.71	1.04	9.51	18.30	0.3	0.0
35040	730	15.70	1.05	9.31	18.26	0.3	0.0
35088	731	15.69	1.05	9.11	18.24	0.2	0.0
35136	732	15.69	1.05	8.91	18.19	0.1	0.0
35184	733	15.68	1.05	8.73	18.20	0.1	0.0
35232	734	15.68	1.05	8.55	18.32	0.2	0.0
35280	735	15.68	1.05	8.37	18.45	0.2	0.0
35328	736	15.68	1.05	8.32	18.57	0.2	0.0
35376	737	15.68	1.04	8.28	18.60	0.2	0.0
35424	738	15.68	1.04	8.25	18.46	0.2	0.0
35472	739	15.68	1.04	8.23	18.39	0.2	0.0
35520	740	15.69	1.04	8.24	18.41	0.2	0.0
35568	741	15.69	1.03	8.40	18.47	0.2	0.0
35616	742	15.69	1.02	8.57	18.36	0.2	0.0
35664	743	15.69	1.02	8.84	18.22	0.3	0.0
35712	744	15.70	1.01	8.88	18.10	0.3	0.0
35760	745	15.70	1.01	9.07	18.09	0.3	0.0
35808	746	15.70	1.00	9.33	18.04	0.3	0.0
35856	747	15.71	1.00	9.48	18.00	0.2	0.0
35904	748	15.71	0.99	9.47	18.09	0.2	0.0
35952	749	15.72	0.98	9.45	18.24	0.2	0.0
36000	750	15.72	0.98	9.44	18.17	0.2	0.0
36048	751	15.72	0.98	9.48	18.05	0.2	0.0
36096	752	15.73	0.97	9.52	18.20	0.2	0.0
36144	753	15.73	0.96	9.41	18.07	0.2	0.0
36192	754	15.73	0.96	9.27	18.09	0.2	0.0
36240	755	15.74	0.96	9.15	18.05	0.1	0.0
36288	756	15.74	0.95	9.04	18.25	0.1	0.0
36336	757	15.75	0.95	8.88	18.35	0.1	0.0
36384	758	15.76	0.94	8.73	18.21	0.1	0.0
36432	759	15.76	0.94	8.59	18.09	0.1	0.0
36480	760	15.77	0.93	8.45	18.35	0.1	0.0
36528	761	15.77	0.92	8.31	18.30	0.1	0.0
36576	762	15.78	0.92	8.17	18.17	0.1	0.0
36624	763	15.79	0.91	8.03	18.30	0.1	0.0
36672	764	15.79	0.91	7.88	18.17	0.1	0.0
36720	765	15.80	0.90	7.72	18.14	0.1	0.0
36768	766	15.81	0.90	7.57	18.10	0.1	0.0
36816	767	15.81	0.89	7.42	18.07	0.1	0.0
36864	768	15.82	0.88	7.28	17.99	0.1	0.0
36912	769	15.83	0.88	7.11	18.12	0.1	0.0
36960	770	15.84	0.87	6.95	18.14	0.1	0.0
37008	771	15.85	0.86	6.79	18.08	0.1	0.0
37056	772	15.85	0.85	6.72	18.13	0.1	0.0
37104	773	15.86	0.85	6.65	18.29	0.1	0.0
37152	774	15.87	0.85	6.62	18.28	0.1	0.0
37200	775	15.87	0.84	6.56	18.15	0.1	0.0
37248	776	15.88	0.83	6.48	18.03	0.1	0.0
37296	777	15.88	0.83	6.58	18.19	0.1	0.0
37344	778	15.89	0.83	6.65	18.15	0.1	0.0
37392	779	15.90	0.82	6.84	18.12	0.1	0.0
37440	780	15.90	0.81	7.09	18.02	0.1	0.0
37488	781	15.91	0.80	7.35	18.06	0.1	0.0
37536	782	15.95	0.78	7.89	18.19	0.1	0.0
37584	783	15.99	0.77	8.15	18.20	0.1	0.0
37632	784	16.02	0.76	8.41	18.17	0.1	0.0
37680	785	16.06	0.75	8.67	18.23	0.1	0.0
37728	786	16.09	0.74	9.25	18.13	0.1	0.0
37776	787	16.12	0.73	9.51	18.12	0.1	0.0
37824	788	16.15	0.73	9.97	18.09	0.1	0.0
37872	789	16.18	0.72	10.56	18.29	0.0	0.0
37920	790	16.21	0.71	11.65	18.25	0.0	0.0
37968	791	16.23	0.71	11.56	18.29	0.0	0.0
38016	792	16.26	0.70	11.49	18.42	0.0	0.0
38064	793	16.28	0.71	11.42	18.36	0.0	0.0
38112	794	16.31	0.70	11.35	18.33	0.0	0.0
38160	795	16.33	0.70	11.26	18.29	0.0	0.0
38208	796	16.35	0.71	11.17	18.38	0.0	0.0
38256	797	16.37	0.71	11.12	18.28	0.0	0.0
38304	798	16.39	0.71	11.08	18.32	0.0	0.0
38352	799	16.40	0.71	11.04	18.43	0.0	0.0
38400	800	16.41	0.71	11.01	18.29	0.0	0.0
38448	801	16.43	0.71	10.97	18.21	0.0	0.0
38496	802	16.44	0.70	11.01	18.24	0.0	0.0
38544	803	16.45	0.70	11.21	18.27	0.0	0.0
38592	804	16.46	0.70	11.40	18.31	0.0	0.0
38640	805	16.47	0.70	11.72	18.28	0.0	0.0
38688	806	16.48	0.70	11.89	18.37	0.0	0.0
38736	807	16.49	0.70	12.06	18.28	0.0	0.0
38784	808	16.50	0.69	12.45	18.23	0.0	0.0
38832	809	16.50	0.69	12.80	18.25	0.0	0.0
38880	810	16.51	0.69	12.89	18.30	0.0	0.0
38928	811	16.48	0.69	12.85	18.31	0.0	0.0
38976	812	16.45	0.69	12.81	18.38	0.0	0.0
39024	813	16.43	0.69	12.76	18.32	0.0	0.0
39072	814	16.40	0.69	12.74	18.27	0.0	0.0
39120	815	16.38	0.69	12.72	18.29	0.0	0.0
39168	816	16.35	0.69	12.68	18.38	0.0	0.0
39216	817	16.32	0.70	12.65	18.46	0.0	0.0
39264	818	16.29	0.70	12.60	18.40	0.0	0.0
39312	819	16.26	0.70	12.55	18.32	0.0	0.0
39360	820	16.24	0.71	12.51	18.29	0.0	0.0
39408	821	16.21	0.71	12.47	18.23	0.0	0.0
39456	822	16.18	0.72	12.41	18.19	0.0	0.0
39504	823	16.16	0.72	12.33	18.15	0.0	0.0
39552	824	16.13	0.73	12.24	18.00	0.0	0.0
39600	825	16.11	0.73	12.16	18.07	0.0	0.0
39648	826	16.09	0.74	12.06	18.02	0.0	0.0
39696	827	16.07	0.75	11.98	17.96	0.0	0.0
39744	828	16.05	0.76	11.92	17.99	0.0	0.0
39792	829	16.02	0.77	11.87	17.99	0.0	0.0
39840	830	16.01	0.78	11.80	18.24	0.0	0.0
39888	831	15.99	0.79	11.78	18.18	0.0	0.0
39936	832	15.97	0.80	11.79	18.32	0.0	0.0
39984	833	15.95	0.81	11.84	18.29	0.0	0.0
40032	834	15.94	0.82	11.90	18.48	0.0	0.0
40080	835	15.92	0.83	11.96	18.30	0.0	0.0
40128	836	15.90	0.83	12.10	18.14	0.0	0.0
40176	837	15.89	0.84	12.31	18.33	0.0	0.0
40224	838	15.87	0.85	12.14	18.29	0.0	0.0
40272	839	15.85	0.86	11.97	18.13	0.0	0.0
40320	840	15.84	0.87	11.87	18.45	0.0	0.0
40368	841	15.80	0.88	11.68	18.52	0.0	0.0
40416	842	15.76	0.89	11.53	18.31	0.0	0.0
40464	843	15.72	0.90	11.37	18.13	0.0	0.0
40512	844	15.68	0.91	11.23	18.15	0.0	0.0
40560	845	15.64	0.92	11.11	18.09	0.0	0.0
40608	846	15.60	0.94	11.01	18.10	0.0	0.0
40656	847	15.56	0.94	10.83	18.07	0.0	0.0
40704	848	15.53	0.96	10.66	18.02	0.0	0.0
40752	849	15.49	0.97	10.54	18.12	0.0	0.0
40800	850	15.46	0.98	10.41	18.25	0.0	0.0
40848	851	15.43	0.99	10.27	18.17	0.0	0.0
40896	852	15.40	1.01	10.12	18.02	0.0	0.0
40944	853	15.37	1.02	9.93	17.89	0.1	0.0
40992	854	15.34	1.03	9.75	17.89	0.1	0.0
41040	855	15.31	1.04	9.56	17.79	0.2	0.0
41088	856	15.28	1.06	9.36	17.80	0.2	0.0
41136	857	15.25	1.07	9.15	17.81	0.2	0.0
41184	858	15.23	1.09	8.94	17.75	0.2	0.0
41232	859	15.20	1.10	8.72	17.73	0.2	0.0
41280	860	15.18	1.12	8.50	17.77	0.2	0.0
41328	861	15.15	1.13	8.28	17.89	0.2	0.0
41376	862	15.13	1.15	8.06	17.97	0.3	0.0
41424	863	15.11	1.17	7.85	18.01	0.4	0.0
41472	864	15.09	1.19	7.65	17.83	0.4	0.0
41520	865	15.07	1.20	7.45	17.90	0.4	0.0
41568	866	15.06	1.21	7.25	17.88	0.4	0.0
41616	867	15.04	1.23	7.05	17.98	0.4	0.0
41664	868	15.03	1.25	6.84	17.80	0.4	0.0
41712	869	15.02	1.26	6.65	17.85	0.5	0.0
41760	870	15.00	1.27	6.45	17.76	0.4	0.0
41808	871	14.99	1.28	6.25	17.69	0.4	0.0
41856	872	14.98	1.29	6.04	17.54	0.4	0.0
41904	873	14.97	1.30	5.85	17.77	0.5	0.0
41952	874	14.96	1.31	5.65	17.76	0.6	0.0
42000	875	14.96	1.32	5.44	17.78	0.6	0.0
42048	876	14.95	1.33	5.25	17.79	0.7	0.0
42096	877	14.95	1.34	5.04	17.84	0.7	0.0
42144	878	14.94	1.35	4.83	17.85	0.7	0.1
42192	879	14.93	1.36	4.61	17.77	0.7	0.1
42240	880	14.93	1.37	4.40	17.87	0.7	0.1
42288	881	14.93	1.38	4.19	17.85	0.7	0.1
42336	882	14.93	1.37	5.76	17.86	0.8	0.0
42384	883	14.93	1.39	5.57	17.72	0.8	0.0
42432	884	14.93	1.40	5.36	17.75	0.9	0.0
42480	885	14.93	1.40	5.16	17.61	1.0	0.0
42528	886	14.92	1.41	4.96	17.62	1.0	0.1
42576	887	14.93	1.42	4.75	17.71	1.1	0.1
42624	888	14.92	1.44	4.54	17.72	1.1	0.1
42672	889	14.92	1.45	4.31	17.62	1.1	0.1
42720	890	14.92	1.46	4.09	17.87	1.1	0.1
42768	891	14.91	1.46	3.88	17.70	1.2	0.1
42816	892	14.91	1.47	3.67	17.73	1.2	0.2
42864	893	14.90	1.48	3.48	17.73	1.2	0.2
42912	894	14.90	1.50	3.28	17.69	1.3	0.2
42960	895	14.89	1.51	3.09	17.67	1.4	0.2
43008	896	14.89	1.52	2.89	17.97	1.4	0.2
43056	897	14.89	1.53	2.68	17.93	1.4	0.2
43104	898	14.89	1.54	2.48	17.90	1.4	0.2
43152	899	14.89	1.55	2.28	17.72	1.4	0.3
43200	900	14.88	1.57	2.08	17.92	1.4	0.3
43248	901	14.88	1.58	1.87	17.94	1.6	0.3
43296	902	14.88	1.59	1.65	17.95	1.6	0.3
43344	903	14.87	1.60	1.41	18.15	1.5	0.3
43392	904	14.87	1.61	1.10	18.01	1.7	0.3
43440	905	14.86	1.62	0.78	17.83	1.7	0.3
43488	906	14.86	1.63	0.45	17.92	1.7	0.3
43536	907	14.86	1.64	0.13	17.81	1.8	0.3
43584	908	14.85	1.64	0.00	17.90	1.9	0.3
43632	909	14.84	1.65	0.00	17.77	1.9	0.4
43680	910	14.84	1.66	0.00	17.85	1.9	0.4
43728	911	14.83	1.66	0.00	17.87	1.8	0.4
43776	912	14.83	1.68	0.00	17.74	1.8	0.4
43824	913	14.83	1.69	0.00	17.81	1.9	0.4
43872	914	14.82	1.70	0.02	17.86	1.9	0.5
43920	915	14.82	1.71	0.10	17.93	1.9	0.5
43968	916	14.81	1.72	0.17	17.76	1.9	0.5
44016	917	14.81	1.74	0.04	17.85	2.0	0.5
44064	918	14.80	1.75	0.03	17.68	2.0	0.5
44112	919	14.80	1.76	0.05	17.66	2.0	0.5
44160	920	14.80	1.74	0.17	17.66	2.0	0.5
44208	921	14.79	1.76	0.31	17.61	2.2	0.5
44256	922	14.79	1.77	0.07	17.76	2.3	0.5
44304	923	14.78	1.78	0.00	17.93	2.2	0.5
44352	924	14.77	1.80	0.00	17.87	2.4	0.5
44400	925	14.75	1.82	0.00	17.85	2.4	0.5
44448	926	14.75	1.84	0.00	17.67	2.4	0.5
44496	927	14.74	1.85	0.00	17.71	2.5	0.6
44544	928	14.73	1.87	0.00	17.56	2.6	0.7
44592	929	14.72	1.88	0.17	17.62	2.7	0.7
44640	930	14.72	1.89	0.56	17.85	2.8	0.7
44688	931	14.71	1.91	0.57	17.82	2.8	0.7
44736	932	14.71	1.92	0.39	17.92	2.8	0.8
44784	933	14.70	1.93	0.23	17.99	2.8	0.7
44832	934	14.69	1.94	0.06	18.08	2.8	0.7
44880	935	14.69	1.92	0.00	18.19	2.8	0.7
44928	936	14.69	1.93	0.00	18.00	2.8	0.8
44976	937	14.68	1.94	0.00	17.82	2.8	0.8
45024	938	14.68	1.95	0.07	17.79	2.8	0.7
45072	939	14.67	1.96	0.51	17.66	2.8	0.8
45120	940	14.67	1.97	0.37	17.76	2.8	0.8
45168	941	14.67	1.98	0.03	17.70	2.8	0.8
45216	942	14.66	1.99	0.00	17.91	2.9	0.8
45264	943	14.66	2.00	0.00	17.86	2.9	0.8
45312	944	14.65	2.00	0.00	17.75	2.8	0.9
45360	945	14.65	2.00	0.00	17.80	2.8	0.9
45408	946	14.65	2.01	0.00	17.81	2.9	0.9
45456	947	14.65	2.01	0.00	17.84	2.9	0.9
45504	948	14.65	2.01	0.00	18.05	2.8	1.0
45552	949	14.65	2.02	0.00	18.37	2.8	0.9
45600	950	14.65	2.02	0.00	18.17	2.9	0.9
45648	951	14.64	2.02	0.00	18.09	2.7	0.9
45696	952	14.64	2.02	0.00	18.06	2.7	0.9
45744	953	14.64	2.02	0.00	17.95	2.6	0.9
45792	954	14.64	2.01	0.00	18.16	2.6	0.9
45840	955	14.64	2.01	0.14	17.97	2.6	0.9
45888	956	14.64	1.99	0.27	17.88	2.4	0.9
45936	957	14.64	1.99	0.12	18.01	2.4	1.0
45984	958	14.65	1.98	0.00	17.83	2.5	0.9
46032	959	14.65	1.98	0.00	17.76	2.5	0.9
46080	960	14.65	1.97	0.00	17.87	2.5	1.0
46128	961	14.65	1.97	0.16	17.95	2.4	1.1
46176	962	14.67	1.97	0.36	17.77	2.4	1.1
46224	963	14.70	1.96	0.43	17.71	2.4	1.1
46272	964	14.72	1.95	0.30	17.96	2.3	1.1
46320	965	14.73	1.94	0.18	18.08	2.2	1.1
46368	966	14.75	1.94	0.08	18.01	2.2	1.0
46416	967	14.76	1.92	0.04	17.83	2.2	1.0
46464	968	14.78	1.92	0.00	17.70	2.1	0.9
46512	969	14.79	1.91	0.00	17.72	2.0	0.9
46560	970	14.80	1.90	0.00	17.70	2.1	0.7
46608	971	14.82	1.90	0.11	17.79	2.1	0.7
46656	972	14.84	1.89	0.00	17.77	2.1	0.7
46704	973	14.85	1.89	0.00	17.76	2.1	0.7
46752	974	14.87	1.89	0.00	17.76	2.1	0.7
46800	975	14.89	1.88	0.00	17.78	2.0	0.7
46848	976	14.90	1.89	0.00	17.82	2.1	0.7
46896	977	14.91	1.88	0.00	17.77	2.0	0.7
46944	978	14.92	1.87	0.00	17.81	1.9	0.7
46992	979	14.94	1.87	0.00	17.79	2.0	0.7
47040	980	14.95	1.87	0.00	17.73	2.0	0.7
47088	981	14.96	1.85	0.00	17.64	2.0	0.7
47136	982	14.97	1.84	0.00	17.77	1.9	0.7
47184	983	14.98	1.83	0.00	17.88	1.9	0.7
47232	984	14.99	1.82	0.11	17.76	1.8	0.7
47280	985	15.00	1.81	0.19	17.93	1.8	0.7
47328	986	15.01	1.80	0.17	17.94	1.9	0.6
47376	987	15.03	1.79	0.06	17.76	1.9	0.6
47424	988	15.04	1.78	0.00	17.73	1.8	0.6
47472	989	15.04	1.77	0.04	17.69	1.8	0.6
47520	990	15.05	1.76	0.08	17.69	1.8	0.5
47568	991	15.09	1.74	0.22	17.80	1.7	0.5
47616	992	15.13	1.72	0.15	18.07	1.7	0.5
47664	993	15.18	1.70	0.08	17.99	1.6	0.5
47712	994	15.22	1.68	0.00	17.84	1.6	0.4
47760	995	15.26	1.66	0.00	17.79	1.6	0.5
47808	996	15.31	1.63	0.00	17.81	1.5	0.5
47856	997	15.35	1.61	0.00	17.73	1.5	0.4
47904	998	15.38	1.59	0.00	17.77	1.5	0.4
47952	999	15.43	1.55	0.21	17.80	1.3	0.4
48000	1000	15.47	1.52	0.43	17.80	1.2	0.4
48048	1001	15.50	1.50	0.65	18.03	1.1	0.3
48096	1002	15.53	1.47	0.61	18.00	1.0	0.3
48144	1003	15.57	1.44	0.56	17.94	0.9	0.3
48192	1004	15.60	1.42	0.51	17.95	0.9	0.2
48240	1005	15.63	1.40	0.44	17.91	0.9	0.2
48288	1006	15.65	1.38	0.38	17.87	0.9	0.2
48336	1007	15.67	1.37	0.33	18.05	0.8	0.2
48384	1008	15.69	1.35	0.32	18.21	0.8	0.2
48432	1009	15.72	1.34	0.31	18.13	0.7	0.2
48480	1010	15.74	1.32	0.31	17.97	0.6	0.2
48528	1011	15.76	1.30	0.31	17.96	0.5	0.2
48576	1012	15.77	1.29	0.31	17.90	0.5	0.2
48624	1013	15.79	1.28	0.28	18.11	0.5	0.2
48672	1014	15.80	1.27	0.19	18.10	0.4	0.2
48720	1015	15.81	1.26	0.10	18.00	0.4	0.2
48768	1016	15.82	1.25	0.00	17.93	0.4	0.2
48816	1017	15.83	1.24	0.00	17.97	0.3	0.2
48864	1018	15.84	1.23	0.00	17.83	0.3	0.2
48912	1019	15.85	1.23	0.00	18.27	0.3	0.2
48960	1020	15.86	1.22	0.00	18.35	0.4	0.1
49008	1021	15.89	1.21	0.00	18.48	0.4	0.1
49056	1022	15.93	1.19	0.19	18.42	0.3	0.1
49104	1023	15.97	1.17	0.42	18.44	0.3	0.1
49152	1024	16.01	1.15	0.67	18.30	0.3	0.1
49200	1025	16.06	1.13	0.93	18.22	0.2	0.1
49248	1026	16.09	1.11	1.68	18.09	0.2	0.1
49296	1027	16.13	1.08	2.68	18.08	0.2	0.1
49344	1028	16.16	1.06	3.44	18.01	0.2	0.1
49392	1029	16.20	1.04	3.69	18.13	0.2	0.1
49440	1030	16.23	1.03	3.94	18.19	0.2	0.1
49488	1031	16.26	1.01	4.73	18.18	0.2	0.1
49536	1032	16.28	1.00	5.31	18.23	0.2	0.0
49584	1033	16.31	0.98	6.20	18.21	0.2	0.0
49632	1034	16.33	0.96	6.45	18.09	0.2	0.0
49680	1035	16.36	0.95	7.33	18.12	0.2	0.0
49728	1036	16.37	0.94	7.94	18.14	0.1	0.0
49776	1037	16.39	0.93	8.20	18.20	0.1	0.0
49824	1038	16.40	0.92	8.46	18.22	0.1	0.0
49872	1039	16.42	0.91	8.71	18.30	0.1	0.0
49920	1040	16.43	0.90	9.06	18.17	0.1	0.0
49968	1041	16.44	0.89	9.51	18.25	0.1	0.0
50016	1042	16.45	0.88	9.77	18.23	0.1	0.0
50064	1043	16.46	0.88	10.02	18.21	0.0	0.0
50112	1044	16.46	0.88	10.03	18.24	0.0	0.0
50160	1045	16.47	0.87	9.99	18.30	0.1	0.0
50208	1046	16.47	0.87	9.98	18.28	0.1	0.0
50256	1047	16.47	0.86	9.95	18.18	0.1	0.0
50304	1048	16.48	0.86	9.94	18.15	0.1	0.0
50352	1049	16.48	0.86	9.93	18.17	0.1	0.0
50400	1050	16.48	0.86	9.90	18.14	0.1	0.0
50448	1051	16.48	0.86	9.83	18.27	0.1	0.0
50496	1052	16.48	0.86	9.75	18.38	0.1	0.0
50544	1053	16.47	0.86	9.64	18.34	0.1	0.0
50592	1054	16.45	0.86	9.51	18.21	0.1	0.0
50640	1055	16.43	0.86	9.40	18.35	0.1	0.0
50688	1056	16.41	0.86	9.29	18.29	0.1	0.0
50736	1057	16.38	0.86	9.17	18.36	0.1	0.0
50784	1058	16.36	0.87	9.06	18.23	0.1	0.0
50832	1059	16.33	0.87	8.94	18.25	0.1	0.0
50880	1060	16.31	0.87	8.82	18.23	0.1	0.0
50928	1061	16.28	0.87	8.68	18.20	0.1	0.0
50976	1062	16.25	0.87	8.57	18.24	0.1	0.0
51024	1063	16.22	0.87	8.44	18.22	0.1	0.0
51072	1064	16.19	0.87	8.28	18.39	0.1	0.0
51120	1065	16.16	0.88	8.13	18.37	0.1	0.0
51168	1066	16.14	0.88	8.00	18.23	0.1	0.0
51216	1067	16.11	0.89	7.87	18.28	0.1	0.0
51264	1068	16.08	0.89	7.74	18.22	0.1	0.0
51312	1069	16.05	0.90	7.60	18.23	0.1	0.0
51360	1070	16.02	0.90	7.45	18.22	0.1	0.0
51408	1071	15.99	0.90	7.28	18.24	0.1	0.0
51456	1072	15.97	0.91	7.13	18.11	0.1	0.0
51504	1073	15.94	0.92	6.95	18.02	0.1	0.0
51552	1074	15.91	0.93	6.78	18.01	0.1	0.0
51600	1075	15.89	0.94	6.62	18.07	0.1	0.0
51648	1076	15.86	0.94	6.44	18.23	0.1	0.0
51696	1077	15.84	0.95	6.27	18.10	0.1	0.0
51744	1078	15.81	0.97	6.11	18.12	0.1	0.0
51792	1079	15.80	0.98	5.96	18.11	0.1	0.0
51840	1080	15.78	0.98	5.80	18.07	0.1	0.0
51888	1081	15.76	0.99	5.72	18.04	0.1	0.0
51936	1082	15.74	1.00	5.59	18.15	0.1	0.0
51984	1083	15.72	1.03	5.54	18.34	0.2	0.0
52032	1084	15.70	1.03	5.45	18.26	0.1	0.0
52080	1085	15.68	1.04	5.30	18.13	0.1	0.0
52128	1086	15.67	1.04	5.15	18.10	0.1	0.0
52176	1087	15.66	1.05	4.97	18.19	0.1	0.1
52224	1088	15.64	1.06	4.77	18.25	0.1	0.1
52272	1089	15.63	1.06	4.57	18.22	0.1	0.1
52320	1090	15.62	1.08	4.36	18.10	0.1	0.1
52368	1091	15.61	1.08	4.14	18.18	0.1	0.1
52416	1092	15.60	1.09	3.92	18.13	0.1	0.1
52464	1093	15.60	1.09	3.71	18.01	0.1	0.1
52512	1094	15.59	1.10	3.49	18.19	0.1	0.1
52560	1095	15.58	1.10	3.32	18.12	0.1	0.1
52608	1096	15.57	1.11	3.16	18.11	0.1	0.1
52656	1097	15.56	1.12	3.01	18.08	0.1	0.1
52704	1098	15.56	1.12	2.83	18.27	0.2	0.1
52752	1099	15.55	1.13	2.66	18.23	0.2	0.1
52800	1100	15.55	1.14	2.49	18.24	0.2	0.1
52848	1101	15.55	1.14	2.35	18.30	0.2	0.1
52896	1102	15.55	1.15	2.23	18.17	0.1	0.1
52944	1103	15.55	1.15	2.20	18.04	0.2	0.1
52992	1104	15.55	1.14	3.41	18.01	0.2	0.1
53040	1105	15.55	1.13	4.07	18.14	0.2	0.1
53088	1106	15.56	1.13	4.72	18.16	0.2	0.1
53136	1107	15.56	1.12	5.47	18.04	0.1	0.0
53184	1108	15.56	1.12	6.18	18.06	0.1	0.0
53232	1109	15.57	1.12	6.35	18.20	0.2	0.0
53280	1110	15.58	1.11	6.41	18.17	0.2	0.0
53328	1111	15.59	1.11	6.16	18.15	0.2	0.0
53376	1112	15.59	1.11	5.90	18.14	0.2	0.0
53424	1113	15.60	1.10	5.65	18.24	0.2	0.0
53472	1114	15.61	1.09	5.39	18.38	0.3	0.0
53520	1115	15.61	1.09	5.14	18.35	0.3	0.0
53568	1116	15.62	1.08	4.89	18.31	0.3	0.1
53616	1117	15.63	1.08	4.65	18.37	0.3	0.1
53664	1118	15.64	1.07	4.40	18.23	0.3	0.1
53712	1119	15.65	1.07	4.37	18.28	0.2	0.1
53760	1120	15.66	1.06	4.29	18.23	0.2	0.1
53808	1121	15.67	1.05	4.15	18.18	0.2	0.1
53856	1122	15.68	1.05	4.05	18.22	0.2	0.1
53904	1123	15.69	1.04	3.97	18.29	0.2	0.1
53952	1124	15.70	1.04	3.88	18.27	0.2	0.1
54000	1125	15.71	1.03	3.78	18.26	0.2	0.1
54048	1126	15.72	1.03	3.67	18.13	0.2	0.1
54096	1127	15.73	1.02	3.64	18.19	0.3	0.1
54144	1128	15.74	1.02	3.80	18.06	0.3	0.1
54192	1129	15.76	1.01	4.06	18.00	0.3	0.1
54240	1130	15.77	1.01	4.38	17.99	0.4	0.1
54288	1131	15.78	1.00	4.62	18.08	0.4	0.1
54336	1132	15.79	0.99	4.78	18.06	0.4	0.1
54384	1133	15.81	0.98	4.95	18.00	0.4	0.1
54432	1134	15.82	0.97	5.27	18.07	0.4	0.0
54480	1135	15.83	0.96	5.44	18.19	0.3	0.0
54528	1136	15.84	0.95	5.78	18.21	0.3	0.0
54576	1137	15.85	0.94	5.95	18.18	0.2	0.0
54624	1138	15.86	0.93	6.13	18.22	0.2	0.0
54672	1139	15.87	0.92	6.28	18.09	0.2	0.0
54720	1140	15.88	0.92	6.44	18.02	0.2	0.0
54768	1141	15.89	0.90	6.57	18.12	0.2	0.0
54816	1142	15.93	0.89	6.50	18.04	0.2	0.0
54864	1143	15.97	0.88	6.76	18.04	0.2	0.0
54912	1144	16.01	0.86	7.15	17.92	0.2	0.0
54960	1145	16.04	0.85	7.74	18.08	0.2	0.0
55008	1146	16.08	0.83	7.99	18.07	0.2	0.0
55056	1147	16.11	0.82	8.61	18.02	0.2	0.0
55104	1148	16.14	0.81	8.84	17.96	0.2	0.0
55152	1149	16.17	0.79	9.39	18.15	0.1	0.0
55200	1150	16.20	0.78	10.04	18.14	0.0	0.0
55248	1151	16.23	0.77	10.29	18.21	0.0	0.0
55296	1152	16.25	0.76	10.84	18.45	0.0	0.0
55344	1153	16.28	0.76	11.11	18.43	0.0	0.0
55392	1154	16.30	0.75	11.04	18.33	0.0	0.0
55440	1155	16.32	0.74	10.96	18.31	0.0	0.0
55488	1156	16.34	0.74	10.86	18.40	0.0	0.0
55536	1157	16.36	0.73	10.79	18.28	0.0	0.0
55584	1158	16.37	0.73	10.75	18.39	0.0	0.0
55632	1159	16.39	0.73	10.72	18.26	0.0	0.0
55680	1160	16.40	0.73	10.66	18.21	0.0	0.0
55728	1161	16.42	0.73	10.60	18.28	0.0	0.0
55776	1162	16.43	0.73	10.51	18.34	0.0	0.0
55824	1163	16.44	0.73	10.41	18.35	0.0	0.0
55872	1164	16.45	0.73	10.36	18.38	0.0	0.0
55920	1165	16.46	0.73	10.31	18.30	0.0	0.0
55968	1166	16.47	0.73	10.28	18.36	0.0	0.0
56016	1167	16.48	0.73	10.24	18.41	0.0	0.0
56064	1168	16.49	0.72	10.20	18.56	0.0	0.0
56112	1169	16.49	0.72	10.16	18.66	0.0	0.0
56160	1170	16.50	0.72	10.08	18.68	0.0	0.0
56208	1171	16.47	0.72	9.96	18.58	0.1	0.0
56256	1172	16.45	0.73	9.83	18.58	0.1	0.0
56304	1173	16.42	0.73	9.72	18.41	0.1	0.0
56352	1174	16.40	0.73	9.61	18.36	0.1	0.0
56400	1175	16.37	0.74	9.50	18.20	0.1	0.0
56448	1176	16.34	0.74	9.41	18.21	0.1	0.0
56496	1177	16.31	0.75	9.39	18.12	0.1	0.0
56544	1178	16.29	0.75	9.39	18.07	0.1	0.0
56592	1179	16.26	0.75	9.36	18.27	0.1	0.0
56640	1180	16.24	0.76	9.31	18.23	0.1	0.0
56688	1181	16.21	0.76	9.61	18.10	0.1	0.0
56736	1182	16.19	0.76	9.96	18.22	0.1	0.0
56784	1183	16.16	0.77	10.46	18.26	0.0	0.0
56832	1184	16.14	0.77	10.99	18.11	0.0	0.0
56880	1185	16.11	0.78	11.17	18.08	0.0	0.0
56928	1186	16.09	0.78	11.34	18.20	0.0	0.0
56976	1187	16.07	0.78	11.35	18.14	0.0	0.0
57024	1188	16.04	0.79	11.27	18.05	0.0	0.0
57072	1189	16.03	0.80	11.20	18.01	0.0	0.0
57120	1190	16.01	0.80	11.13	18.13	0.0	0.0
57168	1191	15.99	0.81	11.10	18.25	0.0	0.0
57216	1192	15.97	0.81	11.12	18.10	0.0	0.0
57264	1193	15.95	0.82	11.20	18.30	0.0	0.0
57312	1194	15.93	0.83	11.34	18.14	0.0	0.0
57360	1195	15.91	0.83	12.01	18.10	0.0	0.0
57408	1196	15.89	0.84	12.62	17.99	0.0	0.0
57456	1197	15.88	0.85	12.49	18.11	0.0	0.0
57504	1198	15.87	0.86	12.55	18.26	0.0	0.0
57552	1199	15.86	0.86	12.50	18.32	0.0	0.0
57600	1200	15.85	0.87	12.39	18.25	0.0	0.0
57648	1201	15.80	0.88	12.25	18.31	0.0	0.0
57696	1202	15.76	0.89	12.08	18.17	0.0	0.0
57744	1203	15.72	0.91	11.88	18.19	0.0	0.0
57792	1204	15.68	0.92	11.70	18.13	0.0	0.0
57840	1205	15.64	0.93	11.57	17.94	0.0	0.0
57888	1206	15.60	0.95	11.43	18.11	0.0	0.0
57936	1207	15.56	0.97	11.26	18.06	0.0	0.0
57984	1208	15.52	0.98	11.13	17.92	0.0	0.0
58032	1209	15.49	0.99	10.99	17.85	0.0	0.0
58080	1210	15.45	1.01	10.82	18.01	0.0	0.0
58128	1211	15.41	1.02	10.73	18.10	0.0	0.0
58176	1212	15.38	1.03	10.56	17.92	0.0	0.0
58224	1213	15.34	1.05	10.28	17.99	0.0	0.0
58272	1214	15.31	1.06	9.99	17.93	0.1	0.0
58320	1215	15.28	1.07	9.69	17.87	0.1	0.0
58368	1216	15.25	1.09	9.41	17.93	0.1	0.0
58416	1217	15.23	1.10	9.14	18.10	0.2	0.0
58464	1218	15.20	1.12	8.87	18.08	0.2	0.0
58512	1219	15.18	1.13	8.60	18.29	0.4	0.0
58560	1220	15.15	1.15	8.31	18.10	0.4	0.0
58608	1221	15.13	1.17	8.03	17.91	0.4	0.0
58656	1222	15.11	1.18	7.74	17.74	0.4	0.0
58704	1223	15.10	1.20	7.45	17.71	0.4	0.0
58752	1224	15.08	1.22	7.16	17.76	0.5	0.0
58800	1225	15.06	1.23	6.87	17.81	0.5	0.0
58848	1226	15.05	1.24	6.60	17.93	0.5	0.0
58896	1227	15.03	1.25	6.34	17.75	0.5	0.0
58944	1228	15.02	1.26	6.07	17.73	0.5	0.0
58992	1229	15.01	1.27	5.80	17.71	0.5	0.0
59040	1230	15.00	1.28	5.54	17.84	0.5	0.0
59088	1231	14.99	1.29	5.27	18.13	0.5	0.0
59136	1232	14.99	1.30	5.01	17.94	0.5	0.0
59184	1233	14.98	1.31	4.77	17.92	0.5	0.1
59232	1234	14.98	1.31	4.53	18.12	0.5	0.1
59280	1235	14.97	1.31	4.28	17.93	0.5	0.1
59328	1236	14.96	1.31	4.04	17.84	0.5	0.1
59376	1237	14.96	1.31	3.79	17.66	0.5	0.1
59424	1238	14.95	1.32	3.59	17.68	0.6	0.1
59472	1239	14.95	1.32	3.40	17.69	0.5	0.1
59520	1240	14.94	1.32	3.20	17.57	0.5	0.1
59568	1241	14.94	1.33	3.00	17.66	0.5	0.1
59616	1242	14.93	1.34	2.80	17.60	0.5	0.1
59664	1243	14.93	1.35	2.60	17.76	0.5	0.1
59712	1244	14.93	1.36	2.41	17.84	0.5	0.1
59760	1245	14.92	1.37	2.25	17.76	0.6	0.1
59808	1246	14.92	1.38	2.10	17.68	0.7	0.1
59856	1247	14.91	1.39	1.94	17.67	0.7	0.1
59904	1248	14.91	1.41	1.75	17.76	0.7	0.1
59952	1249	14.90	1.43	1.56	17.85	0.8	0.1
60000	1250	14.89	1.44	1.36	17.93	0.9	0.1
60048	1251	14.89	1.45	1.16	17.91	0.9	0.1
60096	1252	14.88	1.46	0.95	17.84	0.9	0.1
60144	1253	14.87	1.48	0.75	18.15	1.0	0.1
60192	1254	14.87	1.49	0.54	18.05	1.2	0.1
60240	1255	14.86	1.51	0.34	17.87	1.4	0.1
60288	1256	14.85	1.52	0.13	17.82	1.5	0.1
60336	1257	14.85	1.53	0.00	17.97	1.5	0.1
60384	1258	14.84	1.55	0.00	17.79	1.5	0.1
60432	1259	14.83	1.56	0.00	17.78	1.6	0.1
60480	1260	14.83	1.57	0.00	17.82	1.6	0.2
60528	1261	14.82	1.58	0.00	17.81	1.6	0.3
60576	1262	14.82	1.59	0.00	18.09	1.6	0.3
60624	1263	14.81	1.61	0.00	18.08	1.6	0.3
60672	1264	14.80	1.62	0.00	18.05	1.6	0.4
60720	1265	14.80	1.63	0.00	18.14	1.6	0.4
60768	1266	14.79	1.64	0.00	18.23	1.6	0.4
60816	1267	14.79	1.66	0.00	18.04	1.6	0.4
60864	1268	14.78	1.67	0.00	18.06	1.6	0.4
60912	1269	14.77	1.69	0.05	18.02	1.6	0.4
60960	1270	14.77	1.70	0.13	18.13	1.6	0.4
61008	1271	14.76	1.71	0.21	18.09	1.6	0.4
61056	1272	14.76	1.73	0.29	17.90	1.6	0.5
61104	1273	14.74	1.75	0.37	17.87	1.5	0.5
61152	1274	14.74	1.76	0.64	17.77	1.6	0.5
61200	1275	14.73	1.77	0.43	18.13	1.8	0.5
61248	1276	14.72	1.78	0.14	18.03	1.8	0.6
61296	1277	14.72	1.80	0.00	17.85	1.9	0.5
61344	1278	14.71	1.81	0.00	17.83	1.9	0.5
61392	1279	14.70	1.81	0.00	17.89	2.1	0.5
61440	1280	14.69	1.82	0.33	17.88	2.2	0.5
61488	1281	14.68	1.83	0.40	17.99	2.2	0.5
61536	1282	14.67	1.84	0.41	17.87	2.3	0.6
61584	1283	14.67	1.85	0.18	17.76	2.2	0.7
61632	1284	14.66	1.85	0.00	17.69	2.1	0.7
61680	1285	14.65	1.86	0.00	17.88	2.1	0.7
61728	1286	14.64	1.87	0.00	17.88	2.1	0.7
61776	1287	14.63	1.88	0.00	17.83	2.0	0.6
61824	1288	14.62	1.88	0.08	17.95	2.2	0.5
61872	1289	14.62	1.88	0.12	18.09	2.3	0.5
61920	1290	14.61	1.88	0.13	18.12	2.3	0.4
61968	1291	14.61	1.88	0.13	17.93	2.4	0.5
62016	1292	14.61	1.88	0.76	18.14	2.3	0.5
62064	1293	14.60	1.88	0.90	17.95	2.3	0.5
62112	1294	14.61	1.87	0.98	17.84	2.4	0.5
62160	1295	14.60	1.86	0.66	17.73	2.3	0.5
62208	1296	14.61	1.85	0.34	17.83	2.4	0.5
62256	1297	14.61	1.85	0.02	17.66	2.1	0.6
62304	1298	14.60	1.84	0.00	17.68	2.1	0.5
62352	1299	14.61	1.83	0.00	17.61	2.1	0.5
62400	1300	14.61	1.81	0.10	17.72	1.9	0.5
62448	1301	14.61	1.81	0.00	17.65	1.8	0.4
62496	1302	14.62	1.79	0.00	17.75	1.8	0.4
62544	1303	14.62	1.78	0.00	17.81	1.7	0.5
62592	1304	14.62	1.77	0.04	17.81	1.7	0.5
62640	1305	14.62	1.76	0.04	17.74	1.8	0.4
62688	1306	14.63	1.75	0.55	17.60	1.7	0.4
62736	1307	14.63	1.74	0.63	17.67	1.8	0.4
62784	1308	14.63	1.73	0.71	17.66	1.7	0.4
62832	1309	14.64	1.73	0.79	17.87	1.6	0.4
62880	1310	14.64	1.72	0.96	17.80	1.6	0.4
62928	1311	14.63	1.72	0.66	17.78	1.5	0.4
62976	1312	14.63	1.71	0.35	17.63	1.5	0.4
63024	1313	14.63	1.71	0.04	17.77	1.5	0.4
63072	1314	14.63	1.70	0.00	17.65	1.6	0.4
63120	1315	14.63	1.69	0.00	17.77	1.6	0.4
63168	1316	14.63	1.68	0.00	17.64	1.6	0.4
63216	1317	14.63	1.68	0.04	17.61	1.5	0.3
63264	1318	14.63	1.67	0.53	17.69	1.7	0.3
63312	1319	14.64	1.67	1.29	17.80	1.7	0.2
63360	1320	14.64	1.66	1.70	17.75	1.7	0.2
63408	1321	14.64	1.65	2.12	17.71	1.8	0.2
63456	1322	14.66	1.65	2.30	17.70	1.8	0.2
63504	1323	14.68	1.64	2.38	17.53	1.8	0.2
63552	1324	14.70	1.64	2.46	17.64	1.7	0.2
63600	1325	14.72	1.62	2.54	17.89	1.8	0.1
63648	1326	14.73	1.62	2.62	17.72	1.7	0.1
63696	1327	14.74	1.61	3.16	17.55	1.7	0.1
63744	1328	14.76	1.60	3.86	17.55	1.6	0.1
63792	1329	14.78	1.59	4.12	17.53	1.6	0.1
63840	1330	14.80	1.58	4.20	17.68	1.6	0.1
63888	1331	14.81	1.58	4.17	17.74	1.6	0.1
63936	1332	14.83	1.57	3.99	17.63	1.5	0.1
63984	1333	14.84	1.57	3.86	17.75	1.5	0.1
64032	1334	14.86	1.56	3.76	17.71	1.4	0.1
64080	1335	14.87	1.56	3.65	17.70	1.4	0.1
64128	1336	14.88	1.56	3.38	17.65	1.3	0.1
64176	1337	14.90	1.55	3.07	17.49	1.3	0.1
64224	1338	14.91	1.55	2.77	17.67	1.2	0.1
64272	1339	14.93	1.55	2.48	17.79	1.1	0.1
64320	1340	14.93	1.55	2.18	17.72	1.1	0.1
64368	1341	14.95	1.56	1.87	17.74	1.1	0.1
64416	1342	14.95	1.56	1.56	17.71	1.1	0.1
64464	1343	14.96	1.57	1.25	17.66	1.1	0.1
64512	1344	14.96	1.57	0.94	17.70	1.1	0.1
64560	1345	14.97	1.58	0.62	17.66	1.2	0.2
64608	1346	14.97	1.59	0.29	17.77	1.2	0.2
64656	1347	14.98	1.60	0.00	17.74	1.2	0.2
64704	1348	14.98	1.61	0.00	17.86	1.2	0.2
64752	1349	14.97	1.62	0.00	17.82	1.2	0.2
64800	1350	14.97	1.63	0.00	17.79	1.4	0.2
64848	1351	15.00	1.64	0.63	17.66	1.5	0.2
64896	1352	15.04	1.65	1.34	17.57	1.6	0.2
64944	1353	15.07	1.65	1.10	17.72	1.7	0.3
64992	1354	15.11	1.65	0.86	17.84	1.7	0.4
65040	1355	15.15	1.65	0.61	17.71	1.6	0.4
65088	1356	15.19	1.65	0.36	17.84	1.5	0.4
65136	1357	15.23	1.65	0.11	17.99	1.3	0.4
65184	1358	15.27	1.65	0.00	17.92	1.4	0.4
65232	1359	15.31	1.64	0.00	17.90	1.3	0.4
65280	1360	15.34	1.64	0.00	17.84	1.3	0.5
65328	1361	15.37	1.63	0.05	17.76	1.3	0.5
65376	1362	15.40	1.62	0.18	17.89	1.4	0.5
65424	1363	15.43	1.61	0.31	17.99	1.3	0.5
65472	1364	15.46	1.60	0.43	17.97	1.2	0.5
65520	1365	15.48	1.59	1.19	17.93	1.2	0.5
65568	1366	15.51	1.59	1.31	17.94	1.2	0.5
65616	1367	15.53	1.58	1.70	17.85	1.1	0.5
65664	1368	15.55	1.56	1.59	17.91	1.1	0.4
65712	1369	15.57	1.56	1.47	17.76	1.1	0.4
65760	1370	15.59	1.55	1.35	17.82	1.1	0.5
65808	1371	15.60	1.54	1.19	17.81	1.0	0.5
65856	1372	15.61	1.54	1.02	18.00	1.0	0.5
65904	1373	15.62	1.54	0.84	17.90	1.1	0.5
65952	1374	15.63	1.54	0.67	17.96	1.1	0.5
66000	1375	15.64	1.53	0.63	17.98	1.1	0.4
66048	1376	15.64	1.52	0.59	18.17	1.1	0.4
66096	1377	15.65	1.52	0.54	18.14	1.0	0.4
66144	1378	15.66	1.51	0.55	17.99	1.0	0.4
66192	1379	15.66	1.49	0.66	18.06	1.0	0.4
66240	1380	15.67	1.48	0.51	18.12	0.9	0.4
66288	1381	15.71	1.48	0.37	18.25	0.8	0.4
66336	1382	15.74	1.46	0.22	18.42	0.8	0.4
66384	1383	15.78	1.44	0.07	18.37	0.9	0.3
66432	1384	15.82	1.41	0.00	18.40	0.9	0.3
66480	1385	15.87	1.39	0.00	18.38	0.8	0.3
66528	1386	15.90	1.37	0.00	18.24	0.8	0.3
66576	1387	15.94	1.34	0.14	18.20	0.7	0.3
66624	1388	15.98	1.31	0.31	18.15	0.7	0.3
66672	1389	16.02	1.29	0.48	18.25	0.6	0.2
66720	1390	16.05	1.27	0.65	18.19	0.6	0.2
66768	1391	16.08	1.24	0.82	18.07	0.6	0.2
66816	1392	16.11	1.22	1.39	18.11	0.6	0.2
66864	1393	16.14	1.20	1.94	18.17	0.6	0.2
66912	1394	16.17	1.17	3.48	18.19	0.6	0.1
66960	1395	16.19	1.15	3.64	18.19	0.5	0.1
67008	1396	16.21	1.13	3.81	18.06	0.5	0.1
67056	1397	16.23	1.12	4.28	18.11	0.4	0.1
67104	1398	16.25	1.10	4.91	18.18	0.4	0.1
67152	1399	16.27	1.07	5.61	18.10	0.4	0.0
67200	1400	16.28	1.06	6.22	18.14	0.4	0.0
67248	1401	16.30	1.05	6.38	18.21	0.4	0.0
67296	1402	16.31	1.03	6.53	18.31	0.3	0.0
67344	1403	16.32	1.02	6.70	18.27	0.2	0.0
67392	1404	16.34	1.01	7.18	18.34	0.2	0.0
67440	1405	16.35	1.00	7.18	18.31	0.2	0.0
67488	1406	16.36	0.99	7.13	18.25	0.2	0.0
67536	1407	16.36	0.99	7.06	18.35	0.2	0.0
67584	1408	16.37	0.99	7.00	18.23	0.1	0.0
67632	1409	16.38	0.98	6.94	18.24	0.1	0.0
67680	1410	16.38	0.98	6.89	18.36	0.1	0.0
67728	1411	16.38	0.98	6.82	18.27	0.1	0.0
67776	1412	16.37	0.99	6.74	18.33	0.1	0.0
67824	1413	16.36	0.98	6.66	18.32	0.1	0.0
67872	1414	16.35	0.98	6.58	18.30	0.1	0.0
67920	1415	16.33	0.99	6.49	18.42	0.1	0.0
67968	1416	16.30	0.99	6.41	18.37	0.1	0.0
68016	1417	16.28	0.99	6.34	18.46	0.1	0.0
68064	1418	16.25	0.99	6.28	18.51	0.1	0.0
68112	1419	16.23	0.99	6.22	18.37	0.2	0.0
68160	1420	16.20	0.99	6.16	18.45	0.2	0.0
68208	1421	16.17	0.99	6.11	18.42	0.2	0.0
68256	1422	16.15	1.00	6.05	18.40	0.2	0.0
68304	1423	16.12	1.00	5.97	18.26	0.2	0.0
68352	1424	16.09	1.00	5.90	18.24	0.2	0.0
68400	1425	16.06	1.00	5.82	18.14	0.2	0.0
68448	1426	16.02	1.00	5.76	18.24	0.2	0.0
68496	1427	15.99	1.01	5.68	18.22	0.2	0.0
68544	1428	15.97	1.01	5.59	18.44	0.2	0.0
68592	1429	15.93	1.02	5.47	18.31	0.2	0.0
68640	1430	15.91	1.02	5.36	18.26	0.2	0.0
68688	1431	15.88	1.03	5.25	18.13	0.2	0.0
68736	1432	15.85	1.03	5.13	18.16	0.2	0.0
68784	1433	15.83	1.04	5.01	18.15	0.2	0.0
68832	1434	15.80	1.05	4.90	18.17	0.2	0.1
68880	1435	15.77	1.06	4.78	18.22	0.2	0.1
68928	1436	15.75	1.07	4.66	18.16	0.2	0.1
68976	1437	15.72	1.08	4.54	18.03	0.2	0.1
69024	1438	15.70	1.08	4.40	18.14	0.2	0.1
69072	1439	15.67	1.09	4.28	18.13	0.2	0.1
69120	1440	15.65	1.11	4.16	18.29	0.2	0.1
69168	1441	15.63	1.11	4.05	18.27	0.2	0.1
69216	1442	15.61	1.12	3.93	18.20	0.2	0.1
69264	1443	15.60	1.12	3.81	18.08	0.2	0.1
69312	1444	15.58	1.13	3.70	18.12	0.2	0.1
69360	1445	15.56	1.14	3.57	18.26	0.2	0.1
69408	1446	15.54	1.14	3.44	18.13	0.2	0.1
69456	1447	15.53	1.15	3.33	18.06	0.2	0.1
69504	1448	15.52	1.16	3.20	18.17	0.2	0.1
69552	1449	15.51	1.16	3.10	18.17	0.2	0.1
69600	1450	15.50	1.17	3.00	18.24	0.2	0.1
69648	1451	15.49	1.18	2.89	18.11	0.2	0.1
69696	1452	15.48	1.19	2.77	18.03	0.2	0.1
69744	1453	15.47	1.19	2.64	18.02	0.2	0.1
69792	1454	15.46	1.20	2.57	17.91	0.3	0.1
69840	1455	15.45	1.20	2.54	17.90	0.3	0.1
69888	1456	15.45	1.21	2.50	18.09	0.4	0.1
69936	1457	15.45	1.22	2.46	18.04	0.4	0.1
69984	1458	15.44	1.22	2.42	17.92	0.4	0.1
70032	1459	15.44	1.23	2.37	18.02	0.4	0.1
70080	1460	15.44	1.23	2.32	17.98	0.4	0.1
70128	1461	15.44	1.24	2.26	18.07	0.4	0.1
70176	1462	15.44	1.25	2.18	18.04	0.4	0.1
70224	1463	15.44	1.25	2.07	17.99	0.4	0.1
70272	1464	15.44	1.26	2.20	18.16	0.4	0.1
70320	1465	15.45	1.26	2.24	18.04	0.5	0.1
70368	1466	15.45	1.27	2.11	18.01	0.5	0.1
70416	1467	15.45	1.27	1.98	18.20	0.5	0.1
70464	1468	15.46	1.27	1.85	18.16	0.5	0.1
70512	1469	15.46	1.27	1.73	18.29	0.5	0.1
70560	1470	15.47	1.27	1.62	18.27	0.6	0.1
70608	1471	15.48	1.26	1.50	18.37	0.7	0.1
70656	1472	15.49	1.26	1.38	18.30	0.7	0.1
70704	1473	15.50	1.23	4.27	18.30	0.6	0.1
70752	1474	15.51	1.23	4.02	18.16	0.6	0.1
70800	1475	15.52	1.23	3.77	18.15	0.5	0.1
70848	1476	15.53	1.22	3.53	18.03	0.5	0.1
70896	1477	15.54	1.23	3.28	18.05	0.5	0.1
70944	1478	15.55	1.22	3.03	18.04	0.5	0.2
70992	1479	15.56	1.22	2.79	18.06	0.5	0.2
71040	1480	15.57	1.22	2.56	18.12	0.4	0.2
71088	1481	15.58	1.21	2.72	18.12	0.5	0.2
71136	1482	15.59	1.21	2.90	18.17	0.5	0.2
71184	1483	15.60	1.20	2.93	18.15	0.5	0.2
71232	1484	15.62	1.20	2.68	18.12	0.6	0.2
71280	1485	15.63	1.19	2.45	18.10	0.6	0.2
71328	1486	15.64	1.19	2.22	17.98	0.6	0.2
71376	1487	15.65	1.18	1.99	18.24	0.6	0.2
71424	1488	15.66	1.17	1.75	18.11	0.6	0.2
71472	1489	15.67	1.17	1.51	18.11	0.5	0.1
71520	1490	15.68	1.16	1.26	17.98	0.5	0.1
71568	1491	15.70	1.15	1.10	17.98	0.5	0.1
71616	1492	15.71	1.14	0.95	17.89	0.5	0.1
71664	1493	15.72	1.13	0.80	17.91	0.5	0.1
71712	1494	15.73	1.12	0.65	17.80	0.4	0.1
71760	1495	15.74	1.11	0.50	17.81	0.4	0.1
71808	1496	15.75	1.10	0.62	17.86	0.4	0.1
71856	1497	15.76	1.10	0.80	17.91	0.4	0.1
71904	1498	15.78	1.09	1.03	17.89	0.4	0.1
71952	1499	15.79	1.08	1.28	17.79	0.4	0.1
72000	1500	15.80	1.08	1.53	17.86	0.4	0.1
72048	1501	15.81	1.07	1.79	17.93	0.4	0.1
72096	1502	15.85	1.06	2.05	17.91	0.4	0.1
72144	1503	15.89	1.06	2.10	18.18	0.4	0.1
72192	1504	15.93	1.06	2.03	18.05	0.4	0.2
72240	1505	15.97	1.05	1.96	18.04	0.4	0.2
72288	1506	16.00	1.05	1.90	18.03	0.4	0.2
72336	1507	16.04	1.04	1.83	18.13	0.4	0.1
72384	1508	16.07	1.03	1.77	18.22	0.4	0.1
72432	1509	16.10	1.02	1.70	18.33	0.4	0.1
72480	1510	16.13	1.01	1.63	18.32	0.4	0.1
72528	1511	16.16	1.00	1.58	18.26	0.4	0.1
72576	1512	16.19	0.99	1.59	18.31	0.4	0.1
72624	1513	16.22	0.98	1.58	18.20	0.4	0.1
72672	1514	16.25	0.97	1.82	18.28	0.4	0.1
72720	1515	16.27	0.97	2.05	18.38	0.4	0.1
72768	1516	16.30	0.96	2.27	18.34	0.3	0.1
72816	1517	16.32	0.95	2.52	18.24	0.3	0.1
72864	1518	16.34	0.94	2.78	18.52	0.3	0.1
72912	1519	16.36	0.93	3.31	18.71	0.3	0.1
72960	1520	16.38	0.92	3.57	18.66	0.2	0.1
73008	1521	16.39	0.91	3.83	18.59	0.2	0.1
73056	1522	16.41	0.89	4.21	18.45	0.2	0.1
73104	1523	16.43	0.89	4.15	18.45	0.2	0.1
73152	1524	16.44	0.88	4.09	18.38	0.2	0.1
73200	1525	16.45	0.88	4.03	18.48	0.2	0.1
73248	1526	16.46	0.87	3.98	18.43	0.2	0.1
73296	1527	16.47	0.86	3.92	18.29	0.2	0.1
73344	1528	16.47	0.85	3.86	18.27	0.2	0.1
73392	1529	16.48	0.85	3.81	18.30	0.2	0.1
73440	1530	16.49	0.84	3.75	18.36	0.2	0.1
73488	1531	16.46	0.84	3.66	18.40	0.2	0.1
73536	1532	16.44	0.84	3.57	18.43	0.1	0.1
73584	1533	16.42	0.84	3.47	18.26	0.1	0.1
73632	1534	16.40	0.83	3.38	18.22	0.1	0.1
73680	1535	16.37	0.84	3.29	18.27	0.1	0.1
73728	1536	16.35	0.84	3.19	18.13	0.1	0.1
73776	1537	16.32	0.84	3.10	18.24	0.1	0.1
73824	1538	16.29	0.85	2.99	18.19	0.1	0.1
73872	1539	16.27	0.86	2.88	18.32	0.1	0.1
73920	1540	16.25	0.86	2.78	18.34	0.1	0.1
73968	1541	16.22	0.87	2.67	18.51	0.1	0.1
74016	1542	16.20	0.88	2.57	18.45	0.1	0.1
74064	1543	16.18	0.89	2.45	18.45	0.1	0.1
74112	1544	16.15	0.90	2.31	18.51	0.1	0.1
74160	1545	16.13	0.91	2.16	18.43	0.1	0.1
74208	1546	16.11	0.92	2.06	18.45	0.1	0.1
74256	1547	16.09	0.93	1.92	18.28	0.1	0.1
74304	1548	16.07	0.94	1.78	18.27	0.1	0.1
74352	1549	16.05	0.96	1.77	18.19	0.1	0.1
74400	1550	16.03	0.96	1.98	18.21	0.1	0.1
74448	1551	16.01	0.96	2.04	18.17	0.1	0.1
74496	1552	15.99	0.97	1.90	18.20	0.1	0.1
74544	1553	15.97	0.97	1.78	18.38	0.1	0.1
74592	1554	15.96	0.98	1.68	18.31	0.1	0.1
74640	1555	15.95	0.98	1.58	18.24	0.1	0.1
74688	1556	15.93	0.99	1.47	18.29	0.1	0.1
74736	1557	15.92	0.99	1.34	18.24	0.1	0.1
74784	1558	15.90	1.00	1.19	18.08	0.1	0.1
74832	1559	15.89	1.01	1.03	18.04	0.1	0.1
74880	1560	15.88	1.02	0.86	17.98	0.1	0.1
74928	1561	15.83	1.03	0.68	17.90	0.1	0.1
74976	1562	15.79	1.04	0.48	17.99	0.1	0.1
75024	1563	15.75	1.04	0.30	17.94	0.1	0.1
75072	1564	15.71	1.06	0.10	17.81	0.1	0.1
75120	1565	15.66	1.07	0.00	18.02	0.2	0.1
75168	1566	15.62	1.08	0.00	17.86	0.2	0.1
75216	1567	15.58	1.08	0.00	17.90	0.2	0.1
75264	1568	15.54	1.09	0.17	18.28	0.3	0.1
75312	1569	15.50	1.09	0.36	18.09	0.4	0.1
75360	1570	15.46	1.10	0.80	18.13	0.4	0.1
75408	1571	15.43	1.11	1.22	18.22	0.4	0.1
75456	1572	15.39	1.12	1.57	18.12	0.5	0.1
75504	1573	15.36	1.13	2.06	18.16	0.4	0.1
75552	1574	15.33	1.14	2.24	17.97	0.4	0.1
75600	1575	15.29	1.15	2.55	17.91	0.4	0.1
75648	1576	15.26	1.16	2.73	17.86	0.4	0.1
75696	1577	15.23	1.18	2.91	17.87	0.4	0.1
75744	1578	15.20	1.19	3.86	17.79	0.5	0.1
75792	1579	15.18	1.20	4.06	17.75	0.5	0.1
75840	1580	15.15	1.21	4.70	17.80	0.5	0.1
75888	1581	15.12	1.22	4.89	17.69	0.5	0.1
75936	1582	15.10	1.24	5.08	17.77	0.5	0.0
75984	1583	15.07	1.25	5.28	17.75	0.6	0.0
76032	1584	15.05	1.26	5.69	18.04	0.6	0.0
76080	1585	15.03	1.28	6.22	18.05	0.6	0.0
76128	1586	15.01	1.29	6.05	18.10	0.6	0.0
76176	1587	14.99	1.30	5.83	18.04	0.7	0.0
76224	1588	14.97	1.31	5.61	17.99	0.8	0.0
76272	1589	14.95	1.32	5.39	17.92	0.8	0.0
76320	1590	14.94	1.33	5.17	17.82	0.7	0.0
76368	1591	14.92	1.34	4.95	17.89	0.7	0.1
76416	1592	14.91	1.35	4.72	17.89	0.7	0.1
76464	1593	14.90	1.36	4.49	17.72	0.7	0.1
76512	1594	14.89	1.36	4.28	17.83	0.8	0.1
76560	1595	14.89	1.37	4.16	17.85	0.7	0.1
76608	1596	14.88	1.37	4.13	17.84	0.8	0.1
76656	1597	14.87	1.38	4.01	17.98	0.7	0.1
76704	1598	14.87	1.38	3.88	17.92	0.7	0.1
76752	1599	14.87	1.39	3.74	17.93	0.7	0.1
76800	1600	14.87	1.39	3.53	17.77	0.7	0.1
76848	1601	14.87	1.39	3.36	17.85	0.8	0.2
76896	1602	14.87	1.40	3.13	17.82	0.8	0.1
76944	1603	14.86	1.41	2.89	17.86	0.9	0.2
76992	1604	14.86	1.41	2.71	17.88	0.9	0.2
77040	1605	14.86	1.41	2.72	17.89	0.9	0.2
77088	1606	14.85	1.42	2.77	17.90	0.9	0.2
77136	1607	14.85	1.43	2.82	17.91	0.9	0.2
77184	1608	14.84	1.44	2.89	17.84	0.9	0.2
77232	1609	14.83	1.45	2.97	17.67	0.9	0.2
77280	1610	14.82	1.45	3.03	17.81	1.0	0.2
77328	1611	14.81	1.46	3.28	17.65	1.0	0.2
77376	1612	14.80	1.47	3.32	17.83	1.0	0.2
77424	1613	14.79	1.47	3.15	17.80	1.0	0.2
77472	1614	14.79	1.48	2.97	17.63	1.0	0.2
77520	1615	14.78	1.48	2.78	17.59	1.0	0.3
77568	1616	14.77	1.49	2.70	17.62	1.1	0.3
77616	1617	14.76	1.50	2.48	17.54	1.1	0.2
77664	1618	14.75	1.51	2.26	17.66	1.1	0.2
77712	1619	14.75	1.53	2.03	17.69	1.2	0.2
77760	1620	14.74	1.54	1.80	17.60	1.3	0.2
77808	1621	14.73	1.56	1.57	17.60	1.3	0.2
77856	1622	14.73	1.57	1.34	17.68	1.4	0.2
77904	1623	14.71	1.58	1.11	17.71	1.4	0.2
77952	1624	14.70	1.59	0.88	17.70	1.5	0.2
78000	1625	14.69	1.61	0.66	17.88	1.6	0.2
78048	1626	14.68	1.63	0.45	17.71	1.6	0.2
78096	1627	14.67	1.64	0.23	17.54	1.7	0.2
78144	1628	14.66	1.65	0.01	17.55	1.8	0.3
78192	1629	14.64	1.67	0.00	17.64	1.9	0.3
78240	1630	14.64	1.69	0.00	17.58	2.1	0.2
78288	1631	14.62	1.70	0.00	17.61	2.1	0.3
78336	1632	14.61	1.70	0.14	17.45	2.0	0.3
78384	1633	14.60	1.71	0.56	17.59	2.0	0.3
78432	1634	14.59	1.72	0.75	17.88	1.9	0.3
78480	1635	14.58	1.72	1.02	17.70	2.0	0.3
78528	1636	14.57	1.73	0.77	17.91	1.9	0.4
78576	1637	14.56	1.74	0.52	17.74	1.9	0.4
78624	1638	14.55	1.75	0.31	17.63	1.9	0.4
78672	1639	14.54	1.75	0.09	17.64	1.9	0.3
78720	1640	14.53	1.77	0.00	17.64	1.9	0.3
78768	1641	14.52	1.78	0.00	17.76	2.0	0.3
78816	1642	14.51	1.80	0.00	17.92	2.1	0.4
78864	1643	14.50	1.81	0.05	17.84	2.1	0.4
78912	1644	14.49	1.83	0.42	17.75	2.2	0.4
78960	1645	14.48	1.84	0.49	17.97	2.2	0.4
79008	1646	14.47	1.85	0.72	17.79	2.1	0.4
79056	1647	14.46	1.85	0.48	17.70	2.1	0.4
79104	1648	14.46	1.86	0.24	17.82	2.1	0.3
79152	1649	14.45	1.87	0.01	17.73	2.2	0.3
79200	1650	14.45	1.87	0.00	17.74	2.2	0.3
79248	1651	14.44	1.88	0.00	17.71	2.1	0.3
79296	1652	14.44	1.89	0.05	17.64	2.2	0.4
79344	1653	14.43	1.89	0.00	17.98	2.3	0.4
79392	1654	14.42	1.90	0.01	17.90	2.4	0.4
79440	1655	14.41	1.91	0.02	17.82	2.2	0.4
79488	1656	14.41	1.91	0.03	17.84	2.2	0.4
79536	1657	14.41	1.91	0.18	17.81	2.1	0.4
79584	1658	14.40	1.91	0.36	17.73	2.1	0.4
79632	1659	14.40	1.91	0.53	17.71	2.1	0.4
79680	1660	14.39	1.91	0.35	17.73	2.1	0.4
79728	1661	14.39	1.92	0.07	17.81	2.2	0.5
79776	1662	14.39	1.91	0.00	17.80	2.1	0.5
79824	1663	14.38	1.92	0.01	17.78	2.0	0.5
79872	1664	14.38	1.91	0.14	17.82	1.9	0.6
79920	1665	14.38	1.92	0.21	17.69	2.0	0.6
79968	1666	14.38	1.91	0.27	17.67	2.0	0.6
80016	1667	14.38	1.91	0.57	17.67	2.0	0.6
80064	1668	14.38	1.91	0.88	17.89	2.0	0.6
80112	1669	14.39	1.91	1.25	17.82	2.0	0.5
80160	1670	14.39	1.90	1.43	17.78	2.1	0.6
80208	1671	14.39	1.90	1.26	17.85	1.9	0.5
80256	1672	14.40	1.90	1.12	17.74	1.9	0.5
80304	1673	14.40	1.89	1.00	17.57	1.8	0.5
80352	1674	14.40	1.88	0.95	17.66	2.0	0.6
80400	1675	14.40	1.88	0.91	17.71	2.1	0.6
80448	1676	14.40	1.87	0.87	17.63	2.1	0.6
80496	1677	14.40	1.87	0.80	17.48	2.2	0.6
80544	1678	14.40	1.87	0.82	17.67	2.2	0.6
80592	1679	14.41	1.86	0.84	17.75	2.3	0.6
80640	1680	14.41	1.86	0.99	17.58	2.3	0.6
80688	1681	14.41	1.85	1.51	17.71	2.4	0.6
80736	1682	14.44	1.84	1.69	17.75	2.4	0.6
80784	1683	14.46	1.83	1.68	17.58	2.3	0.7
80832	1684	14.48	1.82	1.44	17.48	2.2	0.6
80880	1685	14.50	1.81	1.17	17.76	1.9	0.6
80928	1686	14.51	1.80	0.90	17.77	1.8	0.6
80976	1687	14.53	1.79	0.64	17.62	1.7	0.6
81024	1688	14.55	1.78	0.36	17.99	1.8	0.6
81072	1689	14.57	1.77	0.09	17.95	1.7	0.6
81120	1690	14.59	1.76	0.00	17.86	1.5	0.5
81168	1691	14.60	1.75	0.00	17.69	1.5	0.6
81216	1692	14.63	1.74	0.00	17.63	1.4	0.5
81264	1693	14.64	1.73	0.00	17.78	1.4	0.5
81312	1694	14.67	1.71	0.00	17.89	1.4	0.4
81360	1695	14.69	1.70	0.00	17.83	1.4	0.4
81408	1696	14.70	1.70	0.00	17.83	1.3	0.4
81456	1697	14.72	1.69	1.02	17.71	1.4	0.3
81504	1698	14.73	1.68	1.28	17.60	1.4	0.3
81552	1699	14.74	1.68	1.11	17.91	1.4	0.3
81600	1700	14.75	1.67	0.96	18.00	1.4	0.3
81648	1701	14.76	1.66	0.81	18.11	1.4	0.3
81696	1702	14.77	1.66	0.69	18.05	1.3	0.3
81744	1703	14.78	1.65	0.58	17.98	1.3	0.3
81792	1704	14.78	1.66	0.43	18.26	1.3	0.3
81840	1705	14.79	1.66	0.26	18.26	1.3	0.4
81888	1706	14.79	1.67	0.06	18.07	1.4	0.4
81936	1707	14.79	1.67	0.00	17.95	1.3	0.3
81984	1708	14.79	1.67	0.00	17.78	1.3	0.3
82032	1709	14.80	1.67	0.00	17.73	1.2	0.3
82080	1710	14.79	1.68	0.07	17.62	1.3	0.3
82128	1711	14.83	1.67	0.47	17.81	1.2	0.3
82176	1712	14.87	1.67	0.40	17.89	1.1	0.3
82224	1713	14.91	1.66	0.38	17.96	1.2	0.3
82272	1714	14.95	1.66	0.34	17.89	1.2	0.3
82320	1715	14.99	1.65	0.29	18.01	1.1	0.3
82368	1716	15.03	1.64	0.25	17.98	1.1	0.3
82416	1717	15.08	1.63	0.24	18.05	1.2	0.3
82464	1718	15.11	1.63	0.24	18.03	1.2	0.3
82512	1719	15.15	1.61	0.22	18.02	1.1	0.3
82560	1720	15.19	1.61	0.19	18.05	1.0	0.3
82608	1721	15.23	1.60	0.19	17.98	1.0	0.3
82656	1722	15.26	1.58	0.18	18.11	1.1	0.3
82704	1723	15.29	1.57	0.18	18.08	1.1	0.3
82752	1724	15.33	1.56	0.16	18.08	1.1	0.3
82800	1725	15.36	1.54	0.75	18.29	1.1	0.3
82848	1726	15.38	1.53	0.88	18.29	1.1	0.2
82896	1727	15.41	1.52	1.00	18.13	1.1	0.2
82944	1728	15.44	1.51	1.13	17.98	1.0	0.2
82992	1729	15.46	1.49	1.40	17.96	1.0	0.2
83040	1730	15.49	1.48	1.53	17.96	0.9	0.2
83088	1731	15.50	1.48	1.36	18.03	0.8	0.2
83136	1732	15.52	1.47	1.17	17.99	0.8	0.2
83184	1733	15.53	1.45	0.98	18.04	0.8	0.2
83232	1734	15.54	1.45	0.79	18.13	0.8	0.2
83280	1735	15.54	1.45	0.59	17.97	0.8	0.2
83328	1736	15.55	1.44	0.39	18.11	0.8	0.2
83376	1737	15.55	1.44	0.19	18.03	0.9	0.2
83424	1738	15.56	1.44	0.00	18.09	0.9	0.2
83472	1739	15.56	1.44	0.00	18.06	0.9	0.2
83520	1740	15.57	1.43	0.00	18.00	0.9	0.2
83568	1741	15.60	1.43	0.00	18.13	0.8	0.2
83616	1742	15.64	1.42	0.14	18.01	0.8	0.1
83664	1743	15.68	1.41	0.32	17.95	0.8	0.1
83712	1744	15.72	1.40	0.49	18.07	0.8	0.1
83760	1745	15.75	1.38	0.66	18.06	0.8	0.1
83808	1746	15.79	1.36	0.83	18.05	0.7	0.2
83856	1747	15.84	1.32	1.00	18.17	0.6	0.2
83904	1748	15.87	1.30	1.76	18.07	0.6	0.1
83952	1749	15.90	1.28	1.93	18.31	0.6	0.2
84000	1750	15.94	1.26	2.83	18.17	0.5	0.1
84048	1751	15.97	1.24	3.01	18.37	0.5	0.1
84096	1752	15.99	1.22	3.43	18.23	0.5	0.1
84144	1753	16.03	1.20	4.16	18.23	0.5	0.1
84192	1754	16.05	1.18	4.33	18.15	0.4	0.1
84240	1755	16.07	1.16	4.35	18.17	0.4	0.1
84288	1756	16.09	1.15	4.22	18.07	0.3	0.1
84336	1757	16.11	1.14	4.08	18.24	0.3	0.1
84384	1758	16.12	1.12	4.14	18.35	0.3	0.1
84432	1759	16.14	1.11	4.33	18.39	0.3	0.1
84480	1760	16.15	1.11	4.56	18.44	0.3	0.1
84528	1761	16.16	1.10	4.79	18.30	0.3	0.1
84576	1762	16.17	1.08	5.94	18.29	0.2	0.0
84624	1763	16.18	1.07	6.55	18.26	0.2	0.0
84672	1764	16.19	1.06	6.81	18.17	0.2	0.0
84720	1765	16.20	1.05	7.73	18.24	0.1	0.0
84768	1766	16.21	1.05	7.63	18.41	0.1	0.0
84816	1767	16.21	1.05	7.53	18.39	0.1	0.0
84864	1768	16.22	1.05	7.42	18.27	0.1	0.0
84912	1769	16.22	1.04	7.32	18.33	0.2	0.0
84960	1770	16.23	1.04	7.21	18.30	0.2	0.0
85008	1771	16.23	1.04	7.10	18.30	0.2	0.0
85056	1772	16.22	1.04	6.98	18.23	0.2	0.0
85104	1773	16.21	1.03	6.87	18.18	0.2	0.0
85152	1774	16.19	1.03	6.75	18.51	0.2	0.0
85200	1775	16.17	1.04	6.63	18.37	0.2	0.0
85248	1776	16.15	1.04	6.50	18.46	0.2	0.0
85296	1777	16.13	1.04	6.36	18.32	0.2	0.0
85344	1778	16.10	1.05	6.23	18.25	0.3	0.0
85392	1779	16.07	1.04	6.09	18.38	0.3	0.0
85440	1780	16.04	1.04	5.95	18.24	0.2	0.0
85488	1781	16.01	1.04	5.81	18.34	0.2	0.0
85536	1782	15.98	1.05	5.66	18.22	0.2	0.0
85584	1783	15.94	1.05	5.52	18.17	0.2	0.0
85632	1784	15.91	1.05	5.37	18.16	0.2	0.0
85680	1785	15.88	1.05	5.22	18.07	0.2	0.0
85728	1786	15.85	1.06	5.08	18.10	0.2	0.0
85776	1787	15.82	1.06	4.92	18.18	0.2	0.1
85824	1788	15.79	1.07	4.75	18.23	0.2	0.1
85872	1789	15.76	1.08	4.59	18.26	0.2	0.1
85920	1790	15.73	1.09	4.42	18.22	0.2	0.1
85968	1791	15.70	1.10	4.25	18.09	0.2	0.1
86016	1792	15.67	1.11	4.09	17.97	0.2	0.1
86064	1793	15.64	1.12	3.92	18.17	0.2	0.1
86112	1794	15.61	1.13	3.75	18.04	0.2	0.1
86160	1795	15.59	1.14	3.58	17.98	0.2	0.1
86208	1796	15.56	1.15	3.42	18.07	0.2	0.1
86256	1797	15.54	1.16	3.25	18.10	0.2	0.1
86304	1798	15.52	1.17	3.07	18.12	0.2	0.1
86352	1799	15.50	1.17	2.90	18.12	0.2	0.1
86400	1800	15.48	1.18	2.72	18.12	0.2	0.1
