tick	day	month	year	population	births	deaths	deaths_starvation	deaths_old_age	deaths_bycatch
48	1	1	1	2000	0	0	0	0	0
96	2	1	1	2000	0	0	0	0	0
144	3	1	1	2000	0	0	0	0	0
192	4	1	1	1999	0	1	1	0	0
240	5	1	1	1999	0	1	1	0	0
288	6	1	1	1999	0	1	1	0	0
336	7	1	1	1999	0	1	1	0	0
384	8	1	1	1999	0	1	1	0	0
432	9	1	1	1999	0	1	1	0	0
480	10	1	1	1998	0	2	2	0	0
528	11	1	1	1998	0	2	2	0	0
576	12	1	1	1998	0	2	2	0	0
624	13	1	1	1998	0	2	2	0	0
672	14	1	1	1998	0	2	2	0	0
720	15	1	1	1998	0	2	2	0	0
768	16	1	1	1998	0	2	2	0	0
816	17	1	1	1998	0	2	2	0	0
864	18	1	1	1998	0	2	2	0	0
912	19	1	1	1998	0	2	2	0	0
960	20	1	1	1998	0	2	2	0	0
1008	21	1	1	1998	0	2	2	0	0
1056	22	1	1	1998	0	2	2	0	0
1104	23	1	1	1998	0	2	2	0	0
1152	24	1	1	1998	0	2	2	0	0
1200	25	1	1	1998	0	2	2	0	0
1248	26	1	1	1998	0	2	2	0	0
1296	27	1	1	1998	0	2	2	0	0
1344	28	1	1	1998	0	2	2	0	0
1392	29	1	1	1998	0	2	2	0	0
1440	30	2	1	1998	0	0	0	0	0
1488	31	2	1	1998	0	0	0	0	0
1536	32	2	1	1998	0	0	0	0	0
1584	33	2	1	1998	0	0	0	0	0
1632	34	2	1	1998	0	0	0	0	0
1680	35	2	1	1998	0	0	0	0	0
1728	36	2	1	1998	0	0	0	0	0
1776	37	2	1	1998	0	0	0	0	0
1824	38	2	1	1998	0	0	0	0	0
1872	39	2	1	1998	0	0	0	0	0
1920	40	2	1	1998	0	0	0	0	0
1968	41	2	1	1998	0	0	0	0	0
2016	42	2	1	1998	0	0	0	0	0
2064	43	2	1	1998	0	0	0	0	0
2112	44	2	1	1998	0	0	0	0	0
2160	45	2	1	1998	0	0	0	0	0
2208	46	2	1	1998	0	0	0	0	0
2256	47	2	1	1998	0	0	0	0	0
2304	48	2	1	1998	0	0	0	0	0
2352	49	2	1	1998	0	0	0	0	0
2400	50	2	1	1998	0	0	0	0	0
2448	51	2	1	1998	0	0	0	0	0
2496	52	2	1	1998	0	0	0	0	0
2544	53	2	1	1998	0	0	0	0	0
2592	54	2	1	1998	0	0	0	0	0
2640	55	2	1	1998	0	0	0	0	0
2688	56	2	1	1998	0	0	0	0	0
2736	57	2	1	1998	0	0	0	0	0
2784	58	2	1	1998	0	0	0	0	0
2832	59	2	1	1998	0	0	0	0	0
2880	60	3	1	1998	0	0	0	0	0
2928	61	3	1	1998	0	0	0	0	0
2976	62	3	1	1998	0	0	0	0	0
3024	63	3	1	1998	0	0	0	0	0
3072	64	3	1	1998	0	0	0	0	0
3120	65	3	1	1998	0	0	0	0	0
3168	66	3	1	1998	0	0	0	0	0
3216	67	3	1	1998	0	0	0	0	0
3264	68	3	1	1998	0	0	0	0	0
3312	69	3	1	1998	0	0	0	0	0
3360	70	3	1	1998	0	0	0	0	0
3408	71	3	1	1998	0	0	0	0	0
3456	72	3	1	1998	0	0	0	0	0
3504	73	3	1	1998	0	0	0	0	0
3552	74	3	1	1998	0	0	0	0	0
3600	75	3	1	1998	0	0	0	0	0
3648	76	3	1	1998	0	0	0	0	0
3696	77	3	1	1998	0	0	0	0	0
3744	78	3	1	1998	0	0	0	0	0
3792	79	3	1	1998	0	0	0	0	0
3840	80	3	1	1998	0	0	0	0	0
3888	81	3	1	1998	0	0	0	0	0
3936	82	3	1	1998	0	0	0	0	0
3984	83	3	1	1998	0	0	0	0	0
4032	84	3	1	1998	0	0	0	0	0
4080	85	3	1	1998	0	0	0	0	0
4128	86	3	1	1998	0	0	0	0	0
4176	87	3	1	1998	0	0	0	0	0
4224	88	3	1	1998	0	0	0	0	0
4272	89	3	1	1998	0	0	0	0	0
4320	90	4	1	1998	0	0	0	0	0
4368	91	4	1	1998	0	0	0	0	0
4416	92	4	1	1998	0	0	0	0	0
4464	93	4	1	1998	0	0	0	0	0
4512	94	4	1	1998	0	0	0	0	0
4560	95	4	1	1998	0	0	0	0	0
4608	96	4	1	1997	0	1	1	0	0
4656	97	4	1	1997	0	1	1	0	0
4704	98	4	1	1997	0	1	1	0	0
4752	99	4	1	1997	0	1	1	0	0
4800	100	4	1	1997	0	1	1	0	0
4848	101	4	1	1997	0	1	1	0	0
4896	102	4	1	1997	0	1	1	0	0
4944	103	4	1	1997	0	1	1	0	0
4992	104	4	1	1997	0	1	1	0	0
5040	105	4	1	1997	0	1	1	0	0
5088	106	4	1	1997	0	1	1	0	0
5136	107	4	1	1997	0	1	1	0	0
5184	108	4	1	1997	0	1	1	0	0
5232	109	4	1	1997	0	1	1	0	0
5280	110	4	1	1997	0	1	1	0	0
5328	111	4	1	1997	0	1	1	0	0
5376	112	4	1	1997	0	1	1	0	0
5424	113	4	1	1997	0	1	1	0	0
5472	114	4	1	1997	0	1	1	0	0
5520	115	4	1	1997	0	1	1	0	0
5568	116	4	1	1997	0	1	1	0	0
5616	117	4	1	1997	0	1	1	0	0
5664	118	4	1	1997	0	1	1	0	0
5712	119	4	1	1997	0	1	1	0	0
5760	120	5	1	1997	0	0	0	0	0
5808	121	5	1	1997	0	0	0	0	0
5856	122	5	1	1997	0	0	0	0	0
5904	123	5	1	1996	0	1	1	0	0
5952	124	5	1	1996	0	1	1	0	0
6000	125	5	1	1996	0	1	1	0	0
6048	126	5	1	1996	0	1	1	0	0
6096	127	5	1	1996	0	1	1	0	0
6144	128	5	1	1995	0	2	2	0	0
6192	129	5	1	1995	0	2	2	0	0
6240	130	5	1	1995	0	2	2	0	0
6288	131	5	1	1995	0	2	2	0	0
6336	132	5	1	1995	0	2	2	0	0
6384	133	5	1	1995	0	2	2	0	0
6432	134	5	1	1995	0	2	2	0	0
6480	135	5	1	1995	0	2	2	0	0
6528	136	5	1	1995	0	2	2	0	0
6576	137	5	1	1995	0	2	2	0	0
6624	138	5	1	1995	0	2	2	0	0
6672	139	5	1	1995	0	2	2	0	0
6720	140	5	1	1995	0	2	2	0	0
6768	141	5	1	1995	0	2	2	0	0
6816	142	5	1	1995	0	2	2	0	0
6864	143	5	1	1995	0	2	2	0	0
6912	144	5	1	1995	0	2	2	0	0
6960	145	5	1	1995	0	2	2	0	0
7008	146	5	1	1995	0	2	2	0	0
7056	147	5	1	1995	0	2	2	0	0
7104	148	5	1	1995	0	2	2	0	0
7152	149	5	1	1995	0	2	2	0	0
7200	150	6	1	1995	0	0	0	0	0
7248	151	6	1	1995	0	0	0	0	0
7296	152	6	1	1995	0	0	0	0	0
7344	153	6	1	1995	0	0	0	0	0
7392	154	6	1	1995	0	0	0	0	0
7440	155	6	1	1995	0	0	0	0	0
7488	156	6	1	1995	0	0	0	0	0
7536	157	6	1	1995	0	0	0	0	0
7584	158	6	1	1995	0	0	0	0	0
7632	159	6	1	1995	0	0	0	0	0
7680	160	6	1	1995	0	0	0	0	0
7728	161	6	1	1995	0	0	0	0	0
7776	162	6	1	1995	0	0	0	0	0
7824	163	6	1	1995	0	0	0	0	0
7872	164	6	1	1995	0	0	0	0	0
7920	165	6	1	1995	0	0	0	0	0
7968	166	6	1	1995	0	0	0	0	0
8016	167	6	1	1995	0	0	0	0	0
8064	168	6	1	1995	0	0	0	0	0
8112	169	6	1	1995	0	0	0	0	0
8160	170	6	1	1995	0	0	0	0	0
8208	171	6	1	1995	0	0	0	0	0
8256	172	6	1	1995	0	0	0	0	0
8304	173	6	1	1995	0	0	0	0	0
8352	174	6	1	1995	0	0	0	0	0
8400	175	6	1	1995	0	0	0	0	0
8448	176	6	1	1995	0	0	0	0	0
8496	177	6	1	1995	0	0	0	0	0
8544	178	6	1	1995	0	0	0	0	0
8592	179	6	1	1995	0	0	0	0	0
8640	180	7	1	1995	0	0	0	0	0
8688	181	7	1	1995	0	0	0	0	0
8736	182	7	1	1995	0	0	0	0	0
8784	183	7	1	1995	0	0	0	0	0
8832	184	7	1	1995	0	0	0	0	0
8880	185	7	1	1995	0	0	0	0	0
8928	186	7	1	1995	0	0	0	0	0
8976	187	7	1	1995	0	0	0	0	0
9024	188	7	1	1995	0	0	0	0	0
9072	189	7	1	1995	0	0	0	0	0
9120	190	7	1	1995	0	0	0	0	0
9168	191	7	1	1995	0	0	0	0	0
9216	192	7	1	1995	0	0	0	0	0
9264	193	7	1	1995	0	0	0	0	0
9312	194	7	1	1995	0	0	0	0	0
9360	195	7	1	1995	0	0	0	0	0
9408	196	7	1	1995	0	0	0	0	0
9456	197	7	1	1995	0	0	0	0	0
9504	198	7	1	1995	0	0	0	0	0
9552	199	7	1	1995	0	0	0	0	0
9600	200	7	1	1995	0	0	0	0	0
9648	201	7	1	1995	0	0	0	0	0
9696	202	7	1	1995	0	0	0	0	0
9744	203	7	1	1995	0	0	0	0	0
9792	204	7	1	1995	0	0	0	0	0
9840	205	7	1	1995	0	0	0	0	0
9888	206	7	1	1995	0	0	0	0	0
9936	207	7	1	1995	0	0	0	0	0
9984	208	7	1	1995	0	0	0	0	0
10032	209	7	1	1995	0	0	0	0	0
10080	210	8	1	1995	0	0	0	0	0
10128	211	8	1	1995	0	0	0	0	0
10176	212	8	1	1995	0	0	0	0	0
10224	213	8	1	1995	0	0	0	0	0
10272	214	8	1	1995	0	0	0	0	0
10320	215	8	1	1995	0	0	0	0	0
10368	216	8	1	1995	0	0	0	0	0
10416	217	8	1	1995	0	0	0	0	0
10464	218	8	1	1995	0	0	0	0	0
10512	219	8	1	1995	0	0	0	0	0
10560	220	8	1	1995	0	0	0	0	0
10608	221	8	1	1994	0	1	1	0	0
10656	222	8	1	1994	0	1	1	0	0
10704	223	8	1	1994	0	1	1	0	0
10752	224	8	1	1994	0	1	1	0	0
10800	225	8	1	1994	0	1	1	0	0
10848	226	8	1	1994	0	1	1	0	0
10896	227	8	1	1994	0	1	1	0	0
10944	228	8	1	1994	0	1	1	0	0
10992	229	8	1	1994	0	1	1	0	0
11040	230	8	1	1994	0	1	1	0	0
11088	231	8	1	1994	0	1	1	0	0
11136	232	8	1	1994	0	1	1	0	0
11184	233	8	1	1994	0	1	1	0	0
11232	234	8	1	1994	0	1	1	0	0
11280	235	8	1	1994	0	1	1	0	0
11328	236	8	1	1994	0	1	1	0	0
11376	237	8	1	1994	0	1	1	0	0
11424	238	8	1	1994	0	1	1	0	0
11472	239	8	1	1994	0	1	1	0	0
11520	240	9	1	1994	0	0	0	0	0
11568	241	9	1	1993	0	1	1	0	0
11616	242	9	1	1993	0	1	1	0	0
11664	243	9	1	1993	0	1	1	0	0
11712	244	9	1	1993	0	1	1	0	0
11760	245	9	1	1993	0	1	1	0	0
11808	246	9	1	1993	0	1	1	0	0
11856	247	9	1	1993	0	1	1	0	0
11904	248	9	1	1993	0	1	1	0	0
11952	249	9	1	1993	0	1	1	0	0
12000	250	9	1	1993	0	1	1	0	0
12048	251	9	1	1993	0	1	1	0	0
12096	252	9	1	1993	0	1	1	0	0
12144	253	9	1	1993	0	1	1	0	0
12192	254	9	1	1993	0	1	1	0	0
12240	255	9	1	1993	0	1	1	0	0
12288	256	9	1	1993	0	1	1	0	0
12336	257	9	1	1993	0	1	1	0	0
12384	258	9	1	1993	0	1	1	0	0
12432	259	9	1	1993	0	1	1	0	0
12480	260	9	1	1993	0	1	1	0	0
12528	261	9	1	1993	0	1	1	0	0
12576	262	9	1	1993	0	1	1	0	0
12624	263	9	1	1993	0	1	1	0	0
12672	264	9	1	1993	0	1	1	0	0
12720	265	9	1	1993	0	1	1	0	0
12768	266	9	1	1993	0	1	1	0	0
12816	267	9	1	1993	0	1	1	0	0
12864	268	9	1	1993	0	1	1	0	0
12912	269	9	1	1993	0	1	1	0	0
12960	270	10	1	1993	0	0	0	0	0
13008	271	10	1	1993	0	0	0	0	0
13056	272	10	1	1993	0	0	0	0	0
13104	273	10	1	1993	0	0	0	0	0
13152	274	10	1	1993	0	0	0	0	0
13200	275	10	1	1993	0	0	0	0	0
13248	276	10	1	1993	0	0	0	0	0
13296	277	10	1	1993	0	0	0	0	0
13344	278	10	1	1993	0	0	0	0	0
13392	279	10	1	1993	0	0	0	0	0
13440	280	10	1	1993	0	0	0	0	0
13488	281	10	1	1993	0	0	0	0	0
13536	282	10	1	1993	0	0	0	0	0
13584	283	10	1	1992	0	1	1	0	0
13632	284	10	1	1992	0	1	1	0	0
13680	285	10	1	1992	0	1	1	0	0
13728	286	10	1	1992	0	1	1	0	0
13776	287	10	1	1992	0	1	1	0	0
13824	288	10	1	1992	0	1	1	0	0
13872	289	10	1	1992	0	1	1	0	0
13920	290	10	1	1992	0	1	1	0	0
13968	291	10	1	1992	0	1	1	0	0
14016	292	10	1	1992	0	1	1	0	0
14064	293	10	1	1992	0	1	1	0	0
14112	294	10	1	1992	0	1	1	0	0
14160	295	10	1	1992	0	1	1	0	0
14208	296	10	1	1992	0	1	1	0	0
14256	297	10	1	1992	0	1	1	0	0
14304	298	10	1	1992	0	1	1	0	0
14352	299	10	1	1992	0	1	1	0	0
14400	300	11	1	1992	0	0	0	0	0
14448	301	11	1	1992	0	0	0	0	0
14496	302	11	1	1992	0	0	0	0	0
14544	303	11	1	1992	0	0	0	0	0
14592	304	11	1	1992	0	0	0	0	0
14640	305	11	1	1992	0	0	0	0	0
14688	306	11	1	1992	0	0	0	0	0
14736	307	11	1	1992	0	0	0	0	0
14784	308	11	1	1992	0	0	0	0	0
14832	309	11	1	1992	0	0	0	0	0
14880	310	11	1	1992	0	0	0	0	0
14928	311	11	1	1992	0	0	0	0	0
14976	312	11	1	1992	0	0	0	0	0
15024	313	11	1	1992	0	0	0	0	0
15072	314	11	1	1992	0	0	0	0	0
15120	315	11	1	1992	0	0	0	0	0
15168	316	11	1	1992	0	0	0	0	0
15216	317	11	1	1992	0	0	0	0	0
15264	318	11	1	1992	0	0	0	0	0
15312	319	11	1	1992	0	0	0	0	0
15360	320	11	1	1992	0	0	0	0	0
15408	321	11	1	1992	0	0	0	0	0
15456	322	11	1	1992	0	0	0	0	0
15504	323	11	1	1992	0	0	0	0	0
15552	324	11	1	1992	0	0	0	0	0
15600	325	11	1	1992	0	0	0	0	0
15648	326	11	1	1992	0	0	0	0	0
15696	327	11	1	1992	0	0	0	0	0
15744	328	11	1	1992	0	0	0	0	0
15792	329	11	1	1992	0	0	0	0	0
15840	330	12	1	1992	0	0	0	0	0
15888	331	12	1	1992	0	0	0	0	0
15936	332	12	1	1992	0	0	0	0	0
15984	333	12	1	1992	0	0	0	0	0
16032	334	12	1	1992	0	0	0	0	0
16080	335	12	1	1992	0	0	0	0	0
16128	336	12	1	1992	0	0	0	0	0
16176	337	12	1	1992	0	0	0	0	0
16224	338	12	1	1992	0	0	0	0	0
16272	339	12	1	1992	0	0	0	0	0
16320	340	12	1	1992	0	0	0	0	0
16368	341	12	1	1992	0	0	0	0	0
16416	342	12	1	1992	0	0	0	0	0
16464	343	12	1	1992	0	0	0	0	0
16512	344	12	1	1992	0	0	0	0	0
16560	345	12	1	1992	0	0	0	0	0
16608	346	12	1	1992	0	0	0	0	0
16656	347	12	1	1992	0	0	0	0	0
16704	348	12	1	1992	0	0	0	0	0
16752	349	12	1	1992	0	0	0	0	0
16800	350	12	1	1992	0	0	0	0	0
16848	351	12	1	1992	0	0	0	0	0
16896	352	12	1	1992	0	0	0	0	0
16944	353	12	1	1992	0	0	0	0	0
16992	354	12	1	1992	0	0	0	0	0
17040	355	12	1	1992	0	0	0	0	0
17088	356	12	1	1992	0	0	0	0	0
17136	357	12	1	1993	1	0	0	0	0
17184	358	12	1	1994	2	0	0	0	0
17232	359	12	1	1995	3	0	0	0	0
17280	360	1	2	1995	0	0	0	0	0
17328	361	1	2	1995	0	0	0	0	0
17376	362	1	2	1995	0	0	0	0	0
17424	363	1	2	1995	0	0	0	0	0
17472	364	1	2	1995	0	0	0	0	0
17520	365	1	2	1995	0	0	0	0	0
17568	366	1	2	1997	2	0	0	0	0
17616	367	1	2	1997	2	0	0	0	0
17664	368	1	2	1997	2	0	0	0	0
17712	369	1	2	1997	2	0	0	0	0
17760	370	1	2	1997	2	0	0	0	0
17808	371	1	2	1997	2	0	0	0	0
17856	372	1	2	1999	4	0	0	0	0
17904	373	1	2	2000	5	0	0	0	0
17952	374	1	2	2000	5	0	0	0	0
18000	375	1	2	2000	5	0	0	0	0
18048	376	1	2	2000	5	0	0	0	0
18096	377	1	2	2000	5	0	0	0	0
18144	378	1	2	2000	5	0	0	0	0
18192	379	1	2	2000	5	0	0	0	0
18240	380	1	2	2000	5	0	0	0	0
18288	381	1	2	2000	5	0	0	0	0
18336	382	1	2	2000	5	0	0	0	0
18384	383	1	2	2000	5	0	0	0	0
18432	384	1	2	2000	5	0	0	0	0
18480	385	1	2	2000	5	0	0	0	0
18528	386	1	2	2000	5	0	0	0	0
18576	387	1	2	2000	5	0	0	0	0
18624	388	1	2	2000	5	0	0	0	0
18672	389	1	2	2000	5	0	0	0	0
18720	390	2	2	2000	0	0	0	0	0
18768	391	2	2	2000	0	0	0	0	0
18816	392	2	2	2000	0	0	0	0	0
18864	393	2	2	2000	0	0	0	0	0
18912	394	2	2	2000	0	0	0	0	0
18960	395	2	2	2000	0	0	0	0	0
19008	396	2	2	2000	0	0	0	0	0
19056	397	2	2	2000	0	0	0	0	0
19104	398	2	2	2000	0	0	0	0	0
19152	399	2	2	2000	0	0	0	0	0
19200	400	2	2	2000	0	0	0	0	0
19248	401	2	2	2000	0	0	0	0	0
19296	402	2	2	2000	0	0	0	0	0
19344	403	2	2	2000	0	0	0	0	0
19392	404	2	2	2000	0	0	0	0	0
19440	405	2	2	2000	0	0	0	0	0
19488	406	2	2	2000	0	0	0	0	0
19536	407	2	2	2000	0	0	0	0	0
19584	408	2	2	2000	0	0	0	0	0
19632	409	2	2	2000	0	0	0	0	0
19680	410	2	2	2000	0	0	0	0	0
19728	411	2	2	2000	0	0	0	0	0
19776	412	2	2	2000	0	0	0	0	0
19824	413	2	2	2000	0	0	0	0	0
19872	414	2	2	2000	0	0	0	0	0
19920	415	2	2	2000	0	0	0	0	0
19968	416	2	2	2000	0	0	0	0	0
20016	417	2	2	2000	0	0	0	0	0
20064	418	2	2	2000	0	0	0	0	0
20112	419	2	2	2000	0	0	0	0	0
20160	420	3	2	2000	0	0	0	0	0
20208	421	3	2	2000	0	0	0	0	0
20256	422	3	2	2000	0	0	0	0	0
20304	423	3	2	2000	0	0	0	0	0
20352	424	3	2	2000	0	0	0	0	0
20400	425	3	2	2000	0	0	0	0	0
20448	426	3	2	2000	0	0	0	0	0
20496	427	3	2	2000	0	0	0	0	0
20544	428	3	2	2000	0	0	0	0	0
20592	429	3	2	2000	0	0	0	0	0
20640	430	3	2	2000	0	0	0	0	0
20688	431	3	2	2000	0	0	0	0	0
20736	432	3	2	2000	0	0	0	0	0
20784	433	3	2	2000	0	0	0	0	0
20832	434	3	2	2000	0	0	0	0	0
20880	435	3	2	2000	0	0	0	0	0
20928	436	3	2	2000	0	0	0	0	0
20976	437	3	2	2000	1	1	1	0	0
21024	438	3	2	2000	1	1	1	0	0
21072	439	3	2	2000	1	1	1	0	0
21120	440	3	2	2000	1	1	1	0	0
21168	441	3	2	2000	1	1	1	0	0
21216	442	3	2	2000	1	1	1	0	0
21264	443	3	2	2000	1	1	1	0	0
21312	444	3	2	2000	1	1	1	0	0
21360	445	3	2	2000	1	1	1	0	0
21408	446	3	2	2000	1	1	1	0	0
21456	447	3	2	2000	1	1	1	0	0
21504	448	3	2	2000	1	1	1	0	0
21552	449	3	2	2000	1	1	1	0	0
21600	450	4	2	2000	0	0	0	0	0
21648	451	4	2	2000	0	0	0	0	0
21696	452	4	2	2000	0	0	0	0	0
21744	453	4	2	2000	0	0	0	0	0
21792	454	4	2	2000	0	0	0	0	0
21840	455	4	2	2000	0	0	0	0	0
21888	456	4	2	2000	0	0	0	0	0
21936	457	4	2	2000	0	0	0	0	0
21984	458	4	2	2000	0	0	0	0	0
22032	459	4	2	2000	0	0	0	0	0
22080	460	4	2	2000	0	0	0	0	0
22128	461	4	2	2000	0	0	0	0	0
22176	462	4	2	2000	0	0	0	0	0
22224	463	4	2	2000	0	0	0	0	0
22272	464	4	2	2000	0	0	0	0	0
22320	465	4	2	2000	0	0	0	0	0
22368	466	4	2	2000	0	0	0	0	0
22416	467	4	2	2000	0	0	0	0	0
22464	468	4	2	2000	0	0	0	0	0
22512	469	4	2	2000	0	0	0	0	0
22560	470	4	2	2000	0	0	0	0	0
22608	471	4	2	2000	0	0	0	0	0
22656	472	4	2	2000	0	0	0	0	0
22704	473	4	2	2000	0	0	0	0	0
22752	474	4	2	2000	0	0	0	0	0
22800	475	4	2	2000	0	0	0	0	0
22848	476	4	2	2000	0	0	0	0	0
22896	477	4	2	2000	0	0	0	0	0
22944	478	4	2	2000	0	0	0	0	0
22992	479	4	2	2000	0	0	0	0	0
23040	480	5	2	2000	0	0	0	0	0
23088	481	5	2	2000	0	0	0	0	0
23136	482	5	2	2000	0	0	0	0	0
23184	483	5	2	2000	0	0	0	0	0
23232	484	5	2	2000	0	0	0	0	0
23280	485	5	2	2000	0	0	0	0	0
23328	486	5	2	2000	0	0	0	0	0
23376	487	5	2	2000	0	0	0	0	0
23424	488	5	2	2000	0	0	0	0	0
23472	489	5	2	2000	0	0	0	0	0
23520	490	5	2	2000	0	0	0	0	0
23568	491	5	2	2000	0	0	0	0	0
23616	492	5	2	2000	0	0	0	0	0
23664	493	5	2	2000	0	0	0	0	0
23712	494	5	2	2000	0	0	0	0	0
23760	495	5	2	2000	0	0	0	0	0
23808	496	5	2	2000	0	0	0	0	0
23856	497	5	2	2000	0	0	0	0	0
23904	498	5	2	2000	0	0	0	0	0
23952	499	5	2	2000	0	0	0	0	0
24000	500	5	2	2000	0	0	0	0	0
24048	501	5	2	2000	0	0	0	0	0
24096	502	5	2	2000	0	0	0	0	0
24144	503	5	2	2000	0	0	0	0	0
24192	504	5	2	2000	0	0	0	0	0
24240	505	5	2	2000	0	0	0	0	0
24288	506	5	2	2000	0	0	0	0	0
24336	507	5	2	2000	0	0	0	0	0
24384	508	5	2	2000	0	0	0	0	0
24432	509	5	2	2000	0	0	0	0	0
24480	510	6	2	2000	0	0	0	0	0
24528	511	6	2	2000	0	0	0	0	0
24576	512	6	2	2000	0	0	0	0	0
24624	513	6	2	2000	0	0	0	0	0
24672	514	6	2	2000	0	0	0	0	0
24720	515	6	2	2000	0	0	0	0	0
24768	516	6	2	2000	0	0	0	0	0
24816	517	6	2	2000	0	0	0	0	0
24864	518	6	2	2000	0	0	0	0	0
24912	519	6	2	2000	0	0	0	0	0
24960	520	6	2	2000	0	0	0	0	0
25008	521	6	2	2000	0	0	0	0	0
25056	522	6	2	2000	0	0	0	0	0
25104	523	6	2	2000	0	0	0	0	0
25152	524	6	2	2000	0	0	0	0	0
25200	525	6	2	2000	0	0	0	0	0
25248	526	6	2	2000	0	0	0	0	0
25296	527	6	2	2000	0	0	0	0	0
25344	528	6	2	2000	0	0	0	0	0
25392	529	6	2	2000	0	0	0	0	0
25440	530	6	2	2000	0	0	0	0	0
25488	531	6	2	2000	0	0	0	0	0
25536	532	6	2	2000	0	0	0	0	0
25584	533	6	2	2000	0	0	0	0	0
25632	534	6	2	2000	0	0	0	0	0
25680	535	6	2	2000	0	0	0	0	0
25728	536	6	2	2000	0	0	0	0	0
25776	537	6	2	2000	0	0	0	0	0
25824	538	6	2	2000	0	0	0	0	0
25872	539	6	2	2000	0	0	0	0	0
25920	540	7	2	2000	0	0	0	0	0
25968	541	7	2	2000	0	0	0	0	0
26016	542	7	2	2000	0	0	0	0	0
26064	543	7	2	2000	0	0	0	0	0
26112	544	7	2	2000	0	0	0	0	0
26160	545	7	2	2000	0	0	0	0	0
26208	546	7	2	2000	0	0	0	0	0
26256	547	7	2	2000	0	0	0	0	0
26304	548	7	2	2000	0	0	0	0	0
26352	549	7	2	2000	0	0	0	0	0
26400	550	7	2	2000	0	0	0	0	0
26448	551	7	2	2000	0	0	0	0	0
26496	552	7	2	2000	0	0	0	0	0
26544	553	7	2	2000	0	0	0	0	0
26592	554	7	2	2000	0	0	0	0	0
26640	555	7	2	2000	0	0	0	0	0
26688	556	7	2	2000	0	0	0	0	0
26736	557	7	2	2000	0	0	0	0	0
26784	558	7	2	2000	0	0	0	0	0
26832	559	7	2	2000	0	0	0	0	0
26880	560	7	2	2000	0	0	0	0	0
26928	561	7	2	2000	0	0	0	0	0
26976	562	7	2	2000	0	0	0	0	0
27024	563	7	2	2000	0	0	0	0	0
27072	564	7	2	2000	0	0	0	0	0
27120	565	7	2	2000	0	0	0	0	0
27168	566	7	2	2000	0	0	0	0	0
27216	567	7	2	2000	0	0	0	0	0
27264	568	7	2	2000	0	0	0	0	0
27312	569	7	2	2000	0	0	0	0	0
27360	570	8	2	2000	0	0	0	0	0
27408	571	8	2	2000	0	0	0	0	0
27456	572	8	2	2000	0	0	0	0	0
27504	573	8	2	1998	0	2	2	0	0
27552	574	8	2	1998	0	2	2	0	0
27600	575	8	2	1998	0	2	2	0	0
27648	576	8	2	1998	0	2	2	0	0
27696	577	8	2	1998	0	2	2	0	0
27744	578	8	2	1998	0	2	2	0	0
27792	579	8	2	1998	0	2	2	0	0
27840	580	8	2	1998	0	2	2	0	0
27888	581	8	2	1998	0	2	2	0	0
27936	582	8	2	1998	0	2	2	0	0
27984	583	8	2	1998	0	2	2	0	0
28032	584	8	2	1998	0	2	2	0	0
28080	585	8	2	1998	0	2	2	0	0
28128	586	8	2	1998	0	2	2	0	0
28176	587	8	2	1998	0	2	2	0	0
28224	588	8	2	1998	0	2	2	0	0
28272	589	8	2	1998	0	2	2	0	0
28320	590	8	2	1998	0	2	2	0	0
28368	591	8	2	1998	0	2	2	0	0
28416	592	8	2	1998	0	2	2	0	0
28464	593	8	2	1998	0	2	2	0	0
28512	594	8	2	1998	0	2	2	0	0
28560	595	8	2	1998	0	2	2	0	0
28608	596	8	2	1998	0	2	2	0	0
28656	597	8	2	1998	0	2	2	0	0
28704	598	8	2	1998	0	2	2	0	0
28752	599	8	2	1998	0	2	2	0	0
28800	600	9	2	1998	0	0	0	0	0
28848	601	9	2	1998	0	0	0	0	0
28896	602	9	2	1998	0	0	0	0	0
28944	603	9	2	1998	0	0	0	0	0
28992	604	9	2	1998	0	0	0	0	0
29040	605	9	2	1998	0	0	0	0	0
29088	606	9	2	1998	0	0	0	0	0
29136	607	9	2	1998	0	0	0	0	0
29184	608	9	2	1998	0	0	0	0	0
29232	609	9	2	1998	0	0	0	0	0
29280	610	9	2	1998	0	0	0	0	0
29328	611	9	2	1998	0	0	0	0	0
29376	612	9	2	1998	0	0	0	0	0
29424	613	9	2	1998	0	0	0	0	0
29472	614	9	2	1998	0	0	0	0	0
29520	615	9	2	1998	0	0	0	0	0
29568	616	9	2	1998	0	0	0	0	0
29616	617	9	2	1998	0	0	0	0	0
29664	618	9	2	1998	0	0	0	0	0
29712	619	9	2	1998	0	0	0	0	0
29760	620	9	2	1998	0	0	0	0	0
29808	621	9	2	1998	0	0	0	0	0
29856	622	9	2	1998	0	0	0	0	0
29904	623	9	2	1998	0	0	0	0	0
29952	624	9	2	1998	0	0	0	0	0
30000	625	9	2	1998	0	0	0	0	0
30048	626	9	2	1998	0	0	0	0	0
30096	627	9	2	1998	0	0	0	0	0
30144	628	9	2	1998	0	0	0	0	0
30192	629	9	2	1998	0	0	0	0	0
30240	630	10	2	1998	0	0	0	0	0
30288	631	10	2	1998	0	0	0	0	0
30336	632	10	2	1998	0	0	0	0	0
30384	633	10	2	1998	0	0	0	0	0
30432	634	10	2	1998	0	0	0	0	0
30480	635	10	2	1998	0	0	0	0	0
30528	636	10	2	1998	0	0	0	0	0
30576	637	10	2	1997	0	1	1	0	0
30624	638	10	2	1997	0	1	1	0	0
30672	639	10	2	1997	0	1	1	0	0
30720	640	10	2	1997	0	1	1	0	0
30768	641	10	2	1997	0	1	1	0	0
30816	642	10	2	1997	0	1	1	0	0
30864	643	10	2	1997	0	1	1	0	0
30912	644	10	2	1997	0	1	1	0	0
30960	645	10	2	1997	0	1	1	0	0
31008	646	10	2	1997	0	1	1	0	0
31056	647	10	2	1997	0	1	1	0	0
31104	648	10	2	1997	0	1	1	0	0
31152	649	10	2	1997	0	1	1	0	0
31200	650	10	2	1997	0	1	1	0	0
31248	651	10	2	1997	0	1	1	0	0
31296	652	10	2	1997	0	1	1	0	0
31344	653	10	2	1997	0	1	1	0	0
31392	654	10	2	1997	0	1	1	0	0
31440	655	10	2	1997	0	1	1	0	0
31488	656	10	2	1997	0	1	1	0	0
31536	657	10	2	1997	0	1	1	0	0
31584	658	10	2	1997	0	1	1	0	0
31632	659	10	2	1997	0	1	1	0	0
31680	660	11	2	1997	0	0	0	0	0
31728	661	11	2	1997	0	0	0	0	0
31776	662	11	2	1997	0	0	0	0	0
31824	663	11	2	1997	0	0	0	0	0
31872	664	11	2	1997	0	0	0	0	0
31920	665	11	2	1997	0	0	0	0	0
31968	666	11	2	1997	0	0	0	0	0
32016	667	11	2	1997	0	0	0	0	0
32064	668	11	2	1997	0	0	0	0	0
32112	669	11	2	1997	0	0	0	0	0
32160	670	11	2	1997	0	0	0	0	0
32208	671	11	2	1997	0	0	0	0	0
32256	672	11	2	1997	0	0	0	0	0
32304	673	11	2	1997	0	0	0	0	0
32352	674	11	2	1997	0	0	0	0	0
32400	675	11	2	1997	0	0	0	0	0
32448	676	11	2	1997	0	0	0	0	0
32496	677	11	2	1997	0	0	0	0	0
32544	678	11	2	1997	0	0	0	0	0
32592	679	11	2	1997	0	0	0	0	0
32640	680	11	2	1997	0	0	0	0	0
32688	681	11	2	1997	0	0	0	0	0
32736	682	11	2	1997	0	0	0	0	0
32784	683	11	2	1997	0	0	0	0	0
32832	684	11	2	1997	0	0	0	0	0
32880	685	11	2	1997	0	0	0	0	0
32928	686	11	2	1997	0	0	0	0	0
32976	687	11	2	1997	0	0	0	0	0
33024	688	11	2	1997	0	0	0	0	0
33072	689	11	2	1997	0	0	0	0	0
33120	690	12	2	1997	0	0	0	0	0
33168	691	12	2	1997	0	0	0	0	0
33216	692	12	2	1997	0	0	0	0	0
33264	693	12	2	1997	0	0	0	0	0
33312	694	12	2	1997	0	0	0	0	0
33360	695	12	2	1997	0	0	0	0	0
33408	696	12	2	1997	0	0	0	0	0
33456	697	12	2	1997	0	0	0	0	0
33504	698	12	2	1997	0	0	0	0	0
33552	699	12	2	1997	0	0	0	0	0
33600	700	12	2	1997	0	0	0	0	0
33648	701	12	2	1997	0	0	0	0	0
33696	702	12	2	1997	0	0	0	0	0
33744	703	12	2	1997	0	0	0	0	0
33792	704	12	2	1997	0	0	0	0	0
33840	705	12	2	1997	0	0	0	0	0
33888	706	12	2	1997	0	0	0	0	0
33936	707	12	2	1997	0	0	0	0	0
33984	708	12	2	1997	0	0	0	0	0
34032	709	12	2	1997	0	0	0	0	0
34080	710	12	2	1997	0	0	0	0	0
34128	711	12	2	1997	0	0	0	0	0
34176	712	12	2	1997	0	0	0	0	0
34224	713	12	2	1997	0	0	0	0	0
34272	714	12	2	1997	0	0	0	0	0
34320	715	12	2	1997	0	0	0	0	0
34368	716	12	2	1997	0	0	0	0	0
34416	717	12	2	1997	0	0	0	0	0
34464	718	12	2	1997	0	0	0	0	0
34512	719	12	2	1997	0	0	0	0	0
34560	720	1	3	1998	0	0	0	0	0
34608	721	1	3	1999	1	0	0	0	0
34656	722	1	3	1999	1	0	0	0	0
34704	723	1	3	1999	1	0	0	0	0
34752	724	1	3	2000	2	0	0	0	0
34800	725	1	3	2000	2	0	0	0	0
34848	726	1	3	2000	2	0	0	0	0
34896	727	1	3	2000	2	0	0	0	0
34944	728	1	3	2000	2	0	0	0	0
34992	729	1	3	2000	2	0	0	0	0
35040	730	1	3	2000	2	0	0	0	0
35088	731	1	3	2000	2	0	0	0	0
35136	732	1	3	2000	2	0	0	0	0
35184	733	1	3	2000	2	0	0	0	0
35232	734	1	3	2000	2	0	0	0	0
35280	735	1	3	2000	2	0	0	0	0
35328	736	1	3	2000	2	0	0	0	0
35376	737	1	3	2000	2	0	0	0	0
35424	738	1	3	2000	2	0	0	0	0
35472	739	1	3	2000	2	0	0	0	0
35520	740	1	3	2000	2	0	0	0	0
35568	741	1	3	2000	2	0	0	0	0
35616	742	1	3	2000	2	0	0	0	0
35664	743	1	3	2000	2	0	0	0	0
35712	744	1	3	2000	2	0	0	0	0
35760	745	1	3	2000	2	0	0	0	0
35808	746	1	3	2000	2	0	0	0	0
35856	747	1	3	2000	2	0	0	0	0
35904	748	1	3	2000	2	0	0	0	0
35952	749	1	3	2000	2	0	0	0	0
36000	750	2	3	2000	0	0	0	0	0
36048	751	2	3	2000	0	0	0	0	0
36096	752	2	3	2000	0	0	0	0	0
36144	753	2	3	2000	0	0	0	0	0
36192	754	2	3	2000	0	0	0	0	0
36240	755	2	3	2000	0	0	0	0	0
36288	756	2	3	2000	0	0	0	0	0
36336	757	2	3	2000	0	0	0	0	0
36384	758	2	3	2000	0	0	0	0	0
36432	759	2	3	2000	0	0	0	0	0
36480	760	2	3	2000	0	0	0	0	0
36528	761	2	3	2000	0	0	0	0	0
36576	762	2	3	2000	0	0	0	0	0
36624	763	2	3	2000	0	0	0	0	0
36672	764	2	3	2000	0	0	0	0	0
36720	765	2	3	2000	0	0	0	0	0
36768	766	2	3	2000	0	0	0	0	0
36816	767	2	3	2000	0	0	0	0	0
36864	768	2	3	2000	0	0	0	0	0
36912	769	2	3	2000	0	0	0	0	0
36960	770	2	3	2000	0	0	0	0	0
37008	771	2	3	2000	0	0	0	0	0
37056	772	2	3	2000	0	0	0	0	0
37104	773	2	3	2000	0	0	0	0	0
37152	774	2	3	2000	0	0	0	0	0
37200	775	2	3	2000	0	0	0	0	0
37248	776	2	3	2000	0	0	0	0	0
37296	777	2	3	2000	0	0	0	0	0
37344	778	2	3	2000	0	0	0	0	0
37392	779	2	3	2000	0	0	0	0	0
37440	780	3	3	2000	0	0	0	0	0
37488	781	3	3	2000	0	0	0	0	0
37536	782	3	3	2000	0	0	0	0	0
37584	783	3	3	2000	0	0	0	0	0
37632	784	3	3	2000	0	0	0	0	0
37680	785	3	3	2000	0	0	0	0	0
37728	786	3	3	2000	0	0	0	0	0
37776	787	3	3	2000	0	0	0	0	0
37824	788	3	3	2000	0	0	0	0	0
37872	789	3	3	2000	0	0	0	0	0
37920	790	3	3	2000	0	0	0	0	0
37968	791	3	3	2000	0	0	0	0	0
38016	792	3	3	2000	0	0	0	0	0
38064	793	3	3	2000	0	0	0	0	0
38112	794	3	3	2000	0	0	0	0	0
38160	795	3	3	2000	0	0	0	0	0
38208	796	3	3	2000	0	0	0	0	0
38256	797	3	3	2000	0	0	0	0	0
38304	798	3	3	2000	0	0	0	0	0
38352	799	3	3	2000	0	0	0	0	0
38400	800	3	3	2000	0	0	0	0	0
38448	801	3	3	2000	0	0	0	0	0
38496	802	3	3	2000	0	0	0	0	0
38544	803	3	3	2000	0	0	0	0	0
38592	804	3	3	2000	0	0	0	0	0
38640	805	3	3	2000	0	0	0	0	0
38688	806	3	3	2000	0	0	0	0	0
38736	807	3	3	2000	0	0	0	0	0
38784	808	3	3	2000	0	0	0	0	0
38832	809	3	3	2000	0	0	0	0	0
38880	810	4	3	2000	0	0	0	0	0
38928	811	4	3	2000	0	0	0	0	0
38976	812	4	3	2000	0	0	0	0	0
39024	813	4	3	2000	0	0	0	0	0
39072	814	4	3	2000	0	0	0	0	0
39120	815	4	3	2000	0	0	0	0	0
39168	816	4	3	2000	0	0	0	0	0
39216	817	4	3	2000	0	0	0	0	0
39264	818	4	3	2000	0	0	0	0	0
39312	819	4	3	2000	0	0	0	0	0
39360	820	4	3	2000	0	0	0	0	0
39408	821	4	3	2000	0	0	0	0	0
39456	822	4	3	2000	0	0	0	0	0
39504	823	4	3	2000	0	0	0	0	0
39552	824	4	3	2000	0	0	0	0	0
39600	825	4	3	2000	0	0	0	0	0
39648	826	4	3	2000	0	0	0	0	0
39696	827	4	3	2000	0	0	0	0	0
39744	828	4	3	2000	0	0	0	0	0
39792	829	4	3	2000	0	0	0	0	0
39840	830	4	3	2000	0	0	0	0	0
39888	831	4	3	2000	0	0	0	0	0
39936	832	4	3	2000	0	0	0	0	0
39984	833	4	3	2000	0	0	0	0	0
40032	834	4	3	2000	0	0	0	0	0
40080	835	4	3	2000	0	0	0	0	0
40128	836	4	3	2000	0	0	0	0	0
40176	837	4	3	2000	0	0	0	0	0
40224	838	4	3	2000	0	0	0	0	0
40272	839	4	3	2000	0	0	0	0	0
40320	840	5	3	2000	0	0	0	0	0
40368	841	5	3	2000	0	0	0	0	0
40416	842	5	3	2000	0	0	0	0	0
40464	843	5	3	2000	0	0	0	0	0
40512	844	5	3	2000	0	0	0	0	0
40560	845	5	3	2000	0	0	0	0	0
40608	846	5	3	2000	0	0	0	0	0
40656	847	5	3	2000	0	0	0	0	0
40704	848	5	3	2000	0	0	0	0	0
40752	849	5	3	2000	0	0	0	0	0
40800	850	5	3	2000	0	0	0	0	0
40848	851	5	3	2000	0	0	0	0	0
40896	852	5	3	2000	0	0	0	0	0
40944	853	5	3	2000	0	0	0	0	0
40992	854	5	3	2000	0	0	0	0	0
41040	855	5	3	2000	0	0	0	0	0
41088	856	5	3	2000	0	0	0	0	0
41136	857	5	3	2000	0	0	0	0	0
41184	858	5	3	2000	0	0	0	0	0
41232	859	5	3	2000	0	0	0	0	0
41280	860	5	3	2000	0	0	0	0	0
41328	861	5	3	2000	0	0	0	0	0
41376	862	5	3	2000	0	0	0	0	0
41424	863	5	3	2000	0	0	0	0	0
41472	864	5	3	2000	0	0	0	0	0
41520	865	5	3	2000	0	0	0	0	0
41568	866	5	3	2000	0	0	0	0	0
41616	867	5	3	2000	0	0	0	0	0
41664	868	5	3	2000	0	0	0	0	0
41712	869	5	3	2000	0	0	0	0	0
41760	870	6	3	2000	0	0	0	0	0
41808	871	6	3	2000	0	0	0	0	0
41856	872	6	3	2000	0	0	0	0	0
41904	873	6	3	2000	0	0	0	0	0
41952	874	6	3	2000	0	0	0	0	0
42000	875	6	3	2000	0	0	0	0	0
42048	876	6	3	2000	0	0	0	0	0
42096	877	6	3	2000	0	0	0	0	0
42144	878	6	3	2000	0	0	0	0	0
42192	879	6	3	2000	0	0	0	0	0
42240	880	6	3	2000	0	0	0	0	0
42288	881	6	3	2000	0	0	0	0	0
42336	882	6	3	2000	0	0	0	0	0
42384	883	6	3	2000	0	0	0	0	0
42432	884	6	3	2000	0	0	0	0	0
42480	885	6	3	2000	0	0	0	0	0
42528	886	6	3	2000	0	0	0	0	0
42576	887	6	3	2000	0	0	0	0	0
42624	888	6	3	2000	0	0	0	0	0
42672	889	6	3	2000	0	0	0	0	0
42720	890	6	3	2000	0	0	0	0	0
42768	891	6	3	2000	0	0	0	0	0
42816	892	6	3	2000	0	0	0	0	0
42864	893	6	3	2000	0	0	0	0	0
42912	894	6	3	2000	0	0	0	0	0
42960	895	6	3	2000	0	0	0	0	0
43008	896	6	3	2000	0	0	0	0	0
43056	897	6	3	2000	0	0	0	0	0
43104	898	6	3	2000	0	0	0	0	0
43152	899	6	3	2000	0	0	0	0	0
43200	900	7	3	2000	0	0	0	0	0
43248	901	7	3	2000	0	0	0	0	0
43296	902	7	3	2000	0	0	0	0	0
43344	903	7	3	2000	0	0	0	0	0
43392	904	7	3	2000	0	0	0	0	0
43440	905	7	3	2000	0	0	0	0	0
43488	906	7	3	2000	0	0	0	0	0
43536	907	7	3	2000	0	0	0	0	0
43584	908	7	3	2000	0	0	0	0	0
43632	909	7	3	2000	0	0	0	0	0
43680	910	7	3	2000	0	0	0	0	0
43728	911	7	3	2000	0	0	0	0	0
43776	912	7	3	2000	0	0	0	0	0
43824	913	7	3	2000	0	0	0	0	0
43872	914	7	3	2000	0	0	0	0	0
43920	915	7	3	2000	0	0	0	0	0
43968	916	7	3	2000	0	0	0	0	0
44016	917	7	3	2000	0	0	0	0	0
44064	918	7	3	2000	0	0	0	0	0
44112	919	7	3	2000	0	0	0	0	0
44160	920	7	3	2000	0	0	0	0	0
44208	921	7	3	2000	0	0	0	0	0
44256	922	7	3	2000	0	0	0	0	0
44304	923	7	3	2000	0	0	0	0	0
44352	924	7	3	2000	0	0	0	0	0
44400	925	7	3	2000	0	0	0	0	0
44448	926	7	3	2000	0	0	0	0	0
44496	927	7	3	2000	0	0	0	0	0
44544	928	7	3	2000	0	0	0	0	0
44592	929	7	3	2000	0	0	0	0	0
44640	930	8	3	1999	0	0	0	0	0
44688	931	8	3	1999	0	0	0	0	0
44736	932	8	3	1999	0	0	0	0	0
44784	933	8	3	1999	0	0	0	0	0
44832	934	8	3	1999	0	0	0	0	0
44880	935	8	3	1999	0	0	0	0	0
44928	936	8	3	1999	0	0	0	0	0
44976	937	8	3	1999	0	0	0	0	0
45024	938	8	3	1999	0	0	0	0	0
45072	939	8	3	1999	0	0	0	0	0
45120	940	8	3	1998	0	1	1	0	0
45168	941	8	3	1998	0	1	1	0	0
45216	942	8	3	1998	0	1	1	0	0
45264	943	8	3	1998	0	1	1	0	0
45312	944	8	3	1998	0	1	1	0	0
45360	945	8	3	1998	0	1	1	0	0
45408	946	8	3	1998	0	1	1	0	0
45456	947	8	3	1998	0	1	1	0	0
45504	948	8	3	1998	0	1	1	0	0
45552	949	8	3	1998	0	1	1	0	0
45600	950	8	3	1998	0	1	1	0	0
45648	951	8	3	1998	0	1	1	0	0
45696	952	8	3	1998	0	1	1	0	0
45744	953	8	3	1998	0	1	1	0	0
45792	954	8	3	1998	0	1	1	0	0
45840	955	8	3	1998	0	1	1	0	0
45888	956	8	3	1998	0	1	1	0	0
45936	957	8	3	1998	0	1	1	0	0
45984	958	8	3	1998	0	1	1	0	0
46032	959	8	3	1998	0	1	1	0	0
46080	960	9	3	1998	0	0	0	0	0
46128	961	9	3	1998	0	0	0	0	0
46176	962	9	3	1998	0	0	0	0	0
46224	963	9	3	1998	0	0	0	0	0
46272	964	9	3	1998	0	0	0	0	0
46320	965	9	3	1998	0	0	0	0	0
46368	966	9	3	1998	0	0	0	0	0
46416	967	9	3	1998	0	0	0	0	0
46464	968	9	3	1998	0	0	0	0	0
46512	969	9	3	1998	0	0	0	0	0
46560	970	9	3	1998	0	0	0	0	0
46608	971	9	3	1998	0	0	0	0	0
46656	972	9	3	1998	0	0	0	0	0
46704	973	9	3	1998	0	0	0	0	0
46752	974	9	3	1998	0	0	0	0	0
46800	975	9	3	1998	0	0	0	0	0
46848	976	9	3	1998	0	0	0	0	0
46896	977	9	3	1998	0	0	0	0	0
46944	978	9	3	1998	0	0	0	0	0
46992	979	9	3	1998	0	0	0	0	0
47040	980	9	3	1998	0	0	0	0	0
47088	981	9	3	1998	0	0	0	0	0
47136	982	9	3	1998	0	0	0	0	0
47184	983	9	3	1998	0	0	0	0	0
47232	984	9	3	1998	0	0	0	0	0
47280	985	9	3	1998	0	0	0	0	0
47328	986	9	3	1998	0	0	0	0	0
47376	987	9	3	1998	0	0	0	0	0
47424	988	9	3	1998	0	0	0	0	0
47472	989	9	3	1998	0	0	0	0	0
47520	990	10	3	1998	0	0	0	0	0
47568	991	10	3	1998	0	0	0	0	0
47616	992	10	3	1998	0	0	0	0	0
47664	993	10	3	1998	0	0	0	0	0
47712	994	10	3	1998	0	0	0	0	0
47760	995	10	3	1998	0	0	0	0	0
47808	996	10	3	1998	0	0	0	0	0
47856	997	10	3	1998	0	0	0	0	0
47904	998	10	3	1998	0	0	0	0	0
47952	999	10	3	1998	0	0	0	0	0
48000	1000	10	3	1998	0	0	0	0	0
48048	1001	10	3	1998	0	0	0	0	0
48096	1002	10	3	1998	0	0	0	0	0
48144	1003	10	3	1997	0	1	1	0	0
48192	1004	10	3	1997	0	1	1	0	0
48240	1005	10	3	1997	0	1	1	0	0
48288	1006	10	3	1997	0	1	1	0	0
48336	1007	10	3	1997	0	1	1	0	0
48384	1008	10	3	1997	0	1	1	0	0
48432	1009	10	3	1997	0	1	1	0	0
48480	1010	10	3	1997	0	1	1	0	0
48528	1011	10	3	1997	0	1	1	0	0
48576	1012	10	3	1997	0	1	1	0	0
48624	1013	10	3	1997	0	1	1	0	0
48672	1014	10	3	1997	0	1	1	0	0
48720	1015	10	3	1997	0	1	1	0	0
48768	1016	10	3	1997	0	1	1	0	0
48816	1017	10	3	1997	0	1	1	0	0
48864	1018	10	3	1997	0	1	1	0	0
48912	1019	10	3	1997	0	1	1	0	0
48960	1020	11	3	1997	0	0	0	0	0
49008	1021	11	3	1997	0	0	0	0	0
49056	1022	11	3	1997	0	0	0	0	0
49104	1023	11	3	1997	0	0	0	0	0
49152	1024	11	3	1997	0	0	0	0	0
49200	1025	11	3	1997	0	0	0	0	0
49248	1026	11	3	1997	0	0	0	0	0
49296	1027	11	3	1997	0	0	0	0	0
49344	1028	11	3	1997	0	0	0	0	0
49392	1029	11	3	1997	0	0	0	0	0
49440	1030	11	3	1997	0	0	0	0	0
49488	1031	11	3	1997	0	0	0	0	0
49536	1032	11	3	1997	0	0	0	0	0
49584	1033	11	3	1997	0	0	0	0	0
49632	1034	11	3	1997	0	0	0	0	0
49680	1035	11	3	1997	0	0	0	0	0
49728	1036	11	3	1997	0	0	0	0	0
49776	1037	11	3	1997	0	0	0	0	0
49824	1038	11	3	1997	0	0	0	0	0
49872	1039	11	3	1997	0	0	0	0	0
49920	1040	11	3	1997	0	0	0	0	0
49968	1041	11	3	1997	0	0	0	0	0
50016	1042	11	3	1997	0	0	0	0	0
50064	1043	11	3	1997	0	0	0	0	0
50112	1044	11	3	1997	0	0	0	0	0
50160	1045	11	3	1997	0	0	0	0	0
50208	1046	11	3	1997	0	0	0	0	0
50256	1047	11	3	1997	0	0	0	0	0
50304	1048	11	3	1997	0	0	0	0	0
50352	1049	11	3	1997	0	0	0	0	0
50400	1050	12	3	1997	0	0	0	0	0
50448	1051	12	3	1997	0	0	0	0	0
50496	1052	12	3	1997	0	0	0	0	0
50544	1053	12	3	1997	0	0	0	0	0
50592	1054	12	3	1997	0	0	0	0	0
50640	1055	12	3	1997	0	0	0	0	0
50688	1056	12	3	1997	0	0	0	0	0
50736	1057	12	3	1997	0	0	0	0	0
50784	1058	12	3	1997	0	0	0	0	0
50832	1059	12	3	1997	0	0	0	0	0
50880	1060	12	3	1997	0	0	0	0	0
50928	1061	12	3	1997	0	0	0	0	0
50976	1062	12	3	1997	0	0	0	0	0
51024	1063	12	3	1997	0	0	0	0	0
51072	1064	12	3	1997	0	0	0	0	0
51120	1065	12	3	1997	0	0	0	0	0
51168	1066	12	3	1997	0	0	0	0	0
51216	1067	12	3	1997	0	0	0	0	0
51264	1068	12	3	1997	0	0	0	0	0
51312	1069	12	3	1997	0	0	0	0	0
51360	1070	12	3	1997	0	0	0	0	0
51408	1071	12	3	1997	0	0	0	0	0
51456	1072	12	3	1997	0	0	0	0	0
51504	1073	12	3	1998	1	0	0	0	0
51552	1074	12	3	1999	2	0	0	0	0
51600	1075	12	3	1999	2	0	0	0	0
51648	1076	12	3	1999	2	0	0	0	0
51696	1077	12	3	1999	2	0	0	0	0
51744	1078	12	3	2000	3	0	0	0	0
51792	1079	12	3	2000	3	0	0	0	0
51840	1080	1	4	2000	0	0	0	0	0
51888	1081	1	4	2000	0	0	0	0	0
51936	1082	1	4	2000	0	0	0	0	0
51984	1083	1	4	2000	0	0	0	0	0
52032	1084	1	4	2000	0	0	0	0	0
52080	1085	1	4	2000	0	0	0	0	0
52128	1086	1	4	2000	0	0	0	0	0
52176	1087	1	4	2000	0	0	0	0	0
52224	1088	1	4	2000	0	0	0	0	0
52272	1089	1	4	2000	0	0	0	0	0
52320	1090	1	4	2000	0	0	0	0	0
52368	1091	1	4	2000	0	0	0	0	0
52416	1092	1	4	2000	0	0	0	0	0
52464	1093	1	4	2000	0	0	0	0	0
52512	1094	1	4	2000	0	0	0	0	0
52560	1095	1	4	2000	0	0	0	0	0
52608	1096	1	4	2000	0	0	0	0	0
52656	1097	1	4	2000	0	0	0	0	0
52704	1098	1	4	2000	0	0	0	0	0
52752	1099	1	4	2000	0	0	0	0	0
52800	1100	1	4	2000	0	0	0	0	0
52848	1101	1	4	2000	0	0	0	0	0
52896	1102	1	4	2000	1	1	1	0	0
52944	1103	1	4	2000	1	1	1	0	0
52992	1104	1	4	2000	1	1	1	0	0
53040	1105	1	4	2000	1	1	1	0	0
53088	1106	1	4	2000	1	1	1	0	0
53136	1107	1	4	2000	1	1	1	0	0
53184	1108	1	4	2000	1	1	1	0	0
53232	1109	1	4	2000	1	1	1	0	0
53280	1110	2	4	2000	0	0	0	0	0
53328	1111	2	4	2000	0	0	0	0	0
53376	1112	2	4	2000	0	0	0	0	0
53424	1113	2	4	2000	0	0	0	0	0
53472	1114	2	4	2000	0	0	0	0	0
53520	1115	2	4	2000	0	0	0	0	0
53568	1116	2	4	2000	0	0	0	0	0
53616	1117	2	4	2000	0	0	0	0	0
53664	1118	2	4	2000	0	0	0	0	0
53712	1119	2	4	2000	0	0	0	0	0
53760	1120	2	4	2000	0	0	0	0	0
53808	1121	2	4	2000	0	0	0	0	0
53856	1122	2	4	2000	0	0	0	0	0
53904	1123	2	4	2000	0	0	0	0	0
53952	1124	2	4	2000	0	0	0	0	0
54000	1125	2	4	2000	0	0	0	0	0
54048	1126	2	4	2000	0	0	0	0	0
54096	1127	2	4	2000	0	0	0	0	0
54144	1128	2	4	2000	0	0	0	0	0
54192	1129	2	4	2000	0	0	0	0	0
54240	1130	2	4	2000	0	0	0	0	0
54288	1131	2	4	2000	0	0	0	0	0
54336	1132	2	4	2000	0	0	0	0	0
54384	1133	2	4	2000	0	0	0	0	0
54432	1134	2	4	2000	0	0	0	0	0
54480	1135	2	4	2000	0	0	0	0	0
54528	1136	2	4	2000	0	0	0	0	0
54576	1137	2	4	2000	0	0	0	0	0
54624	1138	2	4	2000	0	0	0	0	0
54672	1139	2	4	2000	0	0	0	0	0
54720	1140	3	4	2000	0	0	0	0	0
54768	1141	3	4	2000	0	0	0	0	0
54816	1142	3	4	2000	0	0	0	0	0
54864	1143	3	4	2000	0	0	0	0	0
54912	1144	3	4	2000	0	0	0	0	0
54960	1145	3	4	2000	0	0	0	0	0
55008	1146	3	4	2000	0	0	0	0	0
55056	1147	3	4	2000	0	0	0	0	0
55104	1148	3	4	2000	0	0	0	0	0
55152	1149	3	4	2000	0	0	0	0	0
55200	1150	3	4	2000	0	0	0	0	0
55248	1151	3	4	2000	0	0	0	0	0
55296	1152	3	4	2000	0	0	0	0	0
55344	1153	3	4	2000	0	0	0	0	0
55392	1154	3	4	2000	0	0	0	0	0
55440	1155	3	4	2000	0	0	0	0	0
55488	1156	3	4	1999	0	1	1	0	0
55536	1157	3	4	2000	1	1	1	0	0
55584	1158	3	4	2000	1	1	1	0	0
55632	1159	3	4	2000	1	1	1	0	0
55680	1160	3	4	2000	1	1	1	0	0
55728	1161	3	4	2000	1	1	1	0	0
55776	1162	3	4	2000	1	1	1	0	0
55824	1163	3	4	2000	1	1	1	0	0
55872	1164	3	4	2000	1	1	1	0	0
55920	1165	3	4	2000	1	1	1	0	0
55968	1166	3	4	2000	1	1	1	0	0
56016	1167	3	4	2000	1	1	1	0	0
56064	1168	3	4	2000	1	1	1	0	0
56112	1169	3	4	2000	1	1	1	0	0
56160	1170	4	4	2000	0	0	0	0	0
56208	1171	4	4	2000	0	0	0	0	0
56256	1172	4	4	2000	0	0	0	0	0
56304	1173	4	4	2000	0	0	0	0	0
56352	1174	4	4	2000	0	0	0	0	0
56400	1175	4	4	2000	0	0	0	0	0
56448	1176	4	4	2000	0	0	0	0	0
56496	1177	4	4	2000	0	0	0	0	0
56544	1178	4	4	2000	0	0	0	0	0
56592	1179	4	4	2000	0	0	0	0	0
56640	1180	4	4	2000	0	0	0	0	0
56688	1181	4	4	2000	0	0	0	0	0
56736	1182	4	4	2000	0	0	0	0	0
56784	1183	4	4	2000	0	0	0	0	0
56832	1184	4	4	2000	0	0	0	0	0
56880	1185	4	4	2000	0	0	0	0	0
56928	1186	4	4	2000	0	0	0	0	0
56976	1187	4	4	2000	0	0	0	0	0
57024	1188	4	4	2000	0	0	0	0	0
57072	1189	4	4	2000	0	0	0	0	0
57120	1190	4	4	2000	0	0	0	0	0
57168	1191	4	4	2000	0	0	0	0	0
57216	1192	4	4	2000	0	0	0	0	0
57264	1193	4	4	2000	0	0	0	0	0
57312	1194	4	4	2000	0	0	0	0	0
57360	1195	4	4	2000	0	0	0	0	0
57408	1196	4	4	2000	0	0	0	0	0
57456	1197	4	4	2000	0	0	0	0	0
57504	1198	4	4	2000	0	0	0	0	0
57552	1199	4	4	2000	0	0	0	0	0
57600	1200	5	4	2000	0	0	0	0	0
57648	1201	5	4	2000	0	0	0	0	0
57696	1202	5	4	2000	0	0	0	0	0
57744	1203	5	4	2000	0	0	0	0	0
57792	1204	5	4	2000	0	0	0	0	0
57840	1205	5	4	2000	0	0	0	0	0
57888	1206	5	4	2000	0	0	0	0	0
57936	1207	5	4	2000	0	0	0	0	0
57984	1208	5	4	2000	0	0	0	0	0
58032	1209	5	4	2000	0	0	0	0	0
58080	1210	5	4	2000	0	0	0	0	0
58128	1211	5	4	2000	0	0	0	0	0
58176	1212	5	4	2000	0	0	0	0	0
58224	1213	5	4	2000	0	0	0	0	0
58272	1214	5	4	2000	0	0	0	0	0
58320	1215	5	4	2000	0	0	0	0	0
58368	1216	5	4	2000	0	0	0	0	0
58416	1217	5	4	2000	0	0	0	0	0
58464	1218	5	4	2000	0	0	0	0	0
58512	1219	5	4	2000	0	0	0	0	0
58560	1220	5	4	2000	0	0	0	0	0
58608	1221	5	4	2000	0	0	0	0	0
58656	1222	5	4	2000	0	0	0	0	0
58704	1223	5	4	2000	0	0	0	0	0
58752	1224	5	4	2000	0	0	0	0	0
58800	1225	5	4	2000	0	0	0	0	0
58848	1226	5	4	2000	0	0	0	0	0
58896	1227	5	4	2000	0	0	0	0	0
58944	1228	5	4	2000	0	0	0	0	0
58992	1229	5	4	2000	0	0	0	0	0
59040	1230	6	4	2000	0	0	0	0	0
59088	1231	6	4	2000	0	0	0	0	0
59136	1232	6	4	2000	0	0	0	0	0
59184	1233	6	4	2000	0	0	0	0	0
59232	1234	6	4	2000	0	0	0	0	0
59280	1235	6	4	2000	0	0	0	0	0
59328	1236	6	4	2000	0	0	0	0	0
59376	1237	6	4	2000	0	0	0	0	0
59424	1238	6	4	2000	0	0	0	0	0
59472	1239	6	4	2000	0	0	0	0	0
59520	1240	6	4	2000	0	0	0	0	0
59568	1241	6	4	2000	0	0	0	0	0
59616	1242	6	4	2000	0	0	0	0	0
59664	1243	6	4	2000	0	0	0	0	0
59712	1244	6	4	2000	0	0	0	0	0
59760	1245	6	4	2000	0	0	0	0	0
59808	1246	6	4	2000	0	0	0	0	0
59856	1247	6	4	2000	0	0	0	0	0
59904	1248	6	4	2000	0	0	0	0	0
59952	1249	6	4	2000	0	0	0	0	0
60000	1250	6	4	2000	0	0	0	0	0
60048	1251	6	4	2000	0	0	0	0	0
60096	1252	6	4	2000	0	0	0	0	0
60144	1253	6	4	2000	0	0	0	0	0
60192	1254	6	4	2000	0	0	0	0	0
60240	1255	6	4	2000	0	0	0	0	0
60288	1256	6	4	2000	0	0	0	0	0
60336	1257	6	4	1999	0	1	1	0	0
60384	1258	6	4	1999	0	1	1	0	0
60432	1259	6	4	1999	0	1	1	0	0
60480	1260	7	4	1999	0	0	0	0	0
60528	1261	7	4	1999	0	0	0	0	0
60576	1262	7	4	1999	0	0	0	0	0
60624	1263	7	4	1999	0	0	0	0	0
60672	1264	7	4	1999	0	0	0	0	0
60720	1265	7	4	1999	0	0	0	0	0
60768	1266	7	4	1999	0	0	0	0	0
60816	1267	7	4	1999	0	0	0	0	0
60864	1268	7	4	1999	0	0	0	0	0
60912	1269	7	4	1999	0	0	0	0	0
60960	1270	7	4	1999	0	0	0	0	0
61008	1271	7	4	1999	0	0	0	0	0
61056	1272	7	4	1999	0	0	0	0	0
61104	1273	7	4	1999	0	0	0	0	0
61152	1274	7	4	1999	0	0	0	0	0
61200	1275	7	4	1999	0	0	0	0	0
61248	1276	7	4	1999	0	0	0	0	0
61296	1277	7	4	1999	0	0	0	0	0
61344	1278	7	4	1999	0	0	0	0	0
61392	1279	7	4	1999	0	0	0	0	0
61440	1280	7	4	1999	0	0	0	0	0
61488	1281	7	4	1999	0	0	0	0	0
61536	1282	7	4	1999	0	0	0	0	0
61584	1283	7	4	1999	0	0	0	0	0
61632	1284	7	4	1999	0	0	0	0	0
61680	1285	7	4	1999	0	0	0	0	0
61728	1286	7	4	1999	0	0	0	0	0
61776	1287	7	4	1999	0	0	0	0	0
61824	1288	7	4	1999	0	0	0	0	0
61872	1289	7	4	1999	0	0	0	0	0
61920	1290	8	4	1999	0	0	0	0	0
61968	1291	8	4	1999	0	0	0	0	0
62016	1292	8	4	1999	0	0	0	0	0
62064	1293	8	4	1999	0	0	0	0	0
62112	1294	8	4	1999	0	0	0	0	0
62160	1295	8	4	1999	0	0	0	0	0
62208	1296	8	4	1999	0	0	0	0	0
62256	1297	8	4	1999	0	0	0	0	0
62304	1298	8	4	1999	0	0	0	0	0
62352	1299	8	4	1999	0	0	0	0	0
62400	1300	8	4	1999	0	0	0	0	0
62448	1301	8	4	1999	0	0	0	0	0
62496	1302	8	4	1999	0	0	0	0	0
62544	1303	8	4	1999	0	0	0	0	0
62592	1304	8	4	1999	0	0	0	0	0
62640	1305	8	4	1999	0	0	0	0	0
62688	1306	8	4	1999	0	0	0	0	0
62736	1307	8	4	1999	0	0	0	0	0
62784	1308	8	4	1999	0	0	0	0	0
62832	1309	8	4	1999	0	0	0	0	0
62880	1310	8	4	1999	0	0	0	0	0
62928	1311	8	4	1999	0	0	0	0	0
62976	1312	8	4	1999	0	0	0	0	0
63024	1313	8	4	1999	0	0	0	0	0
63072	1314	8	4	1999	0	0	0	0	0
63120	1315	8	4	1999	0	0	0	0	0
63168	1316	8	4	1999	0	0	0	0	0
63216	1317	8	4	1999	0	0	0	0	0
63264	1318	8	4	1999	0	0	0	0	0
63312	1319	8	4	1999	0	0	0	0	0
63360	1320	9	4	1999	0	0	0	0	0
63408	1321	9	4	1999	0	0	0	0	0
63456	1322	9	4	1999	0	0	0	0	0
63504	1323	9	4	1999	0	0	0	0	0
63552	1324	9	4	1999	0	0	0	0	0
63600	1325	9	4	1999	0	0	0	0	0
63648	1326	9	4	1999	0	0	0	0	0
63696	1327	9	4	1999	0	0	0	0	0
63744	1328	9	4	1999	0	0	0	0	0
63792	1329	9	4	1999	0	0	0	0	0
63840	1330	9	4	1999	0	0	0	0	0
63888	1331	9	4	1999	0	0	0	0	0
63936	1332	9	4	1999	0	0	0	0	0
63984	1333	9	4	1999	0	0	0	0	0
64032	1334	9	4	1999	0	0	0	0	0
64080	1335	9	4	1999	0	0	0	0	0
64128	1336	9	4	1999	0	0	0	0	0
64176	1337	9	4	1999	0	0	0	0	0
64224	1338	9	4	1999	0	0	0	0	0
64272	1339	9	4	1999	0	0	0	0	0
64320	1340	9	4	1999	0	0	0	0	0
64368	1341	9	4	1998	0	1	1	0	0
64416	1342	9	4	1998	0	1	1	0	0
64464	1343	9	4	1998	0	1	1	0	0
64512	1344	9	4	1998	0	1	1	0	0
64560	1345	9	4	1998	0	1	1	0	0
64608	1346	9	4	1998	0	1	1	0	0
64656	1347	9	4	1998	0	1	1	0	0
64704	1348	9	4	1998	0	1	1	0	0
64752	1349	9	4	1998	0	1	1	0	0
64800	1350	10	4	1998	0	0	0	0	0
64848	1351	10	4	1998	0	0	0	0	0
64896	1352	10	4	1998	0	0	0	0	0
64944	1353	10	4	1998	0	0	0	0	0
64992	1354	10	4	1998	0	0	0	0	0
65040	1355	10	4	1998	0	0	0	0	0
65088	1356	10	4	1998	0	0	0	0	0
65136	1357	10	4	1998	0	0	0	0	0
65184	1358	10	4	1998	0	0	0	0	0
65232	1359	10	4	1998	0	0	0	0	0
65280	1360	10	4	1998	0	0	0	0	0
65328	1361	10	4	1998	0	0	0	0	0
65376	1362	10	4	1998	0	0	0	0	0
65424	1363	10	4	1998	0	0	0	0	0
65472	1364	10	4	1998	0	0	0	0	0
65520	1365	10	4	1998	0	0	0	0	0
65568	1366	10	4	1998	0	0	0	0	0
65616	1367	10	4	1998	0	0	0	0	0
65664	1368	10	4	1998	0	0	0	0	0
65712	1369	10	4	1998	0	0	0	0	0
65760	1370	10	4	1998	0	0	0	0	0
65808	1371	10	4	1998	0	0	0	0	0
65856	1372	10	4	1998	0	0	0	0	0
65904	1373	10	4	1998	0	0	0	0	0
65952	1374	10	4	1998	0	0	0	0	0
66000	1375	10	4	1998	0	0	0	0	0
66048	1376	10	4	1998	0	0	0	0	0
66096	1377	10	4	1998	0	0	0	0	0
66144	1378	10	4	1998	0	0	0	0	0
66192	1379	10	4	1998	0	0	0	0	0
66240	1380	11	4	1998	0	0	0	0	0
66288	1381	11	4	1998	0	0	0	0	0
66336	1382	11	4	1998	0	0	0	0	0
66384	1383	11	4	1998	0	0	0	0	0
66432	1384	11	4	1998	0	0	0	0	0
66480	1385	11	4	1998	0	0	0	0	0
66528	1386	11	4	1998	0	0	0	0	0
66576	1387	11	4	1998	0	0	0	0	0
66624	1388	11	4	1998	0	0	0	0	0
66672	1389	11	4	1998	0	0	0	0	0
66720	1390	11	4	1998	0	0	0	0	0
66768	1391	11	4	1998	0	0	0	0	0
66816	1392	11	4	1998	0	0	0	0	0
66864	1393	11	4	1998	0	0	0	0	0
66912	1394	11	4	1998	0	0	0	0	0
66960	1395	11	4	1998	0	0	0	0	0
67008	1396	11	4	1998	0	0	0	0	0
67056	1397	11	4	1998	0	0	0	0	0
67104	1398	11	4	1998	0	0	0	0	0
67152	1399	11	4	1998	0	0	0	0	0
67200	1400	11	4	1998	0	0	0	0	0
67248	1401	11	4	1998	0	0	0	0	0
67296	1402	11	4	1998	0	0	0	0	0
67344	1403	11	4	1998	0	0	0	0	0
67392	1404	11	4	1998	0	0	0	0	0
67440	1405	11	4	1998	0	0	0	0	0
67488	1406	11	4	1998	0	0	0	0	0
67536	1407	11	4	1998	0	0	0	0	0
67584	1408	11	4	1998	0	0	0	0	0
67632	1409	11	4	1998	0	0	0	0	0
67680	1410	12	4	1998	0	0	0	0	0
67728	1411	12	4	1998	0	0	0	0	0
67776	1412	12	4	1998	0	0	0	0	0
67824	1413	12	4	1998	0	0	0	0	0
67872	1414	12	4	1998	0	0	0	0	0
67920	1415	12	4	1998	0	0	0	0	0
67968	1416	12	4	1998	0	0	0	0	0
68016	1417	12	4	1998	0	0	0	0	0
68064	1418	12	4	1998	0	0	0	0	0
68112	1419	12	4	1998	0	0	0	0	0
68160	1420	12	4	1998	0	0	0	0	0
68208	1421	12	4	1998	0	0	0	0	0
68256	1422	12	4	1998	0	0	0	0	0
68304	1423	12	4	1997	0	1	1	0	0
68352	1424	12	4	1997	0	1	1	0	0
68400	1425	12	4	1997	0	1	1	0	0
68448	1426	12	4	1997	0	1	1	0	0
68496	1427	12	4	1997	0	1	1	0	0
68544	1428	12	4	1997	0	1	1	0	0
68592	1429	12	4	1997	0	1	1	0	0
68640	1430	12	4	1997	0	1	1	0	0
68688	1431	12	4	1997	0	1	1	0	0
68736	1432	12	4	1997	0	1	1	0	0
68784	1433	12	4	1997	0	1	1	0	0
68832	1434	12	4	1997	0	1	1	0	0
68880	1435	12	4	1997	0	1	1	0	0
68928	1436	12	4	1997	0	1	1	0	0
68976	1437	12	4	1997	0	1	1	0	0
69024	1438	12	4	1997	0	1	1	0	0
69072	1439	12	4	1998	1	1	1	0	0
69120	1440	1	5	1998	0	0	0	0	0
69168	1441	1	5	1998	0	0	0	0	0
69216	1442	1	5	1998	0	0	0	0	0
69264	1443	1	5	1998	0	0	0	0	0
69312	1444	1	5	1998	0	0	0	0	0
69360	1445	1	5	1998	0	0	0	0	0
69408	1446	1	5	1998	0	0	0	0	0
69456	1447	1	5	1998	0	0	0	0	0
69504	1448	1	5	1998	0	0	0	0	0
69552	1449	1	5	2000	2	0	0	0	0
69600	1450	1	5	2000	2	0	0	0	0
69648	1451	1	5	2000	2	0	0	0	0
69696	1452	1	5	2000	2	0	0	0	0
69744	1453	1	5	2000	2	0	0	0	0
69792	1454	1	5	2000	2	0	0	0	0
69840	1455	1	5	2000	2	0	0	0	0
69888	1456	1	5	2000	2	0	0	0	0
69936	1457	1	5	2000	2	0	0	0	0
69984	1458	1	5	2000	2	0	0	0	0
70032	1459	1	5	2000	2	0	0	0	0
70080	1460	1	5	2000	2	0	0	0	0
70128	1461	1	5	2000	2	0	0	0	0
70176	1462	1	5	2000	2	0	0	0	0
70224	1463	1	5	2000	2	0	0	0	0
70272	1464	1	5	2000	2	0	0	0	0
70320	1465	1	5	2000	2	0	0	0	0
70368	1466	1	5	2000	2	0	0	0	0
70416	1467	1	5	2000	2	0	0	0	0
70464	1468	1	5	2000	2	0	0	0	0
70512	1469	1	5	2000	2	0	0	0	0
70560	1470	2	5	2000	0	0	0	0	0
70608	1471	2	5	2000	0	0	0	0	0
70656	1472	2	5	2000	0	0	0	0	0
70704	1473	2	5	2000	0	0	0	0	0
70752	1474	2	5	2000	0	0	0	0	0
70800	1475	2	5	2000	0	0	0	0	0
70848	1476	2	5	2000	0	0	0	0	0
70896	1477	2	5	2000	0	0	0	0	0
70944	1478	2	5	2000	0	0	0	0	0
70992	1479	2	5	2000	0	0	0	0	0
71040	1480	2	5	2000	0	0	0	0	0
71088	1481	2	5	2000	0	0	0	0	0
71136	1482	2	5	2000	0	0	0	0	0
71184	1483	2	5	2000	0	0	0	0	0
71232	1484	2	5	2000	0	0	0	0	0
71280	1485	2	5	2000	0	0	0	0	0
71328	1486	2	5	2000	0	0	0	0	0
71376	1487	2	5	2000	0	0	0	0	0
71424	1488	2	5	2000	0	0	0	0	0
71472	1489	2	5	2000	0	0	0	0	0
71520	1490	2	5	2000	0	0	0	0	0
71568	1491	2	5	2000	0	0	0	0	0
71616	1492	2	5	2000	0	0	0	0	0
71664	1493	2	5	2000	0	0	0	0	0
71712	1494	2	5	2000	0	0	0	0	0
71760	1495	2	5	2000	0	0	0	0	0
71808	1496	2	5	2000	0	0	0	0	0
71856	1497	2	5	2000	0	0	0	0	0
71904	1498	2	5	2000	0	0	0	0	0
71952	1499	2	5	2000	0	0	0	0	0
72000	1500	3	5	2000	0	0	0	0	0
72048	1501	3	5	2000	0	0	0	0	0
72096	1502	3	5	2000	0	0	0	0	0
72144	1503	3	5	2000	0	0	0	0	0
72192	1504	3	5	2000	0	0	0	0	0
72240	1505	3	5	2000	0	0	0	0	0
72288	1506	3	5	2000	0	0	0	0	0
72336	1507	3	5	2000	0	0	0	0	0
72384	1508	3	5	2000	0	0	0	0	0
72432	1509	3	5	2000	1	1	1	0	0
72480	1510	3	5	2000	1	1	1	0	0
72528	1511	3	5	2000	1	1	1	0	0
72576	1512	3	5	2000	1	1	1	0	0
72624	1513	3	5	2000	1	1	1	0	0
72672	1514	3	5	2000	1	1	1	0	0
72720	1515	3	5	2000	1	1	1	0	0
72768	1516	3	5	2000	1	1	1	0	0
72816	1517	3	5	2000	1	1	1	0	0
72864	1518	3	5	2000	1	1	1	0	0
72912	1519	3	5	2000	1	1	1	0	0
72960	1520	3	5	2000	1	1	1	0	0
73008	1521	3	5	2000	1	1	1	0	0
73056	1522	3	5	2000	1	1	1	0	0
73104	1523	3	5	2000	1	1	1	0	0
73152	1524	3	5	2000	1	1	1	0	0
73200	1525	3	5	2000	1	1	1	0	0
73248	1526	3	5	2000	1	1	1	0	0
73296	1527	3	5	2000	1	1	1	0	0
73344	1528	3	5	2000	1	1	1	0	0
73392	1529	3	5	2000	1	1	1	0	0
73440	1530	4	5	2000	0	0	0	0	0
73488	1531	4	5	2000	0	0	0	0	0
73536	1532	4	5	2000	0	0	0	0	0
73584	1533	4	5	2000	0	0	0	0	0
73632	1534	4	5	2000	0	0	0	0	0
73680	1535	4	5	2000	0	0	0	0	0
73728	1536	4	5	2000	0	0	0	0	0
73776	1537	4	5	2000	0	0	0	0	0
73824	1538	4	5	2000	0	0	0	0	0
73872	1539	4	5	2000	0	0	0	0	0
73920	1540	4	5	2000	0	0	0	0	0
73968	1541	4	5	2000	0	0	0	0	0
74016	1542	4	5	2000	0	0	0	0	0
74064	1543	4	5	2000	0	0	0	0	0
74112	1544	4	5	2000	0	0	0	0	0
74160	1545	4	5	2000	0	0	0	0	0
74208	1546	4	5	2000	0	0	0	0	0
74256	1547	4	5	2000	0	0	0	0	0
74304	1548	4	5	2000	0	0	0	0	0
74352	1549	4	5	2000	0	0	0	0	0
74400	1550	4	5	2000	0	0	0	0	0
74448	1551	4	5	2000	0	0	0	0	0
74496	1552	4	5	2000	0	0	0	0	0
74544	1553	4	5	2000	0	0	0	0	0
74592	1554	4	5	2000	0	0	0	0	0
74640	1555	4	5	2000	0	0	0	0	0
74688	1556	4	5	2000	0	0	0	0	0
74736	1557	4	5	2000	0	0	0	0	0
74784	1558	4	5	2000	0	0	0	0	0
74832	1559	4	5	2000	0	0	0	0	0
74880	1560	5	5	2000	0	0	0	0	0
74928	1561	5	5	2000	0	0	0	0	0
74976	1562	5	5	2000	0	0	0	0	0
75024	1563	5	5	2000	0	0	0	0	0
75072	1564	5	5	2000	0	0	0	0	0
75120	1565	5	5	2000	0	0	0	0	0
75168	1566	5	5	2000	0	0	0	0	0
75216	1567	5	5	2000	0	0	0	0	0
75264	1568	5	5	2000	0	0	0	0	0
75312	1569	5	5	2000	0	0	0	0	0
75360	1570	5	5	2000	0	0	0	0	0
75408	1571	5	5	2000	0	0	0	0	0
75456	1572	5	5	2000	0	0	0	0	0
75504	1573	5	5	2000	0	0	0	0	0
75552	1574	5	5	2000	0	0	0	0	0
75600	1575	5	5	2000	0	0	0	0	0
75648	1576	5	5	2000	0	0	0	0	0
75696	1577	5	5	2000	0	0	0	0	0
75744	1578	5	5	2000	0	0	0	0	0
75792	1579	5	5	2000	0	0	0	0	0
75840	1580	5	5	2000	0	0	0	0	0
75888	1581	5	5	2000	0	0	0	0	0
75936	1582	5	5	2000	0	0	0	0	0
75984	1583	5	5	2000	0	0	0	0	0
76032	1584	5	5	2000	0	0	0	0	0
76080	1585	5	5	2000	0	0	0	0	0
76128	1586	5	5	2000	0	0	0	0	0
76176	1587	5	5	2000	0	0	0	0	0
76224	1588	5	5	2000	0	0	0	0	0
76272	1589	5	5	2000	0	0	0	0	0
76320	1590	6	5	2000	0	0	0	0	0
76368	1591	6	5	2000	0	0	0	0	0
76416	1592	6	5	2000	0	0	0	0	0
76464	1593	6	5	2000	0	0	0	0	0
76512	1594	6	5	2000	0	0	0	0	0
76560	1595	6	5	2000	0	0	0	0	0
76608	1596	6	5	2000	0	0	0	0	0
76656	1597	6	5	1999	0	1	1	0	0
76704	1598	6	5	1999	0	1	1	0	0
76752	1599	6	5	1999	0	1	1	0	0
76800	1600	6	5	1999	0	1	1	0	0
76848	1601	6	5	1999	0	1	1	0	0
76896	1602	6	5	1999	0	1	1	0	0
76944	1603	6	5	1999	0	1	1	0	0
76992	1604	6	5	1999	0	1	1	0	0
77040	1605	6	5	1999	0	1	1	0	0
77088	1606	6	5	1999	0	1	1	0	0
77136	1607	6	5	1999	0	1	1	0	0
77184	1608	6	5	1999	0	1	1	0	0
77232	1609	6	5	1999	0	1	1	0	0
77280	1610	6	5	1999	0	1	1	0	0
77328	1611	6	5	1999	0	1	1	0	0
77376	1612	6	5	1999	0	1	1	0	0
77424	1613	6	5	1999	0	1	1	0	0
77472	1614	6	5	1999	0	1	1	0	0
77520	1615	6	5	1999	0	1	1	0	0
77568	1616	6	5	1999	0	1	1	0	0
77616	1617	6	5	1999	0	1	1	0	0
77664	1618	6	5	1999	0	1	1	0	0
77712	1619	6	5	1999	0	1	1	0	0
77760	1620	7	5	1999	0	0	0	0	0
77808	1621	7	5	1999	0	0	0	0	0
77856	1622	7	5	1999	0	0	0	0	0
77904	1623	7	5	1999	0	0	0	0	0
77952	1624	7	5	1999	0	0	0	0	0
78000	1625	7	5	1999	0	0	0	0	0
78048	1626	7	5	1999	0	0	0	0	0
78096	1627	7	5	1999	0	0	0	0	0
78144	1628	7	5	1999	0	0	0	0	0
78192	1629	7	5	1999	0	0	0	0	0
78240	1630	7	5	1999	0	0	0	0	0
78288	1631	7	5	1999	0	0	0	0	0
78336	1632	7	5	1999	0	0	0	0	0
78384	1633	7	5	1999	0	0	0	0	0
78432	1634	7	5	1999	0	0	0	0	0
78480	1635	7	5	1999	0	0	0	0	0
78528	1636	7	5	1999	0	0	0	0	0
78576	1637	7	5	1999	0	0	0	0	0
78624	1638	7	5	1999	0	0	0	0	0
78672	1639	7	5	1998	0	1	1	0	0
78720	1640	7	5	1998	0	1	1	0	0
78768	1641	7	5	1998	0	1	1	0	0
78816	1642	7	5	1998	0	1	1	0	0
78864	1643	7	5	1998	0	1	1	0	0
78912	1644	7	5	1998	0	1	1	0	0
78960	1645	7	5	1998	0	1	1	0	0
79008	1646	7	5	1998	0	1	1	0	0
79056	1647	7	5	1998	0	1	1	0	0
79104	1648	7	5	1998	0	1	1	0	0
79152	1649	7	5	1998	0	1	1	0	0
79200	1650	8	5	1998	0	0	0	0	0
79248	1651	8	5	1998	0	0	0	0	0
79296	1652	8	5	1998	0	0	0	0	0
79344	1653	8	5	1998	0	0	0	0	0
79392	1654	8	5	1998	0	0	0	0	0
79440	1655	8	5	1998	0	0	0	0	0
79488	1656	8	5	1998	0	0	0	0	0
79536	1657	8	5	1998	0	0	0	0	0
79584	1658	8	5	1998	0	0	0	0	0
79632	1659	8	5	1998	0	0	0	0	0
79680	1660	8	5	1998	0	0	0	0	0
79728	1661	8	5	1998	0	0	0	0	0
79776	1662	8	5	1998	0	0	0	0	0
79824	1663	8	5	1998	0	0	0	0	0
79872	1664	8	5	1998	0	0	0	0	0
79920	1665	8	5	1998	0	0	0	0	0
79968	1666	8	5	1998	0	0	0	0	0
80016	1667	8	5	1998	0	0	0	0	0
80064	1668	8	5	1998	0	0	0	0	0
80112	1669	8	5	1998	0	0	0	0	0
80160	1670	8	5	1998	0	0	0	0	0
80208	1671	8	5	1998	0	0	0	0	0
80256	1672	8	5	1998	0	0	0	0	0
80304	1673	8	5	1998	0	0	0	0	0
80352	1674	8	5	1998	0	0	0	0	0
80400	1675	8	5	1998	0	0	0	0	0
80448	1676	8	5	1998	0	0	0	0	0
80496	1677	8	5	1998	0	0	0	0	0
80544	1678	8	5	1998	0	0	0	0	0
80592	1679	8	5	1998	0	0	0	0	0
80640	1680	9	5	1998	0	0	0	0	0
80688	1681	9	5	1998	0	0	0	0	0
80736	1682	9	5	1998	0	0	0	0	0
80784	1683	9	5	1998	0	0	0	0	0
80832	1684	9	5	1997	0	1	1	0	0
80880	1685	9	5	1997	0	1	1	0	0
80928	1686	9	5	1997	0	1	1	0	0
80976	1687	9	5	1997	0	1	1	0	0
81024	1688	9	5	1997	0	1	1	0	0
81072	1689	9	5	1997	0	1	1	0	0
81120	1690	9	5	1997	0	1	1	0	0
81168	1691	9	5	1997	0	1	1	0	0
81216	1692	9	5	1997	0	1	1	0	0
81264	1693	9	5	1997	0	1	1	0	0
81312	1694	9	5	1997	0	1	1	0	0
81360	1695	9	5	1997	0	1	1	0	0
81408	1696	9	5	1997	0	1	1	0	0
81456	1697	9	5	1997	0	1	1	0	0
81504	1698	9	5	1997	0	1	1	0	0
81552	1699	9	5	1997	0	1	1	0	0
81600	1700	9	5	1997	0	1	1	0	0
81648	1701	9	5	1997	0	1	1	0	0
81696	1702	9	5	1997	0	1	1	0	0
81744	1703	9	5	1997	0	1	1	0	0
81792	1704	9	5	1997	0	1	1	0	0
81840	1705	9	5	1997	0	1	1	0	0
81888	1706	9	5	1997	0	1	1	0	0
81936	1707	9	5	1997	0	1	1	0	0
81984	1708	9	5	1997	0	1	1	0	0
82032	1709	9	5	1997	0	1	1	0	0
82080	1710	10	5	1997	0	0	0	0	0
82128	1711	10	5	1997	0	0	0	0	0
82176	1712	10	5	1997	0	0	0	0	0
82224	1713	10	5	1997	0	0	0	0	0
82272	1714	10	5	1997	0	0	0	0	0
82320	1715	10	5	1997	0	0	0	0	0
82368	1716	10	5	1997	0	0	0	0	0
82416	1717	10	5	1997	0	0	0	0	0
82464	1718	10	5	1997	0	0	0	0	0
82512	1719	10	5	1997	0	0	0	0	0
82560	1720	10	5	1997	0	0	0	0	0
82608	1721	10	5	1997	0	0	0	0	0
82656	1722	10	5	1997	0	0	0	0	0
82704	1723	10	5	1997	0	0	0	0	0
82752	1724	10	5	1997	0	0	0	0	0
82800	1725	10	5	1997	0	0	0	0	0
82848	1726	10	5	1997	0	0	0	0	0
82896	1727	10	5	1997	0	0	0	0	0
82944	1728	10	5	1997	0	0	0	0	0
82992	1729	10	5	1997	0	0	0	0	0
83040	1730	10	5	1997	0	0	0	0	0
83088	1731	10	5	1997	0	0	0	0	0
83136	1732	10	5	1997	0	0	0	0	0
83184	1733	10	5	1997	0	0	0	0	0
83232	1734	10	5	1997	0	0	0	0	0
83280	1735	10	5	1997	0	0	0	0	0
83328	1736	10	5	1997	0	0	0	0	0
83376	1737	10	5	1997	0	0	0	0	0
83424	1738	10	5	1997	0	0	0	0	0
83472	1739	10	5	1997	0	0	0	0	0
83520	1740	11	5	1997	0	0	0	0	0
83568	1741	11	5	1997	0	0	0	0	0
83616	1742	11	5	1997	0	0	0	0	0
83664	1743	11	5	1997	0	0	0	0	0
83712	1744	11	5	1997	0	0	0	0	0
83760	1745	11	5	1997	0	0	0	0	0
83808	1746	11	5	1997	0	0	0	0	0
83856	1747	11	5	1997	0	0	0	0	0
83904	1748	11	5	1997	0	0	0	0	0
83952	1749	11	5	1997	0	0	0	0	0
84000	1750	11	5	1997	0	0	0	0	0
84048	1751	11	5	1997	0	0	0	0	0
84096	1752	11	5	1997	0	0	0	0	0
84144	1753	11	5	1997	0	0	0	0	0
84192	1754	11	5	1997	0	0	0	0	0
84240	1755	11	5	1997	0	0	0	0	0
84288	1756	11	5	1997	0	0	0	0	0
84336	1757	11	5	1997	0	0	0	0	0
84384	1758	11	5	1997	0	0	0	0	0
84432	1759	11	5	1997	0	0	0	0	0
84480	1760	11	5	1997	0	0	0	0	0
84528	1761	11	5	1997	0	0	0	0	0
84576	1762	11	5	1997	0	0	0	0	0
84624	1763	11	5	1997	0	0	0	0	0
84672	1764	11	5	1997	0	0	0	0	0
84720	1765	11	5	1997	0	0	0	0	0
84768	1766	11	5	1997	0	0	0	0	0
84816	1767	11	5	1997	0	0	0	0	0
84864	1768	11	5	1997	0	0	0	0	0
84912	1769	11	5	1997	0	0	0	0	0
84960	1770	12	5	1997	0	0	0	0	0
85008	1771	12	5	1997	0	0	0	0	0
85056	1772	12	5	1997	0	0	0	0	0
85104	1773	12	5	1997	0	0	0	0	0
85152	1774	12	5	1997	0	0	0	0	0
85200	1775	12	5	1997	0	0	0	0	0
85248	1776	12	5	1997	0	0	0	0	0
85296	1777	12	5	1997	0	0	0	0	0
85344	1778	12	5	1997	0	0	0	0	0
85392	1779	12	5	1997	0	0	0	0	0
85440	1780	12	5	1997	0	0	0	0	0
85488	1781	12	5	1997	0	0	0	0	0
85536	1782	12	5	1997	0	0	0	0	0
85584	1783	12	5	1998	1	0	0	0	0
85632	1784	12	5	1998	1	0	0	0	0
85680	1785	12	5	1998	1	0	0	0	0
85728	1786	12	5	1998	1	0	0	0	0
85776	1787	12	5	1998	1	0	0	0	0
85824	1788	12	5	1998	1	0	0	0	0
85872	1789	12	5	1999	2	0	0	0	0
85920	1790	12	5	2000	3	0	0	0	0
85968	1791	12	5	2000	3	0	0	0	0
86016	1792	12	5	2000	3	0	0	0	0
86064	1793	12	5	2000	3	0	0	0	0
86112	1794	12	5	2000	3	0	0	0	0
86160	1795	12	5	2000	3	0	0	0	0
86208	1796	12	5	2000	3	0	0	0	0
86256	1797	12	5	2000	3	0	0	0	0
86304	1798	12	5	2000	3	0	0	0	0
86352	1799	12	5	2000	3	0	0	0	0
86400	1800	1	6	2000	0	0	0	0	0
