cenop/data/UserDefined/disttocoast.asc
NCOLS 400 
NROWS 400 
XLLCORNER 3976618.40818195 
YLLCORNER 3363922.87082193 
CELLSIZE 400 
NODATA_value -9999 
[rows 320 to 339 of 400, columns 282 to 328 of 400]
8634.81325796916 8736.13186713662 8854.37744847146 8988.88202169769 9121.4034007931 9138.92772703669 8772.68487978452 8409.51841665146 8049.84471899924 7694.15362466854 7343.02390027433 6997.14227381436 6657.3267908373 6324.55532033676 6000 5685.06816142076 5381.44961882948 5091.16882454314 4816.63783151692 4525.4833995939 4252.05832509386 3959.79797464467 3687.81778291716 3440.93010681705 3224.90309931942 3046.30924234556 2884.44102037119 2683.28157299975 2529.8221281347 2433.10501211929 2400 2332.38075793812 2154.0659228538 2000 1788.85438199983 1649.24225024706 1600 1600 1442.2205101856 1264.91106406735 1200 1200 1200 1200 1200 1264.91106406735 1442.2205101856
8246.21125123532 8352.24520712844 8475.84804016684 8616.26369141521 8736.13186713662 8854.37744847146 8616.26369141521 8246.21125123532 7879.08624143688 7515.31769122237 7155.41752799933 6800 6449.80619863884 6105.7350089895 5768.88204074238 5440.58820349418 5122.49938994628 4816.63783151692 4525.4833995939 4252.05832509386 3959.79797464467 3687.81778291716 3394.11254969543 3124.09987036266 2884.44102037119 2683.28157299975 2529.8221281347 2332.38075793812 2154.0659228538 2039.60780543711 2000 2000 1788.85438199983 1649.24225024706 1442.2205101856 1264.91106406735 1200 1200 1131.37084989848 894.427190999916 800 800 800 800 800 894.427190999916 1131.37084989848
7858.7530817554 7969.94353806851 8099.38269252663 8246.21125123532 8352.24520712844 8475.84804016684 8475.84804016684 8099.38269252663 7725.28316633119 7353.91052434009 6985.69967862919 6621.17814289874 6260.99033699941 5905.92922409336 5556.97759577992 5215.36192416212 4882.62224629348 4560.70170039655 4252.05832509386 3959.79797464467 3687.81778291716 3394.11254969543 3124.09987036266 2828.42712474619 2561.24969497314 2332.38075793812 2154.0659228538 2000 1788.85438199983 1649.24225024706 1600 1600 1442.2205101856 1264.91106406735 1131.37084989848 894.427190999916 800 800 800 565.685424949238 400 400 400 400 400 565.685424949238 800
7472.61667690776 7589.46638440411 7725.28316633119 7858.7530817554 7969.94353806851 8099.38269252663 8246.21125123532 7969.94353806851 7589.46638440411 7211.10255092798 6835.20299625402 6462.1977685614 6092.61848469113 5727.12842531054 5366.5631459995 5011.98563445667 4664.76151587624 4326.66153055679 4000 3687.81778291716 3394.11254969543 3124.09987036266 2828.42712474619 2561.24969497314 2262.74169979695 2000 1788.85438199983 1649.24225024706 1442.2205101856 1264.91106406735 1200 1200 1131.37084989848 894.427190999916 800 565.685424949238 400 400 400 400 0 0 0 0 0 400 400
7088.01805866774 7211.10255092798 7353.91052434009 7472.61667690776 7589.46638440411 7725.28316633119 7879.08624143688 7858.7530817554 7472.61667690776 7088.01805866774 6705.22184569608 6324.55532033676 5946.4274989274 5571.35531087365 5200 4833.21838943783 4472.13595499958 4118.2520563948 3773.59245282264 3440.93010681705 3124.09987036266 2828.42712474619 2561.24969497314 2262.74169979695 2000 1697.05627484771 1442.2205101856 1264.91106406735 1131.37084989848 894.427190999916 800 800 800 565.685424949238 400 400 0 0 0 0 0 0 0 0 0 0 0
6705.22184569608 6835.20299625402 6985.69967862919 7088.01805866774 7211.10255092798 7353.91052434009 7515.31769122237 7694.15362466854 7375.63556583431 6985.69967862919 6596.96900098826 6209.66987850401 5824.08791142441 5440.58820349418 5059.64425626941 4681.87996428785 4308.1318457076 3939.54312071844 3577.70876399966 3224.90309931942 2884.44102037119 2561.24969497314 2262.74169979695 2000 1697.05627484771 1442.2205101856 1131.37084989848 894.427190999916 800 565.685424949238 400 400 400 400 0 0 0 0 0 0 0 0 0 0 0 0 0
6324.55532033676 6462.1977685614 6596.96900098826 6705.22184569608 6835.20299625402 6985.69967862919 7155.41752799933 7343.02390027433 7299.31503635786 6905.07060065283 6511.52823843988 6118.82341631134 5727.12842531054 5336.66562565053 4947.72675074119 4560.70170039655 4176.12260356422 3794.73319220206 3417.60149812701 3046.30924234556 2683.28157299975 2332.38075793812 2000 1697.05627484771 1442.2205101856 1131.37084989848 894.427190999916 565.685424949238 400 400 0 0 0 0 0 0 0 0 0 0 0 0 0 0 0 0 0
5946.4274989274 6092.61848469113 6209.66987850401 6324.55532033676 6462.1977685614 6621.17814289874 6800 6997.14227381436 7211.10255092798 6846.89710744948 6449.80619863884 6053.09838016862 5656.85424949238 5261.17857518636 4866.21002423858 4472.13595499958 4079.21561087423 3687.81778291716 3298.48450049413 2912.04395571221 2529.8221281347 2154.0659228538 1788.85438199983 1442.2205101856 1131.37084989848 894.427190999916 565.685424949238 400 0 0 0 0 0 0 0 0 0 0 0 0 0 0 0 0 0 0 0
5571.35531087365 5727.12842531054 5824.08791142441 5946.4274989274 6092.61848469113 6260.99033699941 6449.80619863884 6657.3267908373 6881.8602136341 6811.75454637056 6412.48781675256 6013.31855134916 5614.26753904728 5215.36192416212 4816.63783151692 4418.1444068749 4019.95024844836 3622.15405525497 3224.90309931942 2828.42712474619 2433.10501211929 2039.60780543711 1649.24225024706 1264.91106406735 894.427190999916 565.685424949238 400 0 0 0 0 0 0 0 0 0 0 0 0 0 0 0 0 0 0 0 0
5200 5336.66562565053 5440.58820349418 5571.35531087365 5727.12842531054 5905.92922409336 6105.7350089895 6324.55532033676 6560.48778674269 6800 6400 6000 5600 5200 4800 4400 4000 3600 3200 2800 2400 2000 1600 1200 800 400 0 0 0 0 0 0 0 0 0 0 0 0 0 0 0 400 400 400 400 400 400
4833.21838943783 4947.72675074119 5059.64425626941 5200 5366.5631459995 5556.97759577992 5768.88204074238 6000 6248.19974072532 6511.52823843988 6400 6000 5600 5200 4800 4400 4000 3600 3200 2800 2400 2000 1600 1200 800 400 0 0 0 0 0 0 0 0 0 0 0 0 0 0 400 565.685424949238 800 800 800 800 800
4472.13595499958 4560.70170039655 4681.87996428785 4833.21838943783 5011.98563445667 5215.36192416212 5440.58820349418 5685.06816142076 5946.4274989274 6222.53967444162 6400 6000 5600 5200 4800 4400 4000 3600 3200 2800 2400 2000 1600 1200 800 400 0 0 0 0 0 0 0 0 0 0 0 0 400 400 565.685424949238 894.427190999916 1131.37084989848 1200 1200 1200 1200
4079.21561087423 4176.12260356422 4308.1318457076 4472.13595499958 4664.76151587624 4882.62224629348 5122.49938994628 5381.44961882948 5656.85424949238 5946.4274989274 6248.19974072532 6013.31855134916 5614.26753904728 5215.36192416212 4816.63783151692 4418.1444068749 4019.95024844836 3622.15405525497 3224.90309931942 2828.42712474619 2433.10501211929 2039.60780543711 1649.24225024706 1264.91106406735 894.427190999916 565.685424949238 400 0 0 0 0 0 0 0 0 0 0 400 565.685424949238 800 894.427190999916 1131.37084989848 1442.2205101856 1600 1600 1600 1600
3687.81778291716 3794.73319220206 3939.54312071844 4118.2520563948 4326.66153055679 4560.70170039655 4816.63783151692 5091.16882454314 5381.44961882948 5685.06816142076 6000 6053.09838016862 5656.85424949238 5261.17857518636 4866.21002423858 4472.13595499958 4079.21561087423 3687.81778291716 3298.48450049413 2912.04395571221 2529.8221281347 2154.0659228538 1788.85438199983 1442.2205101856 1131.37084989848 894.427190999916 565.685424949238 400 0 0 0 0 0 0 0 0 0 0 400 565.685424949238 894.427190999916 1131.37084989848 1442.2205101856 1697.05627484771 2000 2000 2000
3298.48450049413 3417.60149812701 3577.70876399966 3773.59245282264 4000 4252.05832509386 4525.4833995939 4816.63783151692 5122.49938994628 5440.58820349418 5768.88204074238 6105.7350089895 5727.12842531054 5336.66562565053 4947.72675074119 4560.70170039655 4176.12260356422 3794.73319220206 3417.60149812701 3046.30924234556 2683.28157299975 2332.38075793812 2000 1697.05627484771 1442.2205101856 1131.37084989848 894.427190999916 565.685424949238 400 0 0 0 0 0 0 0 0 0 0 400 565.685424949238 894.427190999916 1131.37084989848 1442.2205101856 1697.05627484771 2000 2332.38075793812
2912.04395571221 3046.30924234556 3224.90309931942 3440.93010681705 3687.81778291716 3959.79797464467 4252.05832509386 4560.70170039655 4882.62224629348 5215.36192416212 5556.97759577992 5905.92922409336 5824.08791142441 5440.58820349418 5059.64425626941 4681.87996428785 4308.1318457076 3939.54312071844 3577.70876399966 3224.90309931942 2884.44102037119 2561.24969497314 2262.74169979695 2000 1697.05627484771 1442.2205101856 1131.37084989848 894.427190999916 565.685424949238 400 400 0 0 0 0 0 0 0 0 0 400 565.685424949238 894.427190999916 1131.37084989848 1442.2205101856 1788.85438199983 2154.0659228538
2529.8221281347 2683.28157299975 2884.44102037119 3124.09987036266 3394.11254969543 3687.81778291716 4000 4326.66153055679 4664.76151587624 5011.98563445667 5366.5631459995 5727.12842531054 5946.4274989274 5571.35531087365 5200 4833.21838943783 4472.13595499958 4118.2520563948 3773.59245282264 3440.93010681705 3124.09987036266 2828.42712474619 2561.24969497314 2262.74169979695 2000 1697.05627484771 1442.2205101856 1131.37084989848 894.427190999916 800 565.685424949238 400 0 0 0 0 0 400 400 0 0 400 565.685424949238 894.427190999916 1264.91106406735 1649.24225024706 2039.60780543711
2154.0659228538 2332.38075793812 2561.24969497314 2828.42712474619 3124.09987036266 3440.93010681705 3773.59245282264 4118.2520563948 4472.13595499958 4833.21838943783 5200 5571.35531087365 5946.4274989274 5727.12842531054 5366.5631459995 5011.98563445667 4664.76151587624 4326.66153055679 4000 3687.81778291716 3394.11254969543 3124.09987036266 2828.42712474619 2561.24969497314 2262.74169979695 2000 1697.05627484771 1442.2205101856 1264.91106406735 1131.37084989848 894.427190999916 565.685424949238 400 400 400 400 400 565.685424949238 565.685424949238 400 0 0 400 800 1200 1600 2000
1788.85438199983 2000 2262.74169979695 2561.24969497314 2884.44102037119 3224.90309931942 3577.70876399966 3939.54312071844 4308.1318457076 4681.87996428785 5059.64425626941 5440.58820349418 5824.08791142441 5905.92922409336 5556.97759577992 5215.36192416212 4882.62224629348 4560.70170039655 4252.05832509386 3959.79797464467 3687.81778291716 3394.11254969543 3124.09987036266 2828.42712474619 2561.24969497314 2262.74169979695 2000 1788.85438199983 1649.24225024706 1442.2205101856 1131.37084989848 894.427190999916 800 800 800 800 800 894.427190999916 800 400 0 400 565.685424949238 894.427190999916 1264.91106406735 1649.24225024706 2039.60780543711
1442.2205101856 1697.05627484771 2000 2332.38075793812 2683.28157299975 3046.30924234556 3417.60149812701 3794.73319220206 4176.12260356422 4560.70170039655 4947.72675074119 5336.66562565053 5727.12842531054 6105.7350089895 5768.88204074238 5440.58820349418 5122.49938994628 4816.63783151692 4525.4833995939 4252.05832509386 3959.79797464467 3687.81778291716 3394.11254969543 3124.09987036266 2828.42712474619 2561.24969497314 2332.38075793812 2154.0659228538 2000 1697.05627484771 1442.2205101856 1264.91106406735 1200 1200 1200 1200 1200 1200 800 400 0 400 800 1131.37084989848 1442.2205101856 1788.85438199983 2154.0659228538
