cenop/data/UserDefined/disttocoast.asc
NCOLS 400 
NROWS 400 
XLLCORNER 3976618.40818195 
YLLCORNER 3363922.87082193 
CELLSIZE 400 
NODATA_value -9999 
[rows 220 to 239 of 400, columns 47 to 93 of 400]
59573.1483136488 59483.1068455574 59395.6227343396 59310.7072964064 59228.3715798434 59148.6263576763 59071.4821212402 58996.9490736597 58925.0371234503 58855.7558782486 58789.1146386812 58725.1223923799 58663.787808153 58605.1192303198 58549.1246732178 58495.8118158899 58445.18799696 58397.260209705 58352.0350973297 58309.518948453 58269.7176928119 58224.393513372 58137.7674149945 58053.7681808856 57972.4072296468 57893.695684418 57817.6443657124 57744.2637843795 57673.5641347056 57605.555287663 57534.6851907612 57444.233827252 57356.4294565134 57271.2842531054 57188.8100942833 57109.0185522392 57031.920886465 56957.5280362482 56880.2250347166 56797.1830287383 56716.8405325967 56639.2090340252 56564.2996951257 56492.1233447637 56422.6904711216 56356.0112144215 56292.0953598283
59183.7815621814 59093.1468107766 59005.0845266745 58919.6062444412 58836.7232262301 58756.4464548359 58678.7866268552 58603.7541459589 58531.3591162891 58461.611335987 58394.5202908629 58330.0951482166 58268.3447508165 58209.2776110475 58152.901905236 58099.2254681592 58048.2557877496 58000 57954.4648840795 57911.6568576655 57871.5819725018 57834.2459101872 57747.0345558973 57662.466128323 57580.552272447 57501.3043330323 57424.7333472259 57350.8500372924 57279.6648034885 57211.187717089 57145.428513574 57054.3600437337 56965.9547449176 56880.2250347166 56797.1830287383 56716.8405325967 56639.2090340252 56564.2996951257 56489.2910205111 56405.673473508 56324.7725250622 56246.5998972382 56171.1669809343 56098.4848280237 56028.564143658 55961.4152787436 55897.048222603
58794.5575712582 58703.3218821559 58614.6739306805 58528.6254750613 58445.18799696 58364.3726943073 58286.1904742453 58210.6519461859 58137.7674149945 58067.5468743084 58000 57935.1361437945 57872.96432705 57813.4932347112 57756.7312094443 57702.6862459626 57651.3659855515 57602.7777108014 57556.9283405569 57513.8244250893 57473.4721415019 57435.8772893738 57356.4294565134 57271.2842531054 57188.8100942833 57109.0185522392 57031.920886465 56957.5280362482 56885.8506133116 56816.8988946071 56750.6828152754 56664.6274142873 56575.6131208492 56489.2910205111 56405.673473508 56324.7725250622 56246.5998972382 56171.1669809343 56098.4848280237 56014.283892593 55932.8168430663 55854.0956421282 55778.1319156531 55704.9369445833 55634.5216569712 55566.8966202001 55502.0720333935
58405.4791950207 58313.6347692373 58224.393513372 58137.7674149945 58053.7681808856 57972.4072296468 57893.695684418 57817.6443657124 57744.2637843795 57673.5641347056 57605.555287663 57540.2467843161 57477.6478293954 57417.7672850486 57360.6136647787 57306.1951275776 57254.5194722652 57205.5941320427 57159.426169268 57116.0222704628 57075.3887415583 57037.5315033882 56965.9547449176 56880.2250347166 56797.1830287383 56716.8405325967 56639.2090340252 56564.2996951257 56492.1233447637 56422.6904711216 56356.0112144215 56275.0388715992 56185.4073581388 56098.4848280237 56014.283892593 55932.8168430663 55854.0956421282 55778.1319156531 55704.9369445833 55623.0168185797 55540.9758646713 55461.6984954482 55385.1965781471 55311.4816290434 55240.5648052226 55172.4568965349 55107.1683177425
58016.5493630912 57924.0882535064 57834.2459101872 57747.0345558973 57662.466128323 57580.552272447 57501.3043330323 57424.7333472259 57350.8500372924 57279.6648034885 57211.187717089 57145.428513574 57082.3965859879 57022.1009784803 56964.550380039 56909.7531184243 56857.7171543142 56808.450075671 56761.9590923358 56718.2510308631 56677.3323296007 56639.2090340252 56575.6131208492 56489.2910205111 56405.673473508 56324.7725250622 56246.5998972382 56171.1669809343 56098.4848280237 56028.564143658 55961.4152787436 55885.5974290335 55795.3403072335 55707.8091473718 55623.0168185797 55540.9758646713 55461.6984954482 55385.1965781471 55311.4816290434 55231.8748550147 55149.2520348191 55069.4107468021 54992.3631061623 54918.1208709839 54846.6954337269 54778.0978129033 54712.3386449528
57627.7710830464 57534.6851907612 57444.233827252 57356.4294565134 57271.2842531054 57188.8100942833 57109.0185522392 57031.920886465 56957.5280362482 56885.8506133116 56816.8988946071 56750.6828152754 56687.211961782 56626.4955652387 56568.5424949238 56513.3612520084 56460.9599635004 56411.3463764162 56364.5278521873 56320.5113613149 56279.303478277 56240.9103767 56185.4073581388 56098.4848280237 56014.283892593 55932.8168430663 55854.0956421282 55778.1319156531 55704.9369445833 55634.5216569712 55566.8966202001 55496.3061833849 55405.4148978238 55317.2667437573 55231.8748550147 55149.2520348191 55069.4107468021 54992.3631061623 54918.1208709839 54840.860678877 54757.6478676723 54677.234750854 54599.633698405 54524.856716914 54452.9154407732 54383.8211235658 54317.5846296575
57239.147442987 57145.428513574 57054.3600437337 56965.9547449176 56880.2250347166 56797.1830287383 56716.8405325967 56639.2090340252 56564.2996951257 56492.1233447637 56422.6904711216 56356.0112144215 56292.0953598283 56230.9523305448 56172.591181109 56117.0205909045 56064.2488578952 56014.283892593 55967.1332122702 55922.8039354251 55881.3027765101 55842.636040932 55795.3403072335 55707.8091473718 55623.0168185797 55540.9758646713 55461.6984954482 55385.1965781471 55311.4816290434 55240.5648052226 55172.4568965349 55107.1683177425 55015.6341415783 54926.86046007 54840.860678877 54757.6478676723 54677.234750854 54599.633698405 54524.856716914 54449.977043154 54366.1659490533 54285.1729296315 54207.010616709 54131.6912723037 54059.226779524 53989.6286336552 53922.9079334563
56850.6816142076 56756.3212338502 56664.6274142873 56575.6131208492 56489.2910205111 56405.673473508 56324.7725250622 56246.5998972382 56171.1669809343 56098.4848280237 56028.564143658 55961.4152787436 55897.048222603 55835.4725958328 55776.6976433707 55720.7322277804 55667.5848227674 55617.2635069364 55569.7759577992 55525.1294460445 55483.330830079 55444.3865508493 55405.4148978238 55317.2667437573 55231.8748550147 55149.2520348191 55069.4107468021 54992.3631061623 54918.1208709839 54846.6954337269 54778.0978129033 54712.3386449528 54626.0011349906 54536.5932195989 54449.977043154 54366.1659490533 54285.1729296315 54207.010616709 54131.6912723037 54059.226779524 53974.8089389856 53893.2277749255 53814.4961882948 53738.6267037036 53665.631459995 53595.5222010197 53528.3102666243
56462.3768539724 56367.3664454887 56275.0388715992 56185.4073581388 56098.4848280237 56014.283892593 55932.8168430663 55854.0956421282 55778.1319156531 55704.9369445833 55634.5216569712 55566.8966202001 55502.0720333935 55440.0577200277 55380.8631207568 55324.4972864643 55270.9688715514 55220.2861274731 55172.4568965349 55127.4886059577 55085.3882622243 55046.1624457146 55009.817305641 54926.86046007 54840.860678877 54757.6478676723 54677.234750854 54599.633698405 54524.856716914 54452.9154407732 54383.8211235658 54317.5846296575 54236.519062344 54146.4680288567 54059.226779524 53974.8089389856 53893.2277749255 53814.4961882948 53738.6267037036 53665.631459995 53583.5795743435 53501.4018507927 53422.0928081257 53345.6652409547 53272.1315511216 53201.5037381463 53133.7933898945
56074.2365084002 55978.5673271476 55885.5974290335 55795.3403072335 55707.8091473718 55623.0168185797 55540.9758646713 55461.6984954482 55385.1965781471 55311.4816290434 55240.5648052226 55172.4568965349 55107.1683177425 55044.7091008754 54985.0888878067 54928.3169230589 54874.4020468561 54823.3526884301 54775.1768595958 54729.8821486032 54687.4757142803 54647.9642804743 54611.3541308032 54536.5932195989 54449.977043154 54366.1659490533 54285.1729296315 54207.010616709 54131.6912723037 54059.226779524 53989.6286336552 53922.9079334563 53847.1911987988 53756.4879805219 53668.6128011522 53583.5795743435 53501.4018507927 53422.0928081257 53345.6652409547 53272.1315511216 53192.4806716137 53109.6977961653 53029.802941365 52952.8091794949 52878.7291829144 52807.5752141679 52739.3591163184
55686.2640154644 55589.9271451223 55496.3061833849 55405.4148978238 55317.2667437573 55231.8748550147 55149.2520348191 55069.4107468021 54992.3631061623 54918.1208709839 54846.6954337269 54778.0978129033 54712.3386449528 54649.4281763314 54589.3762558247 54532.1923271016 54477.8854215176 54426.4641511829 54377.936702306 54332.3108288245 54289.5938463349 54249.7926263318 54212.9135907673 54146.4680288567 54059.226779524 53974.8089389856 53893.2277749255 53814.4961882948 53738.6267037036 53665.631459995 53595.5222010197 53528.3102666243 53458.0209136103 53366.6562565053 53278.1381056058 53192.4806716137 53109.6977961653 53029.802941365 52952.8091794949 52878.7291829144 52801.5151297763 52718.1183275731 52637.6291259399 52560.0608827653 52485.4265487097 52413.738656959 52345.0093132096
55298.4629081135 55201.4492563375 55107.1683177425 55015.6341415783 54926.86046007 54840.860678877 54757.6478676723 54677.234750854 54599.633698405 54524.856716914 54452.9154407732 54383.8211235658 54317.5846296575 54254.2164260069 54193.7265742078 54136.1247227764 54081.4200996978 54029.6215052447 53980.7373050795 53934.7754236541 53891.7433379177 53851.648071345 53814.4961882948 53756.4879805219 53668.6128011522 53583.5795743435 53501.4018507927 53422.0928081257 53345.6652409547 53272.1315511216 53201.5037381463 53133.7933898945 53069.0116734804 52976.9761311459 52887.8057778918 52801.5151297763 52718.1183275731 52637.6291259399 52560.0608827653 52485.4265487097 52410.6859333094 52326.6662419841 52245.5739752182 52167.4227847227 52092.2259075191 52019.9961553247 51950.7459041735
54910.8368175172 54813.1371114626 54718.1871044719 54626.0011349906 54536.5932195989 54449.977043154 54366.1659490533 54285.1729296315 54207.010616709 54131.6912723037 54059.226779524 53989.6286336552 53922.9079334563 53859.0753726798 53798.1412318307 53740.1153701776 53685.0072180306 53632.8257692992 53583.5795743435 53537.2767331324 53493.9248887198 53453.5312210522 53416.1024411179 53366.6562565053 53278.1381056058 53192.4806716137 53109.6977961653 53029.802941365 52952.8091794949 52878.7291829144 52807.5752141679 52739.3591163184 52674.0923035224 52587.4509745433 52497.6189936267 52410.6859333094 52326.6662419841 52245.5739752182 52167.4227847227 52092.2259075191 52019.9961553247 51935.3444197687 51853.6401808012 51774.8973924623 51699.1295864834 51626.3498612869 51556.5708712284
54523.389476444 54424.9942581531 54329.3659083189 54236.519062344 54146.4680288567 54059.226779524 53974.8089389856 53893.2277749255 53814.4961882948 53738.6267037036 53665.631459995 53595.5222010197 53528.3102666243 53464.0065838691 53402.6216584916 53344.1655666297 53288.6479468188 53236.0779922789 53186.4644435029 53139.8155811629 53096.1392193444 53055.4426991237 53017.7328824989 52976.9761311459 52887.8057778918 52801.5151297763 52718.1183275731 52637.6291259399 52560.0608827653 52485.4265487097 52413.738656959 52345.0093132096 52279.2501859007 52198.0842560338 52107.5810223426 52019.9961553247 51935.3444197687 51853.6401808012 51774.8973924623 51699.1295864834 51626.3498612869 51544.1558277949 51461.8305154412 51382.4872889587 51306.1399834367 51232.8019924735 51162.4862570223
54136.1247227764 54037.0243444252 53940.708189641 53847.1911987988 53756.4879805219 53668.6128011522 53583.5795743435 53501.4018507927 53422.0928081257 53345.6652409547 53272.1315511216 53201.5037381463 53133.7933898945 53069.0116734804 53007.1693264222 52948.2766480648 52892.3434912843 52839.3792544916 52789.3928739477 52742.3928164053 52698.3870720917 52657.3831480449 52619.3880618161 52584.4083355513 52497.6189936267 52410.6859333094 52326.6662419841 52245.5739752182 52167.4227847227 52092.2259075191 52019.9961553247 51950.7459041735 51884.4870842914 51808.879547815 51717.6952309362 51629.4489608402 51544.1558277949 51461.8305154412 51382.4872889587 51306.1399834367 51232.8019924735 51153.1035226603 51070.1478360891 50990.1951359278 50913.2595695856 50839.3548346161 50768.4941671506
53749.0465031706 53649.2311221699 53552.2175077746 53458.0209136103 53366.6562565053 53278.1381056058 53192.4806716137 53109.6977961653 53029.802941365 52952.8091794949 52878.7291829144 52807.5752141679 52739.3591163184 52674.0923035224 52611.7857518636 52552.4499904619 52496.0950928733 52442.7306687972 52392.3658561054 52345.0093132096 52300.6692117797 52259.3532298286 52221.0685451763 52185.8218293053 52107.5810223426 52019.9961553247 51935.3444197687 51853.6401808012 51774.8973924623 51699.1295864834 51626.3498612869 51556.5708712284 51489.8048160993 51419.8405287298 51327.9650872699 51239.0476101967 51153.1035226603 51070.1478360891 50990.1951359278 50913.2595695856 50839.3548346161 50762.1906540685 50678.5950870779 50598.0236768196 50520.4908923102 50446.0107441609 50374.5967725797
53362.158876867 53261.6184508132 53163.897524542 53069.0116734804 52976.9761311459 52887.8057778918 52801.5151297763 52718.1183275731 52637.6291259399 52560.0608827653 52485.4265487097 52413.738656959 52345.0093132096 52279.2501859007 52216.4724967131 52156.6870113507 52099.9040306218 52046.1333818373 51995.3844105417 51947.6659725921 51902.9864266017 51861.3536267614 51822.774916054 51787.2571198746 51717.6952309362 51629.4489608402 51544.1558277949 51461.8305154412 51382.4872889587 51306.1399834367 51232.8019924735 51162.4862570223 51095.205254505 51030.9709882146 50938.394163931 50848.7954626263 50762.1906540685 50678.5950870779 50598.0236768196 50520.4908923102 50446.0107441609 50371.4204683569 50287.1753034509 50205.9757399455 50127.836578093 50052.7721510008 49980.7963121837
52975.4660196586 52874.190301129 52775.7520079061 52680.1670460525 52587.4509745433 52497.6189936267 52410.6859333094 52326.6662419841 52245.5739752182 52167.4227847227 52092.2259075191 52019.9961553247 51950.7459041735 51884.4870842914 51821.2311702453 51760.9891713827 51703.7716225809 51649.5885753217 51598.4495891107 51550.3637232561 51505.3395290236 51463.3850421831 51424.5077759622 51388.7147144195 51327.9650872699 51239.0476101967 51153.1035226603 51070.1478360891 50990.1951359278 50913.2595695856 50839.3548346161 50768.4941671506 50700.690330606 50635.9556046887 50548.9861421572 50458.6959799795 50371.4204683569 50287.1753034509 50205.9757399455 50127.836578093 50052.7721510008 49980.7963121837 49895.8916144406 49814.0542417499 49735.2993355826 49659.6415613323 49587.0950953976
52588.9722280251 52486.9507592125 52387.7848357802 52291.4907035552 52198.0842560338 52107.5810223426 52019.9961553247 51935.3444197687 51853.6401808012 51774.8973924623 51699.1295864834 51626.3498612869 51556.5708712284 51489.8048160993 51426.0634309102 51365.3579759744 51307.699227309 51253.0974673726 51201.5624761589 51153.1035226603 51107.7293567225 51065.4482013034 51026.2677451526 50990.1951359278 50938.394163931 50848.7954626263 50762.1906540685 50678.5950870779 50598.0236768196 50520.4908923102 50446.0107441609 50374.5967725797 50306.2620356552 50241.0190979443 50159.7448159378 50068.7527306203 49980.7963121837 49895.8916144406 49814.0542417499 49735.2993355826 49659.6415613323 49587.0950953976 49504.7472471075 49422.2621902316 49342.8819587993 49266.6215606469 49193.4955049954
52202.6819234414 52099.9040306218 52000 51902.9864266017 51808.879547815 51717.6952309362 51629.4489608402 51544.1558277949 51461.8305154412 51382.4872889587 51306.1399834367 51232.8019924735 51162.4862570223 51095.205254505 51030.9709882146 50969.7949770254 50911.6882454314 50856.6613139321 50804.7241897838 50755.8863581358 50710.1567735695 50667.5438520558 50628.0554633496 50591.6989238353 50548.9861421572 50458.6959799795 50371.4204683569 50287.1753034509 50205.9757399455 50127.836578093 50052.7721510008 49980.7963121837 49911.922423405 49846.1633428291 49770.6740962989 49678.9693934969 49590.3216363839 49504.7472471075 49422.2621902316 49342.8819587993 49266.6215606469 49193.4955049954 49113.7455301466 49030.6026885251 48950.5873304907 48873.7148168624 48800
