cenop/data/UserDefined/disttocoast.asc
NCOLS 400 
NROWS 400 
XLLCORNER 3976618.40818195 
YLLCORNER 3363922.87082193 
CELLSIZE 400 
NODATA_value -9999 
[rows 220 to 239 of 400, columns 188 to 234 of 400]
54065.1458890106 53957.0199325352 53851.648071345 53749.0465031706 53649.2311221699 53552.2175077746 53458.0209136103 53366.6562565053 53278.1381056058 53192.4806716137 53109.6977961653 53029.802941365 52952.8091794949 52878.7291829144 52807.5752141679 52739.3591163184 52674.0923035224 52611.7857518636 52552.4499904619 52496.0950928733 52442.7306687972 52392.3658561054 52345.0093132096 52300.6692117797 52259.3532298286 52221.0685451763 52185.8218293053 52153.6192416212 52124.4664241275 52098.3684965278 52075.3300517625 52055.3551519918 52038.4473250307 52024.6095612451 52013.844310914 52006.153482064 52001.5384387808 52000 52000 52000 51923.0199429887 51779.532635975 51638.7451435451 51500.6796071663 51365.3579759744 51232.8019924735 51103.0331780805
53680.5365099866 53571.6342853193 53465.5028967277 53362.158876867 53261.6184508132 53163.897524542 53069.0116734804 52976.9761311459 52887.8057778918 52801.5151297763 52718.1183275731 52637.6291259399 52560.0608827653 52485.4265487097 52413.738656959 52345.0093132096 52279.2501859007 52216.4724967131 52156.6870113507 52099.9040306218 52046.1333818373 51995.3844105417 51947.6659725921 51902.9864266017 51861.3536267614 51822.774916054 51787.2571198746 51754.8065400693 51725.4289494055 51699.1295864834 51675.9131510997 51655.7838000741 51638.7451435451 51624.8002417443 51613.9516022558 51606.2011777654 51601.5503643059 51600 51600 51600 51550.3637232561 51405.8362445355 51264.0224719052 51124.9449877455 50988.6261827086 50855.088241001 50724.3531254958
53296.1537073737 53186.4644435029 53079.562922089 52975.4660196586 52874.190301129 52775.7520079061 52680.1670460525 52587.4509745433 52497.6189936267 52410.6859333094 52326.6662419841 52245.5739752182 52167.4227847227 52092.2259075191 52019.9961553247 51950.7459041735 51884.4870842914 51821.2311702453 51760.9891713827 51703.7716225809 51649.5885753217 51598.4495891107 51550.3637232561 51505.3395290236 51463.3850421831 51424.5077759622 51388.7147144195 51356.0123062529 51326.4064590538 51299.9025340205 51276.5053411404 51256.2191348523 51239.0476101967 51224.9938994628 51214.0605693397 51206.2496185768 51201.5624761589 51200 51200 51200 51178.1203249983 51032.5386395778 50889.6846128958 50749.5812790608 50612.2514812372 50477.7178564959 50346.0028204822
52912.0024191109 52801.5151297763 52693.8326562037 52588.9722280251 52486.9507592125 52387.7848357802 52291.4907035552 52198.0842560338 52107.5810223426 52019.9961553247 51935.3444197687 51853.6401808012 51774.8973924623 51699.1295864834 51626.3498612869 51556.5708712284 51489.8048160993 51426.0634309102 51365.3579759744 51307.699227309 51253.0974673726 51201.5624761589 51153.1035226603 51107.7293567225 51065.4482013034 51026.2677451526 50990.1951359278 50957.2369737607 50927.3993052856 50900.6876181452 50877.1068359827 50856.6613139321 50839.3548346161 50825.1906046598 50814.1712517286 50806.2988220949 50801.5747787409 50800 50800 50800 50800 50659.6486367602 50515.7401212731 50374.5967725797 50236.2418976579 50100.6985979238 49967.9897534412
52528.0877245688 52416.7912028197 52308.3167383543 52202.6819234414 52099.9040306218 52000 51902.9864266017 51808.879547815 51717.6952309362 51629.4489608402 51544.1558277949 51461.8305154412 51382.4872889587 51306.1399834367 51232.8019924735 51162.4862570223 51095.205254505 51030.9709882146 50969.7949770254 50911.6882454314 50856.6613139321 50804.7241897838 50755.8863581358 50710.1567735695 50667.5438520558 50628.0554633496 50591.6989238353 50558.4809898399 50528.4078514255 50501.4851266772 50477.7178564959 50457.1104999087 50439.6669299075 50425.3904298222 50414.28369024 50406.3488064748 50401.5872765928 50400 50400 50400 50400 50287.1753034509 50142.1977978628 50000 49860.6056922697 49724.0384522416 49590.3216363839
52144.4148495311 52032.2976621252 51923.0199429887 51816.5996568667 51713.0544446951 51612.4016104657 51514.658108154 51419.8405287298 51327.9650872699 51239.0476101967 51153.1035226603 51070.1478360891 50990.1951359278 50913.2595695856 50839.3548346161 50768.4941671506 50700.690330606 50635.9556046887 50574.3017747156 50515.7401212731 50460.2814102339 50407.9358831524 50358.7132480567 50312.6226706579 50269.6727659928 50229.8715905187 50193.2266346765 50159.7448159378 50129.432472351 50102.2953566002 50078.3386305896 50057.5668605656 50039.9840127872 50025.5934497533 50014.397926997 50006.3995904524 50001.5999744008 50000 50000 50000 50000 49915.1279673808 49769.0666981007 49625.7997416666 49485.3513678543 49347.7456425316 49213.0064109073
51760.9891713827 51648.0396530207 51537.9471845746 51430.7301134254 51326.4064590538 51224.9938994628 51126.509757659 51030.9709882146 50938.394163931 50848.7954626263 50762.1906540685 50678.5950870779 50598.0236768196 50520.4908923102 50446.0107441609 50374.5967725797 50306.2620356552 50241.0190979443 50178.8800193866 50119.8563445667 50063.9590923451 50011.1987458809 49961.5852430645 49915.1279673808 49871.8357392226 49831.7168076718 49794.7788427662 49761.0289282688 49730.4735549542 49703.118614429 49678.9693934969 49658.0305690832 49640.3062037292 49625.7997416666 49614.5140054803 49606.451193368 49601.6128770023 49600 49600 49600 49600 49543.5162256374 49396.3561409139 49252.0050353283 49110.4876782954 48971.8286364722 48836.0522565041
51377.8162245146 51264.0224719052 51153.1035226603 51045.0781172877 50939.9646642987 50837.7812261708 50738.5455053651 50642.2748304221 50548.9861421572 50458.6959799795 50371.4204683569 50287.1753034509 50205.9757399455 50127.836578093 50052.7721510008 49980.7963121837 49911.922423405 49846.1633428291 49783.5314135106 49724.0384522416 49667.6957387798 49614.5140054803 49564.5034273521 49517.6736125598 49474.0335933912 49433.5918177104 49396.3561409139 49362.3338184085 49331.5314986267 49303.9552165949 49279.6103880702 49258.5018042571 49240.6336271173 49226.0093852833 49214.6319705837 49206.5036351903 49201.6259893919 49200 49200 49200 49200 49172.3499540138 49024.0757179572 48878.6251852484 48736.0236375517 48596.2961551598 48459.4675992215
50994.9017059549 50880.2515717051 50768.4941671506 50659.6486367602 50553.7337889102 50450.7680813682 50350.7696068292 50253.7560785261 50159.7448159378 50068.7527306203 49980.7963121837 49895.8916144406 49814.0542417499 49735.2993355826 49659.6415613323 49587.0950953976 49517.6736125598 49451.3902736819 49388.2577137522 49328.2880302976 49271.4927721903 49217.8829288705 49167.4689200085 49120.260585628 49076.2671767118 49035.4973463103 48997.9591411724 48963.6599939179 48932.6067157678 48904.8054898494 48880.2618650923 48858.9807507279 48840.9664114051 48826.2224629348 48814.7518686718 48806.5569365429 48801.6393167279 48800 48800 48800 48800 48800 48652.2353032212 48505.6697716875 48361.9685290001 48221.1571822991 48083.2611206852
50612.2514812372 50496.7325675632 50384.1244838094 50274.4467895968 50167.7187043621 50063.9590923451 49963.1864476236 49865.4188792193 49770.6740962989 49678.9693934969 49590.3216363839 49504.7472471075 49422.2621902316 49342.8819587993 49266.6215606469 49193.4955049954 49123.517789344 49056.7018866943 48993.0607331283 48932.6067157678 48875.351661139 48821.3068239678 48770.4828764284 48722.8898978704 48678.5373650442 48637.4341428493 48599.5884756239 48565.0079789966 48533.6996323173 48505.6697716875 48480.9240836022 48459.4675992215 48441.3046892835 48426.4390596707 48414.8737476408 48406.6111187305 48401.6528643393 48400 48400 48400 48400 48400 48280.8450630268 48133.1486607722 47988.3319151645 47846.4209737782 47707.4417675063
50229.8715905187 50113.4712427706 50000 49889.4778485404 49781.9244304597 49677.3590280321 49575.8005482514 49477.2675074119 49381.7780157823 49289.349762398 49200 49113.7455301466 49030.6026885251 48950.5873304907 48873.7148168624 48800 48729.4572101927 48662.1002423858 48597.9423432721 48536.996198776 48479.2739219556 48424.787041349 48373.5464897913 48325.5625937247 48280.8450630268 48239.4029813803 48201.2447972041 48166.3783151692 48134.8106883158 48106.5484107933 48081.5973112375 48059.9625468019 48041.6485978573 48026.6592633716 48014.9976569821 48006.666203768 48001.6666377325 48000 48000 48000 48000 48000 47909.9154664251 47761.0720147695 47615.1236478495 47472.097067646 47332.0187610881
49847.768254958 49730.4735549542 49616.1264106742 49504.7472471075 49396.3561409139 49290.9728043584 49188.6165692836 49089.3063711436 48993.0607331283 48899.8977504043 48809.8350745011 48722.8898978704 48639.0789386477 48558.4184256448 48480.9240836022 48406.6111187305 48335.4942045698 48267.5874681965 48202.9044768051 48141.4582246944 48083.2611206852 48028.3249759972 47976.6609926118 47928.2797521463 47883.1912052653 47841.4046616527 47802.9287805674 47767.7715620061 47735.9403384913 47707.4417675063 47682.2818245939 47660.4657971363 47641.9982788296 47626.8831648681 47615.1236478495 47606.72221441 47601.6806425992 47600 47600 47600 47600 47600 47539.4572960189 47389.4503027836 47242.3538786966 47098.1952945121 46957.001607854
49465.9478833672 49347.7456425316 49232.509584623 49120.260585628 49011.0191691624 48904.8054898494 48801.6393167279 48701.5400167182 48604.5265381734 48510.6173945457 48419.8306481962 48332.1838943783 48247.6942454248 48166.3783151692 48088.2522036308 48013.3314819957 47941.631177923 47873.165761207 47807.9491298257 47745.9945964057 47687.3148751321 47631.9220691334 47579.827658368 47531.0424880414 47485.5767575798 47443.4400101848 47404.6411229955 47369.1882978799 47337.0890528769 47308.3502143121 47282.9779096029 47260.9775607742 47242.3538786966 47227.1108580654 47215.2517731294 47206.7791741822 47201.6948848238 47200 47200 47200 47200 47200 47169.4816592254 47018.2943118952 46870.0330701825 46724.7257883875 46582.4001099128
49084.4170791505 48965.2938314476 48849.1555710025 48736.0236375517 48625.9190144515 48518.8623114763 48414.8737476408 48313.9731340737 48216.1798569733 48121.5128606739 48029.9906308548 47941.631177923 47856.4520206001 47774.4701697465 47695.7021124545 47620.1637964424 47547.8706147815 47478.8373909893 47413.0783645188 47350.6071766773 47291.436857004 47235.5798101389 47183.04780321 47133.851953771 47088.0027183146 47045.5098813904 47006.3825453523 46970.6291207601 46938.2573174591 46909.2741363582 46883.6858619286 46861.4980554399 46842.7155489517 46827.3424400745 46815.3820875148 46806.8371074141 46801.709370492 46800 46800 46800 46800 46800 46800 46647.6151587624 46498.17200708 46351.6989979871 46208.2243761865
48703.1826475437 48583.1246422047 48466.0706061467 48352.042356037 48241.0613481917 48133.1486607722 48028.3249759972 47926.6105624005 47828.0252571649 47732.5884485642 47640.3190585454 47551.2355254835 47465.3557871423 47382.6972638747 47303.2768420963 47227.1108580654 47154.2150820051 47084.6047025989 47018.2943118952 46955.2978906534 46895.6287941637 46839.2997385742 46786.322787755 46736.7093407313 46690.470119715 46647.6151587624 46608.1537930865 46572.0946490492 46539.445634859 46510.2139319956 46484.4059873846 46462.0275063411 46443.0834463002 46427.5780113501 46415.5146475831 46406.8960392742 46401.7241058993 46400 46400 46400 46400 46400 46400 46277.4243017046 46126.7818084028 45979.1256985167 45834.4848340199
48322.2516031693 48201.2447972041 48083.2611206852 47968.3228808346 47856.4520206001 47747.6701002258 47641.9982788296 47539.4572960189 47440.0674535777 47343.8485972571 47250.8200987031 47161.0008375565 47074.4091837593 46991.0629801029 46910.9795250536 46834.1755558908 46760.6672321942 46690.470119715 46623.5991746669 46560.0687284716 46499.892472994 46443.0834463002 46389.6540189728 46339.6158810148 46292.9800293738 46249.7567561171 46209.9556372867 46173.5855224608 46140.6545250498 46111.1700133493 46085.1386023738 46062.5661464925 46043.4577328854 46027.817675836 46015.649511878 46006.9559958057 46001.7390975602 46000 46000 46000 46000 46000 46000 45907.7335532914 45755.8739398561 45607.0170039655 45461.1922412952
47941.631177923 47819.6612284111 47700.7337469771 47584.8715454818 47472.097067646 47362.4323699702 47255.8991026517 47152.5184905324 47052.3113141108 46955.2978906534 46861.4980554399 46770.9311431791 46683.6159696311 46599.5708134742 46518.813398452 46441.36087584 46367.229807268 46296.4361479369 46228.9952302665 46164.9217480112 46104.2297408817 46046.9325797061 45993.0429521683 45942.5728491559 45895.5335517521 45851.9356189027 45811.7888757905 45775.1024029439 45741.8845261102 45712.1428069173 45685.8840343492 45663.1142170571 45643.8385765264 45628.0615411174 45615.7867409957 45607.0170039655 45601.7543522176 45600 45600 45600 45600 45600 45600 45538.555093459 45385.4602268171 45235.3843799298 45088.3576990779
47561.3288292075 47438.3810853617 47318.4953268804 47201.6948848238 47088.0027183146 46977.4413947801 46870.0330701825 46765.7994692703 46664.7618658876 46566.9410633767 46472.3573751106 46381.0306051946 46292.9800293738 46208.2243761865 46126.7818084028 46048.6699047866 45973.9056422227 45902.5053782471 45834.4848340199 45769.8590777817 45708.6425088298 45650.8488420533 45596.4910930655 45545.5815639673 45498.1318297796 45454.1527255761 45413.6543343519 45376.6459756558 45343.1361950185 45313.1327542027 45286.6426223009 45263.671967705 45244.2261509687 45228.3097185822 45215.9263976754 45207.0790916644 45201.7698768533 45200 45200 45200 45200 45200 45200 45169.9014831779 45015.55286787 44864.2396569918 44715.9926648174
47181.3522485314 47057.4117435288 46936.5529198726 46818.7996428785 46704.1754022057 46592.7032913953 46484.4059873846 46379.3057300344 46277.4243017046 46178.7830069178 46083.402652148 45991.3035257754 45902.5053782471 45817.0274024843 45734.8882145786 45656.1058348169 45580.6976690792 45508.6804906493 45440.0704224806 45374.8829199591 45313.1327542027 45254.833995939 45200 45148.6433904719 45100.7760465383 45056.4090890519 45015.55286787 44978.2169499859 44944.4101084885 44914.1403123782 44887.4147172679 44864.2396569918 44844.6206361477 44828.5623235901 44816.0685468951 44807.1422878094 44801.7856786981 44800 44800 44800 44800 44800 44800 44800 44646.1644489199 44493.5950446803 44344.1089661299
46801.709370492 46676.7608130641 46554.9138115409 46436.1927810625 46320.6217574851 46208.2243761865 46099.0238508366 45993.0429521683 45890.3039867901 45790.828776077 45694.6386351835 45601.7543522176 45512.1961676208 45425.9837537945 45343.1361950185 45263.671967705 45187.6089210306 45114.9642579932 45045.7545169353 44979.9955535792 44917.7025236153 44858.8898658895 44803.5712862267 44751.7597419364 44703.4674270352 44658.7057582281 44617.485361683 44579.8160606344 44545.7068638494 44515.1659549866 44488.2006828777 44464.8175527574 44445.0222184667 44428.8194756512 44416.2132559722 44407.206622349 44401.8017652437 44400 44400 44400 44400 44400 44400 44400 44277.3079579145 44123.4631460406 43972.7188151927
