cenop/data/UserDefined/disttocoast.asc
NCOLS 400 
NROWS 400 
XLLCORNER 3976618.40818195 
YLLCORNER 3363922.87082193 
CELLSIZE 400 
NODATA_value -9999 
[rows 340 to 359 of 400, columns 235 to 281 of 400]
4000 4000 4000 4000 4000 4000 4000 4000 4000 4000 4000 4000 4000 4000 4000 4000 4000 4000 4019.95024844836 4079.21561087423 4176.12260356422 4308.1318457076 4472.13595499958 4664.76151587624 4882.62224629348 5122.49938994628 5381.44961882948 5215.36192416212 4816.63783151692 4418.1444068749 4019.95024844836 3622.15405525497 3224.90309931942 2828.42712474619 2433.10501211929 2039.60780543711 1649.24225024706 1264.91106406735 894.427190999916 565.685424949238 400 400 400 565.685424949238 800 800 894.427190999916
3600 3600 3600 3600 3600 3600 3600 3600 3600 3600 3600 3600 3600 3600 3600 3600 3600 3600 3622.15405525497 3687.81778291716 3794.73319220206 3939.54312071844 4118.2520563948 4326.66153055679 4560.70170039655 4816.63783151692 5091.16882454314 5200 4800 4400 4000 3600 3200 2800 2400 2000 1600 1200 800 400 0 0 0 400 400 400 565.685424949238
3200 3200 3200 3200 3200 3200 3200 3200 3200 3200 3200 3200 3200 3200 3200 3200 3200 3200 3224.90309931942 3298.48450049413 3417.60149812701 3577.70876399966 3773.59245282264 4000 4252.05832509386 4525.4833995939 4816.63783151692 5091.16882454314 4816.63783151692 4418.1444068749 4019.95024844836 3622.15405525497 3224.90309931942 2828.42712474619 2433.10501211929 2039.60780543711 1649.24225024706 1264.91106406735 894.427190999916 565.685424949238 400 400 0 0 0 0 400
2800 2800 2800 2800 2800 2800 2800 2800 2800 2800 2800 2800 2800 2800 2800 2800 2800 2800 2828.42712474619 2912.04395571221 3046.30924234556 3224.90309931942 3440.93010681705 3687.81778291716 3959.79797464467 4252.05832509386 4525.4833995939 4816.63783151692 4866.21002423858 4472.13595499958 4079.21561087423 3687.81778291716 3298.48450049413 2912.04395571221 2529.8221281347 2154.0659228538 1788.85438199983 1442.2205101856 1131.37084989848 894.427190999916 800 565.685424949238 400 0 0 0 400
2400 2400 2400 2400 2400 2400 2400 2400 2400 2400 2400 2400 2400 2400 2400 2400 2400 2400 2433.10501211929 2529.8221281347 2683.28157299975 2884.44102037119 3124.09987036266 3394.11254969543 3687.81778291716 3959.79797464467 4252.05832509386 4560.70170039655 4882.62224629348 4560.70170039655 4176.12260356422 3794.73319220206 3417.60149812701 3046.30924234556 2683.28157299975 2332.38075793812 2000 1697.05627484771 1442.2205101856 1264.91106406735 1131.37084989848 894.427190999916 565.685424949238 400 400 400 565.685424949238
2000 2000 2000 2000 2000 2000 2000 2000 2000 2000 2000 2000 2000 2000 2000 2000 2000 2000 2039.60780543711 2154.0659228538 2332.38075793812 2561.24969497314 2828.42712474619 3124.09987036266 3394.11254969543 3687.81778291716 4000 4326.66153055679 4664.76151587624 4681.87996428785 4308.1318457076 3939.54312071844 3577.70876399966 3224.90309931942 2884.44102037119 2561.24969497314 2262.74169979695 2000 1788.85438199983 1649.24225024706 1442.2205101856 1131.37084989848 894.427190999916 800 800 800 894.427190999916
1600 1600 1600 1600 1600 1600 1600 1600 1600 1600 1600 1600 1600 1600 1600 1600 1600 1600 1649.24225024706 1788.85438199983 2000 2262.74169979695 2561.24969497314 2828.42712474619 3124.09987036266 3440.93010681705 3773.59245282264 4118.2520563948 4472.13595499958 4833.21838943783 4472.13595499958 4118.2520563948 3773.59245282264 3440.93010681705 3124.09987036266 2828.42712474619 2561.24969497314 2332.38075793812 2154.0659228538 2000 1697.05627484771 1442.2205101856 1264.91106406735 1200 1200 1200 1264.91106406735
1200 1200 1200 1200 1200 1200 1200 1200 1200 1200 1200 1200 1200 1200 1200 1200 1200 1200 1264.91106406735 1442.2205101856 1697.05627484771 2000 2262.74169979695 2561.24969497314 2884.44102037119 3224.90309931942 3577.70876399966 3939.54312071844 4308.1318457076 4681.87996428785 4664.76151587624 4326.66153055679 4000 3687.81778291716 3394.11254969543 3124.09987036266 2884.44102037119 2683.28157299975 2529.8221281347 2262.74169979695 2000 1788.85438199983 1649.24225024706 1600 1600 1600 1649.24225024706
800 800 800 800 800 800 800 800 800 800 800 800 800 800 800 800 800 800 894.427190999916 1131.37084989848 1442.2205101856 1697.05627484771 2000 2332.38075793812 2683.28157299975 3046.30924234556 3417.60149812701 3794.73319220206 4176.12260356422 4560.70170039655 4882.62224629348 4560.70170039655 4252.05832509386 3959.79797464467 3687.81778291716 3440.93010681705 3224.90309931942 3046.30924234556 2828.42712474619 2561.24969497314 2332.38075793812 2154.0659228538 2039.60780543711 2000 2000 2000 2039.60780543711
400 400 400 400 400 400 400 400 400 400 400 400 400 400 400 400 400 400 565.685424949238 894.427190999916 1131.37084989848 1442.2205101856 1788.85438199983 2154.0659228538 2529.8221281347 2912.04395571221 3298.48450049413 3687.81778291716 4079.21561087423 4472.13595499958 4866.21002423858 4816.63783151692 4525.4833995939 4252.05832509386 4000 3773.59245282264 3577.70876399966 3394.11254969543 3124.09987036266 2884.44102037119 2683.28157299975 2529.8221281347 2433.10501211929 2400 2400 2400 2433.10501211929
0 0 0 0 0 0 0 0 0 0 0 0 0 0 0 0 0 0 400 565.685424949238 894.427190999916 1264.91106406735 1649.24225024706 2039.60780543711 2433.10501211929 2828.42712474619 3224.90309931942 3622.15405525497 4019.95024844836 4418.1444068749 4816.63783151692 5091.16882454314 4816.63783151692 4560.70170039655 4326.66153055679 4118.2520563948 3939.54312071844 3687.81778291716 3440.93010681705 3224.90309931942 3046.30924234556 2912.04395571221 2828.42712474619 2800 2800 2800 2828.42712474619
0 0 0 0 0 0 0 0 0 0 0 0 0 0 0 0 0 0 0 400 800 1200 1600 2000 2400 2800 3200 3600 4000 4400 4800 5200 5122.49938994628 4882.62224629348 4664.76151587624 4472.13595499958 4252.05832509386 4000 3773.59245282264 3577.70876399966 3417.60149812701 3298.48450049413 3224.90309931942 3200 3200 3200 3224.90309931942
0 0 0 0 0 0 0 0 0 0 0 0 0 0 0 0 400 400 400 565.685424949238 894.427190999916 1264.91106406735 1649.24225024706 2039.60780543711 2433.10501211929 2828.42712474619 3224.90309931942 3622.15405525497 4019.95024844836 4418.1444068749 4816.63783151692 5215.36192416212 5440.58820349418 5215.36192416212 5011.98563445667 4816.63783151692 4560.70170039655 4326.66153055679 4118.2520563948 3939.54312071844 3794.73319220206 3687.81778291716 3622.15405525497 3600 3600 3600 3622.15405525497
0 0 0 0 0 0 0 0 0 0 0 0 0 0 400 400 565.685424949238 800 800 894.427190999916 1131.37084989848 1442.2205101856 1788.85438199983 2154.0659228538 2529.8221281347 2912.04395571221 3298.48450049413 3687.81778291716 4079.21561087423 4472.13595499958 4866.21002423858 5261.17857518636 5656.85424949238 5556.97759577992 5366.5631459995 5122.49938994628 4882.62224629348 4664.76151587624 4472.13595499958 4308.1318457076 4176.12260356422 4079.21561087423 4019.95024844836 4000 4000 4000 4019.95024844836
0 0 0 0 0 0 0 0 0 0 400 400 400 400 565.685424949238 800 894.427190999916 1131.37084989848 1200 1264.91106406735 1442.2205101856 1697.05627484771 2000 2332.38075793812 2683.28157299975 3046.30924234556 3417.60149812701 3794.73319220206 4176.12260356422 4560.70170039655 4947.72675074119 5336.66562565053 5727.12842531054 5905.92922409336 5685.06816142076 5440.58820349418 5215.36192416212 5011.98563445667 4833.21838943783 4681.87996428785 4560.70170039655 4472.13595499958 4418.1444068749 4400 4400 4400 4418.1444068749
0 0 0 0 0 0 0 0 400 400 565.685424949238 800 800 800 894.427190999916 1131.37084989848 1264.91106406735 1442.2205101856 1600 1649.24225024706 1788.85438199983 2000 2262.74169979695 2561.24969497314 2884.44102037119 3224.90309931942 3577.70876399966 3939.54312071844 4308.1318457076 4681.87996428785 5059.64425626941 5440.58820349418 5824.08791142441 6209.66987850401 6000 5768.88204074238 5556.97759577992 5366.5631459995 5200 5059.64425626941 4947.72675074119 4866.21002423858 4816.63783151692 4800 4800 4800 4816.63783151692
0 0 0 0 0 0 0 400 565.685424949238 800 894.427190999916 1131.37084989848 1200 1200 1264.91106406735 1442.2205101856 1649.24225024706 1788.85438199983 2000 2039.60780543711 2154.0659228538 2332.38075793812 2561.24969497314 2828.42712474619 3124.09987036266 3440.93010681705 3773.59245282264 4118.2520563948 4472.13595499958 4833.21838943783 5200 5571.35531087365 5946.4274989274 6324.55532033676 6324.55532033676 6105.7350089895 5905.92922409336 5727.12842531054 5571.35531087365 5440.58820349418 5336.66562565053 5261.17857518636 5215.36192416212 5200 5200 5200 5215.36192416212
0 0 0 0 0 400 400 565.685424949238 894.427190999916 1131.37084989848 1264.91106406735 1442.2205101856 1600 1600 1649.24225024706 1788.85438199983 2000 2154.0659228538 2332.38075793812 2433.10501211929 2529.8221281347 2683.28157299975 2884.44102037119 3124.09987036266 3394.11254969543 3687.81778291716 4000 4326.66153055679 4664.76151587624 5011.98563445667 5366.5631459995 5727.12842531054 6092.61848469113 6462.1977685614 6657.3267908373 6449.80619863884 6260.99033699941 6092.61848469113 5946.4274989274 5824.08791142441 5727.12842531054 5656.85424949238 5614.26753904728 5600 5600 5600 5614.26753904728
400 400 400 400 400 565.685424949238 800 894.427190999916 1131.37084989848 1442.2205101856 1649.24225024706 1788.85438199983 2000 2000 2039.60780543711 2154.0659228538 2332.38075793812 2529.8221281347 2683.28157299975 2828.42712474619 2912.04395571221 3046.30924234556 3224.90309931942 3440.93010681705 3687.81778291716 3959.79797464467 4252.05832509386 4560.70170039655 4882.62224629348 5215.36192416212 5556.97759577992 5905.92922409336 6260.99033699941 6596.96900098826 6511.52823843988 6449.80619863884 6412.48781675256 6400 6324.55532033676 6209.66987850401 6118.82341631134 6053.09838016862 6013.31855134916 6000 6000 6000 6000
800 800 800 800 800 894.427190999916 1131.37084989848 1264.91106406735 1442.2205101856 1697.05627484771 2000 2154.0659228538 2332.38075793812 2400 2433.10501211929 2529.8221281347 2683.28157299975 2884.44102037119 3046.30924234556 3224.90309931942 3298.48450049413 3417.60149812701 3577.70876399966 3773.59245282264 4000 4252.05832509386 4525.4833995939 4816.63783151692 5122.49938994628 5440.58820349418 5768.88204074238 6105.7350089895 6324.55532033676 6209.66987850401 6118.82341631134 6053.09838016862 6013.31855134916 6000 5946.4274989274 5824.08791142441 5727.12842531054 5656.85424949238 5614.26753904728 5600 5600 5600 5600
